25
120
323
397
415
432
482
503
533
693
726
767
811
817
929
947
1262
1266
1320
1340
1474
1479
1483
1512
1522
1534
1536
1548
1598
1599
1699
1843
1846
1861
1972
2012
2096
2109
2134
2136
2201
2284
2312
2456
2566
2636
2658
2687
2726
2761
2820
2857
2910
2912
2930
2964
2966
2970
2982
2990
3018
3048
3202
3240
3256
3284
3339
3401
3414
3528
3539
3619
3628
3689
3845
3937
3986
4018
4069
4274
4280
4335
4352
4429
4438
4504
4515
4656
4728
4821
4957
4982
5032
5040
5105
5111
5169
5213
5364
5462
5516
5553
5570
5643
5657
5687
5691
5738
5740
5831
5894
5905
5923
5933
5940
5953
6014
6029
6109
6124
6181
6209
6223
6226
6238
6275
6306
6371
6382
6394
6415
6422
6445
6504
6529
6788
6793
6816
6851
7001
7011
7053
7078
7111
7160
7210
7225
7275
7277
7343
7360
7428
7441
7443
7471
7500
7561
7610
7658
7696
7718
7738
7912
7966
8050
8118
8124
8130
8197
8215
8229
8311
8358
8398
8460
8477
8504
8571
8650
8678
8731
8746
8750
8757
8760
8806
8812
8825
8931
9060
9104
9215
9253
9283
9358
9481
9510
9525
9532
9546
9781
9782
9786
9876
9911
9913
9983
10015
10018
10026
10062
10085
10094
10158
10193
10213
10237
10251
10286
10351
10353
10355
10382
10524
10572
10644
10746
10875
10882
10887
10954
10971
11041
11089
11109
11185
11267
11282
11296
11328
11332
11466
11515
11533
11570
11605
11637
11704
11738
11899
11933
12024
12039
12089
12169
12229
12620
12677
12680
12694
12750
12755
12846
12991
13186
13248
13250
13370
13453
13455
13507
13512
13513
13531
13580
13596
13671
13679
13702
13713
13788
13874
13881
13912
14207
14280
14307
14309
14367
14368
14425
14504
14574
14678
14788
14806
14816
14820
14942
14980
14990
15022
15037
15104
15129
15250
15306
15434
15452
15670
15717
15785
15982
16005
16035
16211
16353
16363
16370
16426
16429
16546
16595
16596
16629
16640
16642
16693
16719
16789
16806
16854
16874
16893
17029
17038
17055
17124
17143
17183
17319
17364
17517
17541
17597
17681
17785
17989
18035
18157
18208
18255
18271
18293
18336
18342
18462
18475
18609
18627
18668
18897
18914
18918
18979
19105
19112
19155
19259
19261
19310
19318
19346
19657
19793
19839
19847
20069
20078
20118
20442
20449
20450
20541
20576
20824
20856
20871
21198
21235
21329
21388
21453
21602
21657
21810
21817
21835
21869
21870
22107
22194
22201
22204
22339
22348
22419
22454
22472
22500
22504
22516
22540
22583
22602
22617
22627
22658
22747
22813
22878
22951
22973
22980
22994
22995
23051
23055
23061
23082
23114
23150
23155
23205
23296
23349
23400
23401
23449
23454
23472
23492
23508
23534
23616
23618
23627
23693
23885
24089
24364
24405
24461
24517
24583
24631
24639
24854
24859
24881
24889
24904
24934
25030
25089
25174
25199
25219
25230
25241
25312
25345
25590
25597
25612
25671
25862
25944
25956
25966
25989
25992
26116
26143
26163
26218
26288
26309
26326
26414
26526
26637
26782
26802
26896
26982
27059
27172
27316
27378
27420
27423
27663
27705
27972
27974
27999
28099
28108
28158
28161
28189
28256
28271
28337
28343
28397
28453
28469
28520
28531
28552
28574
28754
28758
28791
28802
28835
28991
29018
29043
29047
29065
29125
29159
29187
29204
29214
29215
29226
29250
29270
29278
29283
29297
29360
29490
29495
29507
29558
29578
29603
29640
29653
29678
29684
29771
29797
29812
29857
29858
29861
29874
29948
29960
29965
30000
30095
30110
30123
30127
30133
30195
30214
30304
30343
30385
30621
30629
30646
30741
30749
30788
30949
30958
31019
31036
31088
31146
31154
31222
31256
31304
31343
31406
31432
31467
31479
31581
31620
31646
31684
31687
31762
31815
31857
31863
31926
31991
32113
32503
32609
32624
32628
32687
32725
32734
32741
32776
32853
33023
33025
33029
33037
33152
33171
33189
33230
33314
33404
33459
33554
33659
33709
33791
33812
33829
33854
33879
33990
34001
34114
34222
34228
34250
34264
34326
34488
34532
34537
34592
34715
34969
35033
35089
35161
35240
35267
35274
35310
35559
35757
35799
35827
35868
35883
35933
36012
36085
36209
36419
36437
36448
36502
36539
36580
36583
36686
36809
36928
36943
36952
36962
37043
37103
37168
37340
37452
37631
37648
37661
37691
37756
37771
37801
37805
37891
37939
38039
38043
38106
38159
38169
38336
38446
38545
38822
38936
38988
39016
39051
39168
39173
39225
39279
39318
39453
39487
39516
39594
39671
39851
39858
39901
39985
40042
40047
40051
40389
40517
40580
40830
40847
41181
41209
41212
41399
41479
41483
41499
41547
41550
41575
41756
41793
41860
41874
41912
41936
42059
42137
42221
42255
42256
42262
42341
42358
42368
42515
42526
42547
42549
42595
42606
42650
42730
42737
42759
42942
43004
43053
43058
43190
43248
43360
43366
43369
43370
43388
43392
43614
43723
43791
44026
44052
44159
44188
44235
44302
44448
44498
44525
44595
44619
44622
44629
44663
44869
44982
45058
45160
45234
45250
45283
45314
45327
45377
45517
45536
45602
45638
45674
45711
45718
45743
45767
45829
45844
45863
45971
46179
46342
46364
46485
46513
46571
46624
46641
46753
46762
46773
46841
46855
46859
46875
46885
47011
47036
47041
47046
47103
47137
47138
47157
47178
47271
47363
47454
47484
47485
47503
47528
47537
47626
47690
47790
47840
47862
47987
48248
48257
48473
48520
48676
48699
48764
48765
48868
48871
48909
49002
49007
49122
49123
49143
49145
49186
49209
49461
49469
49499
49517
49570
49619
49893
49898
49936
49983
50014
50070
50165
50203
50235
50287
50295
50374
50423
50428
50481
50515
50529
50550
50565
50637
50640
50658
50745
50796
50799
50841
50900
50972
50991
51015
51063
51090
51103
51106
51141
51230
51260
51311
51324
51348
51357
51471
51507
51573
51574
51604
51623
51635
51649
51660
51736
51743
51757
51779
51802
51809
51832
51964
52024
52056
52098
52153
52268
52492
52541
52656
52678
52680
52690
52707
52753
52801
52804
52813
52835
52889
52967
53067
53125
53170
53233
53246
53263
53307
53313
53413
53423
53566
53581
53586
53613
53683
53690
53758
53764
53800
53848
53859
53873
53885
53886
53920
53937
54006
54009
54029
54098
54129
54178
54192
54205
54222
54237
54284
54363
54535
54668
54688
54701
54740
54758
54816
54886
54963
55004
55055
55057
55178
55231
55308
55363
55373
55450
55511
55570
55581
55649
55675
55734
55735
55765
55769
55783
55840
55979
56066
56094
56099
56157
56177
56184
56200
56209
56216
56223
56262
56267
56283
56304
56421
56426
56508
56583
56627
56653
56676
56688
56779
56879
56887
56957
56961
57101
57156
57159
57203
57227
57239
57270
57306
57418
57419
57485
57508
57520
57527
57610
57727
57770
57783
57814
57815
57849
57851
57855
57896
57939
58000
58044
58080
58081
58087
58115
58124
58143
58319
58501
58645
58675
58677
58861
58878
59138
59155
59315
59339
59349
59350
59382
59421
59469
59507
59549
59684
59691
59694
59701
59712
59713
59726
59805
59809
59854
59880
59943
59967
59994
60003
60021
60037
60084
60145
60238
60243
60249
60253
60289
60306
60350
60378
60379
60385
60403
60707
60761
60811
60856
60857
60918
60968
61024
61100
61130
61151
61210
61222
61253
61258
61307
61365
61412
61419
61443
61481
61541
61776
61781
61784
61810
61816
61844
61902
61943
61967
62028
62155
62167
62174
62189
62224
62268
62321
62354
62364
62429
62434
62544
62600
62660
62712
62714
62735
62747
62814
63066
63103
63104
63131
63141
63168
63215
63243
63259
63276
63397
63425
63441
63554
63623
63657
63751
63797
63881
63901
63966
63975
64099
64139
64156
64160
64170
64297
64330
64343
64345
64373
64516
64549
64612
64618
64736
64740
64775
64848
64900
65011
65026
65094
65220
65245
65257
65296
65315
65323
65336
65341
65345
65423
65439
65459
65552
65561
65562
65656
65674
65746
65827
65848
65925
66037
66045
66198
66370
66433
66449
66489
66517
66523
66695
66701
66716
66791
66868
66901
66902
66977
67072
67097
67099
67103
67272
67283
67305
67343
67345
67371
67372
67378
67493
67498
67504
67514
67566
67587
67597
67645
67677
67687
67709
67756
67758
67920
68003
68065
68076
68077
68224
68229
68231
68301
68531
68599
68736
68895
68933
68947
69038
69131
69141
69165
69205
69225
69230
69240
69281
69293
69363
69568
69600
69673
69934
69990
70199
70205
70218
70232
70314
70354
70411
70440
70444
70543
70610
70618
70685
70716
70721
70731
70737
70752
70836
70848
70889
70920
71002
71008
71421
71848
71853
72030
72059
72161
72211
72303
72378
72559
72568
72582
72613
72620
72857
72907
72946
72977
73060
73079
73082
73095
73198
73242
73261
73370
73444
73536
73587
73591
73674
73700
73728
73880
73923
73958
74049
74064
74099
74151
74487
74529
74549
74578
74607
74648
74748
74936
75215
75293
75316
75390
75486
75520
75527
75669
75673
75683
75692
75698
76086
76109
76122
76201
76218
76224
76239
76486
76530
76682
76685
76770
76799
77370
77447
77655
77861
77890
77924
77954
78051
78075
78079
78089
78475
78990
79471
79499
79569
79585
79608
79881
79897
79956
80009
80209
80442
80585
80708
80764
80765
81161
81235
81337
81410
81414
81417
81423
81472
81477
81605
81744
82024
82266
82540
82558
82618
82640
82805
83407
83412
83520
83539
83545
83611
83703
83776
83820
84143
84225
84240
84482
84508
84522
84557
84565
84573
84646
85815
85836
85893
85955
86141
86219
86614
86657
86759
86829
86872
87540
87657
87889
87894
87998
88018
88019
88050
88052
88081
88085
88224
88241
88264
88380
88405
88421
88452
88657
88777
88832
88843
88864
88875
88878
88926
88955
88969
89085
89131
89155
89353
89762
89793
89809
89884
89947
89960
89970
90287
90319
90351
90696
90748
91020
91050
91186
91202
91289
91296
91331
91345
91409
91431
91525
91654
91660
91704
91724
91799
91887
91978
92041
92048
92070
92118
92253
92293
92512
92566
92713
92746
92914
92955
93146
93169
93240
93265
93520
93579
93624
93646
93754
93795
94288
94357
94359
94561
94677
94720
94781
95135
95166
95177
95333
95385
95614
95633
95720
95789
95892
95940
95941
95983
95990
95995
95999
96080
96184
96192
96336
96345
96426
96666
96736
96738
96791
96933
97668
97748
97812
97843
97846
97915
97926
97940
97982
98016
98044
98057
98063
98215
98216
98278
98356
98419
98420
98565
98962
99282
99378
99387
99396
99570
99788
99806
99947
100067
100195
100227
100268
100359
100470
100507
100528
100534
100614
101028
101046
101052
101332
101525
101786
101852
101886
101895
101941
101946
102394
102510
102516
102595
102602
102785
102801
102869
102886
102916
102949
102955
102960
103094
103254
103303
103346
103510
103909
104333
104464
104670
104683
104698
104857
105179
105230
105242
105576
105624
105629
105635
105667
105699
105701
105746
105778
105881
105913
106012
106054
106066
106104
106142
106358
106751
106831
107640
107680
107918
108071
108108
108209
108250
108390
108394
108650
108655
108668
108669
108980
109522
109525
109577
109609
109622
109885
109997
110015
110049
110142
110464
110688
110714
111421
111957
112010
112111
112145
112203
112269
112292
112454
112456
112476
112491
112539
112580
112594
112675
112742
113268
113303
113330
113697
114578
114897
114952
114994
115079
115605
115703
115796
115827
116084
116230
116245
116334
116359
116695
117121
117123
117161
118165
118169
118273
118393
118409
118413
118434
118446
118483
118583
118725
118874
118896
118906
119114
119725
119767
119786
120272
120740
120977
121068
121173
121304
121421
121446
121479
121710
121746
121810
121859
121864
122041
122048
122064
122088
122136
122152
122461
122487
122521
122554
122815
122827
122978
122995
123453
123527
123618
123641
123741
123845
123856
124102
124248
124277
124309
124331
124351
124375
124444
124454
124507
124537
124611
124709
125596
125811
125932
125985
126093
126217
126221
126236
126580
126876
126914
126979
127045
127618
127620
127709
128378
128447
128498
128521
128543
128545
128643
128676
129158
129171
129212
129227
129297
129383
129397
129494
129652
129941
130495
130497
130522
130616
130695
130710
130804
130970
131240
131423
131426
131452
131510
131577
131887
132190
132225
132247
132257
132263
132269
132323
132331
132705
132844
132845
132882
132956
133002
133032
133036
133066
133254
133261
133267
133272
133275
133309
133313
133344
133397
133454
133723
133968
134020
134113
134140
134149
134203
134228
134236
134263
134334
134346
134453
134472
134511
134513
134596
134637
134750
134758
134816
134821
134864
135029
135246
135253
135274
135467
135473
135506
135521
135527
135707
135732
135737
135776
135828
135832
135867
135890
135994
136131
136177
136378
136758
136759
136790
136824
136911
136925
136943
136946
137070
137084
137135
137138
137159
137198
137238
137329
137344
137447
137596
137611
137613
137891
138211
138233
138544
138714
138773
138879
138894
138915
138917
138959
139054
139169
139316
139436
139498
140728
140785
140790
140810
140867
140908
140960
140982
141021
141302
141361
141630
141989
142006
142123
142231
142271
142325
142492
142673
142750
142828
142926
142939
143228
143420
143530
143542
143565
143625
143644
143674
143853
143955
144011
144036
144184
144251
144640
144799
144800
144824
144865
144876
145164
145194
145215
145252
145323
145343
145379
145397
145422
145437
145490
145656
145978
146029
146075
146084
146138
146148
146244
146264
146284
146363
146451
146452
146530
146610
146611
146687
146957
147277
147325
147361
147370
147403
147478
147539
147555
147562
147761
147949
147997
148004
148006
148036
148092
148392
148401
148510
148557
148786
148800
149265
149310
149321
149427
149493
149592
149858
149860
149883
149889
149922
149948
150075
150294
150988
151124
151128
151159
151168
151200
151375
151588
151590
151838
151879
151881
151951
152062
152151
152154
152190
152197
152223
152343
152429
152516
152608
152630
152703
152834
152990
153215
153229
153940
154060
154393
154539
154565
154619
154680
154781
154855
154867
154876
154882
154883
155017
155255
155305
155306
155313
155342
155454
155671
155848
155876
155985
156018
156417
156451
156685
156876
157496
157521
157669
157678
157695
157753
158083
158091
158116
158123
158188
158200
158257
158493
158508
158533
158667
160671
160809
160865
160972
161313
161336
161621
161699
161741
161814
161826
161909
161934
161954
162377
162667
162685
162706
162724
162830
162992
163086
163216
163222
163367
163389
163398
163429
163643
163954
164012
164343
164723
164739
164782
164880
164949
165026
165046
165429
165436
165484
165541
165553
165570
165610
165616
165735
165761
165857
165912
165932
166006
166060
166142
166183
166207
166256
166314
166362
166373
166377
166385
167793
167794
167921
167950
168007
168042
168149
168282
168352
168569
168570
168624
169045
169047
169223
169240
169350
169374
169397
169499
169668
169855
169864
169866
169871
170033
170095
170151
170858
171003
171048
171108
171286
171690
171701
171779
171880
171930
171948
171950
171961
172189
172204
172254
172273
172328
172378
172400
172479
172562
172620
172647
172654
172725
172799
172850
172984
172996
173230
173460
173461
174315
174563
174596
174612
174633
174673
174763
174833
175014
175111
175116
175215
175226
175750
175810
175881
175885
176045
176068
176237
176468
176502
176735
177050
177058
177176
177231
177302
177445
177474
177477
177514
177517
177901
178082
178136
178157
178244
178443
178498
178536
178622
178661
178781
178842
178847
178871
178914
178939
178962
179162
179166
179208
179226
179274
179494
179531
179849
179986
180003
180137
180175
180348
180611
180877
181059
181468
181562
181583
181696
181743
181772
182108
182195
182201
182215
182305
182355
182465
182514
182659
182753
183104
183811
184004
184061
184121
184148
184155
184177
184215
184236
184255
184356
184385
184427
184453
184488
184496
184510
184530
184536
184539
184610
184615
184642
185207
186277
186286
186604
186639
186665
186705
186936
187002
187030
187084
187182
187593
187661
187741
187747
187790
187798
187805
187814
187874
187899
187930
188076
188618
188649
188737
188960
188968
189070
189163
189257
189315
189331
189399
189415
189419
189488
189543
189642
189798
189829
189876
189907
189937
189948
189966
189968
190008
190070
190075
190133
190169
190208
190222
190263
190314
190316
190360
190388
190403
190410
190439
190470
190524
190596
190686
190700
190702
190708
193150
193169
193186
193214
193224
193337
193384
193477
193496
193964
194284
194297
194458
194464
194537
194538
194560
194677
194704
195365
195449
195457
195608
195629
195648
195816
195852
195858
195890
195902
195948
195971
196098
196126
196164
196250
196282
196344
196526
196687
196746
196766
196958
197444
197541
197855
197925
197940
198065
198068
198304
198485
198525
198710
198825
199789
199918
200110
200147
200953
201038
201102
201543
201605
201651
201870
201888
202011
202032
202067
202087
202110
202323
202442
202605
202609
202640
202742
202777
202826
202859
202872
202899
202902
202910
203261
203276
203323
203346
203361
203505
203820
204117
204204
204255
204305
204335
204368
204489
204492
204497
204505
204618
204633
204730
204839
204872
204878
204943
205104
205167
205228
205236
205254
205260
205358
205389
205396
205400
205422
205449
205478
205609
205611
205628
205655
205766
205825
206334
206842
206866
206914
206919
206963
207026
207032
207289
207552
207873
207915
207947
207959
208076
208122
208249
208291
208293
208305
208468
208572
208698
208744
208874
209305
209324
209327
209611
209628
209749
209951
210031
210141
210168
210180
210398
210472
210515
210527
210532
210555
210583
210593
210611
210655
210660
210680
210745
210776
210784
210787
210813
210872
210875
210951
210964
210974
211003
211006
211036
211037
211053
211078
211091
211108
211139
211207
211263
211396
211428
211490
211709
211778
211827
211956
211981
212019
212056
212093
212260
212286
212378
212477
212510
212566
212568
212600
212674
212731
212790
212839
212924
212982
213101
213171
213174
213189
213232
213278
213342
213423
213481
213545
213566
213611
213646
213705
214011
214064
214073
214141
214221
214237
214375
214449
214519
214546
214630
214634
214671
214697
214881
214943
215081
215239
215288
215324
215343
215422
215430
215528
215555
215557
215700
215735
215758
215823
216057
216192
216249
216299
216407
216516
216591
216864
216916
217208
217287
217439
217484
217551
217587
217832
217902
218720
218868
219017
219637
219658
219706
220712
220728
220903
220949
221077
221099
221209
221751
221990
222019
222080
222088
222090
222092
222106
222294
222864
222941
223028
223114
223174
223219
223243
223246
223370
223425
223664
223769
223828
223845
223909
223918
224015
224064
224175
224421
224582
224583
224661
224679
225023
225507
225551
225629
226036
226140
226166
226194
226272
226359
226475
226514
226574
226783
226812
226961
226967
227000
227087
227093
227147
227152
227157
227226
227247
227270
227464
227501
227913
227936
228859
228863
228907
228946
228987
229040
229097
229120
229203
229208
229356
229389
229560
229596
230341
230471
230509
230537
230539
230541
230554
230562
230691
230730
230773
231109
231126
231141
231640
231680
231736
231825
231928
232008
232454
232700
232722
233037
233043
233052
233072
233194
233200
233263
233287
233312
233358
233418
233443
233565
233578
233826
233827
233839
233909
233919
234069
234070
234129
234218
234320
234346
234445
234467
234472
234520
234578
234614
234625
234665
234743
234840
234851
234933
234942
234953
235082
235094
235096
235110
235190
235223
235261
235305
237496
237591
237648
237663
237711
237795
237807
237825
237878
238511
238603
238820
239210
239255
239293
239613
239638
239781
239834
239997
240107
240145
240177
240318
240333
240339
240525
241337
241474
241678
241711
241715
241767
241844
241876
241948
242001
242002
242041
242050
242062
242067
242156
242166
242199
243383
243398
243568
243629
243730
243894
243908
244537
244594
244603
244714
244781
244807
244914
245043
245045
245120
245140
245325
246275
246454
246531
246613
246673
246693
246788
246987
247023
247131
247140
247182
247188
247259
247297
247333
247343
247347
247391
247402
247434
247462
247584
247648
247701
247708
247740
247776
247783
247824
247836
247902
247906
247997
248025
248136
248567
248629
248698
248750
248767
248978
249021
249078
249130
249181
249505
249555
249576
249670
249933
250015
250293
250460
250530
250697
250740
250771
251410
251454
251505
251542
251598
251650
251684
251689
251722
251825
251828
251836
251875
251891
251931
251935
251966
252064
252141
252297
252298
252362
252451
252462
252466
252533
252565
252592
252599
252641
252664
252692
252700
252737
252805
252891
253024
253089
253117
253251
253331
253353
253377
253388
253448
253457
253472
253478
253485
253572
253582
253608
253622
253727
253778
253871
254008
254009
254095
254164
254189
254199
254299
254328
254365
254380
254488
254513
254516
254517
254525
254623
254712
254835
255022
255029
255045
255113
255272
255320
255430
255434
255461
255473
255479
255535
255631
256159
256181
256226
256312
256384
256416
256443
256475
256531
256543
256544
256558
256569
256573
256614
256619
256620
256646
256667
256752
256764
256777
256876
256886
256987
257135
257203
257311
257583
257682
257745
257751
257839
257999
258012
258132
258313
258340
258353
258545
258601
258610
258621
258635
258749
258779
258841
258970
259028
259052
259053
259055
259119
259132
259177
259202
259323
259324
259401
259422
259430
259458
259479
259503
259602
259721
259838
259864
259939
260062
260087
260157
260191
260193
260219
260236
260267
260300
260309
260403
260465
260498
260548
260621
260764
260848
260872
260923
260944
260958
261004
261039
261136
261149
261184
261288
261340
261452
261516
261524
261558
261565
261680
261938
261950
261970
261988
262077
262114
262167
262229
262230
262235
262242
262306
262347
262355
262360
262365
262414
262434
262445
262454
262482
262517
262544
262554
262558
262582
262692
262721
262750
262777
262800
262868
262978
263102
263218
263244
263277
263309
263331
263351
263356
263424
263551
263554
263562
263563
263650
263723
263748
263753
263756
263823
263848
263961
264143
264312
264334
264369
264629
264644
264646
264651
264713
264768
264811
264832
264937
264954
264983
264997
265016
265078
265140
265190
265219
265242
265382
265447
265492
265522
265744
265846
265851
265866
265908
265911
266045
266088
266166
266210
266212
266217
266271
266645
266723
266732
267047
267054
267080
267224
267297
267312
267350
267516
267558
267581
267598
267676
267737
267830
267870
267875
267921
267970
267981
267982
268137
268325
268505
268628
268640
268723
268735
268772
268797
268820
268844
268897
268903
268911
268942
268947
268974
269007
269309
269356
269407
269473
269596
269649
269661
269672
269721
269775
269797
269806
269823
269865
269930
269967
270040
270053
270057
270069
270130
270202
270215
270238
270446
270525
270547
270598
270607
270643
270718
270796
270975
271006
271027
271029
271054
271079
271165
271171
271380
271397
271490
271540
271558
271570
271625
271657
271825
271826
271847
271873
271898
271934
271958
271990
271991
272020
272134
272438
272443
272653
272681
272683
272696
272717
272740
272814
272838
272844
272866
272885
272897
272901
273183
273204
273209
273227
273252
273294
273431
273538
273546
273614
273661
273731
273734
273782
273792
273839
273950
273973
274085
274089
274094
274099
274167
274173
274178
274185
274190
274205
274207
274247
274256
274348
274372
274374
274394
274401
274427
274528
274563
274640
274652
274710
274729
274773
274804
274844
274857
274892
274914
274935
274977
275062
275110
275155
275193
275255
275281
275306
275334
275357
275410
275429
275457
275508
275636
275652
275663
275677
275953
275971
275981
275983
275990
276173
276211
276330
276426
276461
276494
276535
276687
276752
276807
277076
277077
277168
277267
277319
277321
277395
277435
277447
277602
277604
277648
277662
277670
277726
277759
277766
277770
277784
277795
277806
277999
278010
278083
278090
278210
278222
278244
278269
278286
278364
278503
278619
278628
278672
278698
278720
278734
278788
278908
278967
279031
279060
279251
279341
279370
279399
279477
279521
279561
279606
279666
279734
279791
279792
279793
279861
279865
279937
279952
280005
280034
280050
280052
280067
280092
280206
280246
280337
280372
280413
280429
280478
280500
280506
280548
280595
280610
280616
280633
280646
280666
280680
280691
280697
280701
280759
280776
280895
280899
280952
280953
280993
281018
281148
281188
281483
281590
281743
281758
281897
281902
282014
282017
282059
282115
282123
282124
282318
282334
282429
282491
282505
282656
282666
312406
312418
312555
312605
312612
312651
312734
312835
313099
313281
313381
313428
313430
313450
313452
313455
313467
313498
313510
313517
313541
313799
313803
313846
313861
314059
314168
314223
314388
314639
314648
314739
314765
314793
314799
315053
315067
315158
315176
315179
315365
315446
315484
315519
315627
315629
315681
315741
315742
315802
315807
316048
316089
316127
316209
316212
316214
316363
316409
316413
316427
316450
316486
316636
316640
316676
316815
316881
316947
316978
317518
317525
317576
317661
317735
317743
317856
317857
317964
317987
318012
318149
318196
318212
318325
318424
318449
318502
318526
318543
318558
318579
318614
318618
318630
318709
318759
318770
318803
318827
318845
318859
318872
318903
318910
318953
319045
319078
319087
319398
319437
319467
319563
319583
319593
320409
320508
320834
320878
320886
320918
320959
320966
321019
321185
321593
321611
321869
321999
322033
322146
322300
322545
322597
322616
322801
322863
322960
322962
323043
323076
323077
323189
323268
323281
323472
324150
324430
327064
327161
327212
327274
327305
327342
327410
327569
327595
327613
327627
327702
327951
328054
328090
328095
328100
328352
328360
328374
328375
328387
328396
328453
328707
328904
328913
329046
329054
329058
329108
329115
329293
329301
329321
329366
329638
329701
329744
329996
330085
330116
330169
330295
330353
330365
330413
330469
330494
330564
330947
330948
330969
331094
331219
331254
331280
331347
331381
331404
331435
335566
335601
335640
335687
335731
335757
335835
335909
335946
336038
336235
336305
336339
336448
336527
336599
336941
337055
337059
337162
337177
337220
337225
337324
337441
337522
337549
337568
337628
337644
337646
337660
337677
337750
337802
337835
337867
337901
337974
337985
338018
338056
338307
338357
338431
338435
338447
338464
338468
338550
338578
338842
339034
339084
339150
339188
339232
339260
339441
339449
339470
339528
339564
339625
339651
339823
339907
339998
340032
340174
340268
340294
340410
340417
340425
340460
340577
340811
340854
341025
341120
341231
341262
341347
342023
342036
342049
342121
342157
342233
342241
342263
342264
342358
342377
342471
342556
343048
343108
343369
343375
343394
343470
343484
343493
343495
343507
343512
343533
343564
343674
343707
343727
343732
343734
343827
343833
343889
343917
343947
344039
344041
344083
344169
344217
344224
344228
344277
344487
344490
344500
344501
344552
344605
344606
344639
344640
344706
344774
344795
344823
344835
344887
344947
345003
345034
345097
345262
345331
345964
346084
346104
346130
346160
346203
346204
346283
346510
346518
346559
346561
346604
346649
346670
346687
346704
346718
346731
346748
346884
346891
346894
346926
346949
346979
347124
347169
347206
347271
347511
347517
347569
347644
347731
347734
347755
347857
347858
347860
347869
347963
347965
348024
348028
348084
348380
348399
348441
348455
348583
348828
348866
348890
349043
349078
349145
349199
349207
349228
349611
349656
349715
349717
349729
349741
349762
349965
350033
350043
350137
350306
350326
350368
350371
350519
350631
350688
350811
350871
350904
350959
351587
351654
351693
351793
351857
351944
352092
352302
352331
352540
352554
352640
353135
353930
353938
353982
354329
354464
354468
354495
354596
354629
354716
354788
354993
355005
355021
355229
355233
355329
355590
355671
355680
355699
355701
355716
355741
355743
355849
355882
356021
356128
356213
356289
356297
356488
356559
357273
357284
357292
357424
357432
357440
357517
357641
357659
357663
359943
360819
360856
360879
360908
361027
361151
361327
361380
361382
361810
361931
362430
362453
365053
365138
365143
365172
365415
365502
365521
365863
365952
366002
366036
366091
366539
368971
368984
369522
369707
369776
369873
370022
370048
371562
371584
371607
371791
371898
373096
373118
373350
373484
373579
373636
374156
374393
374466
374543
375377
375405
375642
375651
375679
375804
375837
375889
376111
376167
376202
376239
376272
376324
376405
376407
376413
376428
376647
376682
376694
376704
376789
377899
377956
378121
378165
378169
378249
378272
378285
378369
378431
378466
378492
378512
378516
378534
378719
378748
378777
378913
379034
379743
380160
380161
380276
380368
380439
380476
380488
380494
380533
381409
381434
381506
383948
384125
384183
384213
384428
384468
384493
384517
384541
384726
385005
385237
385260
386832
387294
387432
387597
389033
389513
389516
389543
389635
389729
389843
390106
390834
391640
392047
392147
392234
392691
392912
392915
392933
392994
393026
393064
393192
393214
393599
393636
394112
394342
394414
394799
394877
394891
394965
394985
395139
395180
395224
395279
395281
395282
395306
395343
395359
395392
395492
395535
396655
396770
396812
397107
397152
397298
397301
397435
397449
397957
398124
398168
398300
399455
399473
399531
399687
400023
400025
400086
400232
400656
400983
401086
401515
401528
401572
401654
401663
401694
401837
401874
401977
402090
402102
402340
402372
402539
402562
402601
402677
402726
402727
402787
402999
403302
403304
403313
403562
403612
403638
403803
403889
404265
404391
404400
404557
404574
404603
404661
404760
404824
405052
405067
405266
405338
405345
405453
405499
405641
405681
405718
405799
405831
406014
406115
406259
407436
407440
407503
407545
407564
407570
407714
407732
407828
407836
407847
407849
407894
407916
407963
408086
408767
408918
408936
408962
408966
409387
409428
409438
409504
409870
411262
411267
411290
411297
411328
411353
411354
411510
412260
412800
412853
413920
414949
415013
415029
415141
415204
415581
421931
422105
422207
422353
422417
422494
422508
422524
422575
424073
424426
426421
426458
426536
427202
427260
427818
427861
427943
428046
428436
428451
428592
428628
428850
428864
429089
429206
429285
429788
429968
430286
489375
489566
489681
489715
489754
489790
489825
489943
490142
490153
490411
490441
490462
490472
490478
490613
490672
490819
490888
490918
491010
491015
491059
491064
491073
491087
491229
491237
491250
491496
491593
491611
491934
492131
492278
492514
492523
492891
492968
492983
492988
493168
493223
493430
493442
493494
493535
494225
494238
494240
494296
494738
494857
494910
494966
495041
495328
495357
495390
495528
495577
495661
495704
495767
495834
495876
495883
495926
496079
496102
496113
496207
496209
496341
496461
496505
496582
496656
496707
496729
496893
496917
496922
496939
496990
497018
497021
497044
497063
497144
497148
497163
497192
497206
497464
497483
497538
497543
497662
497721
497746
497839
497928
498121
498239
498273
498372
498416
498454
498485
498632
498667
498683
498723
498734
498745
498795
498930
498960
499010
499123
499215
499236
499289
499300
499323
499358
499510
499526
499563
499593
499657
499671
499678
499685
499696
499749
499921
499923
499939
499946
500070
500343
500542
500600
500615
500675
500694
500695
500789
500960
500967
500987
501036
501039
501202
501233
501251
501300
501398
501418
501421
501428
501456
501620
501706
501742
501805
501872
501896
501986
502025
502142
502156
502166
502183
502249
502356
502703
502839
502855
502863
502870
503073
503148
503254
503304
503338
503615
503726
503737
503822
504030
504041
504103
504211
504265
504278
504504
504568
504700
504711
504803
504892
504917
504933
504948
504965
505016
505103
505279
505284
505349
505524
505564
505585
505710
505743
505751
506101
506143
506192
506225
506286
506303
506340
506355
506394
506548
506633
506647
506700
506768
506971
507040
507091
507146
507212
507229
507437
507464
507578
507620
507698
507701
507728
507771
507789
507818
507829
507875
507946
507998
508003
508013
508028
508038
508054
508165
508476
508499
508524
508529
508536
508555
508559
508736
508851
509022
509033
509037
509235
509246
509334
509419
509438
509481
509488
509518
509583
509630
509679
509806
509811
509825
509952
510059
510156
510209
510474
510515
510536
510539
510541
510598
510710
510759
510769
510901
510956
511011
511036
511040
511079
511172
511178
511189
511193
511221
511265
511306
511355
511498
511765
511783
511894
511956
511993
512003
512047
512120
512217
512271
512360
512445
512501
512502
512546
512585
512772
512773
512834
512874
512888
512909
512942
513022
513041
513053
513082
513114
513879
513943
514142
514158
514160
514200
514257
514441
514516
514663
514694
514772
514776
514787
514949
514959
514980
515066
515154
515923
516155
516227
516239
516261
516402
516645
516647
516683
516712
516727
516741
516820
516981
517047
517141
517150
517249
517405
517436
517447
517464
517526
517721
517750
517974
517995
518124
518157
518654
518695
518961
518997
519222
519233
519662
519675
519780
519887
519933
520073
520678
550347
550364
550373
551073
551083
551095
551100
551189
551248
551358
551527
551570
552261
552430
552788
553425
553436
553460
553534
553765
554124
554300
554340
555055
555073
555273
555506
555509
555596
555706
555937
556050
556184
556222
556296
556324
556369
556430
556577
556973
557214
557280
566214
566461
566499
571866
572012
572013
572222
572238
572978
573548
573650
573764
574545
574627
574639
574670
574737
574762
574771
574788
574791
574826
575104
575274
575322
575369
575503
575520
575745
577196
577231
577256
577281
577620
577748
577765
577785
578471
578538
579262
579525
580187
580201
580278
580319
580357
580540
580763
580844
580956
581148
581159
581180
581222
581378
581475
581489
581831
581989
582287
582372
582402
583675
583683
583887
583911
584077
584109
584296
584443
584452
584696
585518
585521
585555
585652
585757
585761
586415
586437
586474
586491
586526
3127
4525
5287
13593
14770
26344
28739
44384
44692
46682
47785
48803
49355
53019
55364
57950
59513
60178
60224
61199
62957
65131
75202
79072
85719
88329
89499
89951
94890
96167
102455
105401
105744
108273
108839
114661
117742
134184
135090
136327
136448
136655
139877
142274
143596
149161
154429
154997
160292
174418
176309
180590
182554
183888
184345
186186
187011
187429
191199
198550
199595
210007
210276
210336
212616
213284
219748
220136
221011
229233
229611
237575
237689
238240
246437
252968
258411
258924
260623
278220
279776
279987
280065
283720
284110
286248
289166
297360
307350
309450
325101
325801
327718
329883
330657
333739
334553
342037
342555
342574
344602
353470
355527
361500
363634
364802
371724
384440
384707
391819
397337
401377
405887
407856
410673
411997
414088
418818
421283
422800
426052
428254
454277
456896
456922
456955
457943
458485
459157
460515
462819
462990
467299
468328
472985
474932
476364
479459
488561
489022
491765
493576
497605
502408
505966
513892
514846
515444
518852
522828
523689
528640
528925
531593
533182
535101
535881
547129
553695
554261
556677
560384
568379
569472
582072
592006
599110
600875
602088
604295
611698
612697
614602
618594
620168
620202
621902
622327
624578
629537
634407
635304
638529
639480
646979
647282
648989
652121
655285
656513
662543
662906
665754
665863
681179
687355
688682
690097
690730
698488
701531
703233
713044
735580
745150
747595
749712
767782
772466
786606
787057
789235
789721
792579
794191
807168
807393
809384
810540
817643
819683
828816
829086
834685
849484
859116
861803
869061
878724
893705
924809
937144
944009
967717
2028
12055
13620
24720
37275
43528
46804
47222
64992
66613
71231
71929
72033
84349
89069
99509
104534
110332
125071
138940
139070
141438
142099
143661
146985
149805
153203
154413
163490
163994
164997
168070
187575
188603
189432
191548
192125
210278
215067
228860
229170
230859
238978
249786
264359
265527
265937
268972
274749
282737
291968
309653
310828
340352
346671
361601
364077
368925
371431
373987
392785
394071
408493
417876
426050
443800
444390
452392
452893
457923
464994
472300
487636
504147
504627
506256
506708
520328
521115
521502
531510
532935
533613
533864
541620
556310
563159
567830
569046
571239
579877
580516
601352
614661
621478
637664
637836
662208
662682
673234
673407
678921
689995
716604
717579
721325
742055
742181
742545
750473
758802
792601
795210
817982
820027
821163
829421
848757
854779
855443
861416
899701
4051
5798
5874
11105
12286
12490
12749
14581
17202
18011
19944
20580
20804
21811
32223
37095
40572
47131
48862
55437
62456
64306
66754
70871
71362
72107
73050
73259
75167
78609
84661
85246
86395
86844
88744
89067
98263
98339
98605
99921
106354
114668
115622
121847
126738
127592
133956
138871
148414
153321
153396
153976
156244
168209
168844
174976
182630
188465
191011
191671
197105
206407
209292
209449
233537
233726
235229
235474
236928
236994
237313
240969
241917
247689
250104
251703
253652
256814
261480
285748
286603
287957
289024
289712
290955
294164
295907
303213
306071
315009
317477
319727
325910
346407
351212
351591
352558
355532
362422
364287
370913
380981
384901
386264
392154
397873
409276
418232
420960
427713
434994
439950
452328
456758
456920
460769
463463
464389
467483
471030
478214
487106
494777
500518
502461
510399
511325
512625
515906
519162
531345
534388
537752
541280
543101
545765
546453
546707
558248
559646
559709
562342
567771
569240
569268
569396
576342
585862
586750
592637
594882
600649
604884
605623
606232
621517
631139
643297
659085
672425
682478
692559
694783
695405
697570
699906
715420
716306
722460
724719
727354
727831
742203
742398
747733
768606
768848
774243
774972
786239
792125
797077
800632
815912
827774
834599
842950
852334
856872
858734
859814
869454
874477
878542
878780
894474
898969
918030
975373
3495
3882
6695
11975
12732
16508
26376
32874
34464
38148
45736
53797
60956
63857
65364
66328
68404
73797
76459
77302
77744
82658
88299
91452
97858
99477
101554
105160
112155
115386
117315
122417
125160
131091
133899
136815
147022
148276
148874
152176
152304
154028
154746
157399
165752
168251
188800
191870
232558
241330
243864
247376
254911
255878
265919
270391
274074
298324
302280
311762
312130
312801
321679
331271
334660
334929
335765
347942
354045
361369
361590
366317
373371
376931
396586
407189
443504
444175
453676
462891
473786
484586
488159
489062
500213
503151
511255
511981
512790
514805
515484
515525
520719
530366
532307
539043
545685
551618
554415
558538
568744
573767
585885
596620
599694
600915
604941
605279
634332
641146
641810
644793
657824
659909
671205
671843
684831
688963
701134
718698
721251
725293
725972
726146
726867
733573
734740
737433
738211
741869
751137
751224
756175
775978
780474
786949
791303
792143
795389
808726
812098
819329
824792
826613
833700
835045
837390
837749
844137
846784
859742
861070
888260
891453
987522
917
1836
4400
7354
16838
20163
21085
23529
29034
32677
36808
38383
41151
45654
49888
52072
55288
55478
61229
62924
65342
68871
70027
71492
71957
81122
86414
88074
91946
92744
99458
106498
107844
117517
119273
125918
126811
132583
140260
143257
149385
151656
152352
153243
155049
155117
156729
158190
163135
172780
174780
180565
182727
184064
185535
189083
198941
211968
214508
216054
222065
229971
234096
234437
236208
240078
251111
255316
255538
263967
273732
278229
279053
281245
292856
293818
304839
312460
315060
319188
325852
330568
339310
339624
340039
341480
342504
343576
345766
348606
360065
363581
364557
367229
367925
369326
369574
370709
372384
382595
383791
391119
392455
398907
398908
405857
408975
409904
415011
422404
422751
426617
426619
439944
441837
447776
447843
456414
471082
475274
475455
481156
483947
493327
493450
500247
506691
507350
507994
511382
512006
523687
529594
532441
532531
541685
545674
549935
551983
556456
557054
570511
571671
574241
580622
581628
590320
592432
594750
595154
602548
605478
607253
617471
624587
640657
660912
661489
662287
664571
669772
672753
673745
675738
681984
682859
692671
698304
700616
703374
704381
707246
708264
709307
723852
726491
727585
732320
736755
737886
739058
739996
740587
741812
748034
749461
750498
754199
760769
765231
766060
773720
774137
786511
789123
789303
791057
798349
802673
806206
808817
819050
825839
850957
854345
879515
880963
884985
889701
896919
10566
12383
15245
16713
17593
17805
19939
23607
27231
28507
30796
33939
42745
42931
43247
47181
50140
51343
58091
59816
62451
64162
65211
71638
71727
71872
78509
85830
86092
87507
90736
91448
94683
96749
107584
107826
108605
119365
119947
132480
144394
154604
160674
166202
166586
169562
171099
172599
176002
176203
177886
178768
179090
179978
180662
186901
191687
200216
200543
206101
210339
228107
234005
236145
238482
250707
255288
262465
264926
269537
273095
278180
293543
294905
297019
297103
311812
312047
313919
314236
316968
319009
320530
321746
322811
334943
338476
338693
341286
342798
349086
352503
354318
357851
357896
362410
364164
365313
367862
368450
371359
371751
376667
380437
381512
385800
387797
388849
390025
390469
394718
399699
404213
404421
408763
410503
419346
444882
447863
448786
459609
460040
465414
471778
472912
477726
482937
484647
487249
487676
490114
494077
495762
502960
506825
513355
516890
517055
521021
528678
546826
552249
558701
559681
566665
578406
579986
580040
580117
582496
585496
587827
587868
588868
591545
597557
603985
604104
606263
607528
609874
610019
617450
620928
621403
630180
638517
640712
644358
649288
667015
671793
673668
674467
676241
676248
679393
681897
682127
688612
697188
699829
700712
702597
711735
720072
723573
726546
726749
728842
730755
731908
732652
739024
743114
751083
755994
757668
759453
765914
777024
782164
787185
787204
788105
788253
788843
796971
800918
806311
812346
814097
822120
822906
823417
832730
833653
835422
849632
854921
858201
859258
861296
862717
881188
909665
918408
951547
969349
5932
6534
6833
17576
18299
22418
33892
35929
41068
45133
65490
66344
66528
71903
76708
86865
97784
100676
103272
109020
113137
118928
128636
132530
139451
139453
141692
142132
142960
155942
157194
162036
162142
167617
175321
183175
201725
207696
207773
225060
227497
237741
241911
247944
249877
251312
252234
253510
257196
264275
274015
279632
280998
285348
288624
289026
292122
293462
294377
295610
300475
301003
321026
321131
322828
343421
343543
346567
347558
348966
352854
352886
356137
370080
371987
379467
381587
384512
395821
402596
423694
428663
431512
441009
444481
448110
452538
453461
455148
456384
458561
459329
460793
460880
462781
464826
464845
470586
471251
471791
475155
488986
489081
493500
493962
496235
504362
505686
506799
512225
512915
517182
518519
521127
544332
544960
546347
571398
572722
579645
582029
585870
588730
592225
592838
599859
602838
608631
609459
616847
621801
630406
641874
647494
669784
678068
681201
709473
710490
720133
721910
735506
742905
745038
748027
749789
757596
761860
763934
767182
767839
777078
784167
784265
786065
789421
799811
800910
801384
808307
809236
811955
813766
815587
817300
836624
838814
849183
860214
865804
867570
942390
979298
987668
16559
19283
22146
27968
32162
36731
36973
38415
46011
47719
48664
52609
55884
59027
65318
66688
67225
72973
78367
79458
81216
81734
86764
95822
98109
100072
104752
113841
115009
118423
126680
128706
139412
145614
146624
147619
150322
156760
171237
171316
176806
195470
210251
217565
219472
227966
242812
244697
246973
250742
254760
255577
255962
262348
265450
276048
284097
288342
292467
292918
293175
303859
307595
308803
313990
315122
318251
321737
332367
341302
343583
344469
354917
362409
365663
365781
372151
373816
388973
407597
409331
410048
448934
452290
452303
456973
458364
469377
471668
473914
476384
481354
487199
488838
493718
500331
501355
527529
531291
536778
546321
584766
593515
612114
613356
615115
620290
623286
636665
639721
654298
665958
677958
692708
702420
707180
714735
722192
724577
730498
732730
732924
741554
746195
773415
775678
781837
800450
801119
803562
806829
808363
813472
818758
836501
838990
844189
855425
872107
886123
979736
993593
997730
2790
11588
12917
14944
15399
15583
23276
31225
31800
32189
32571
38626
45322
48119
49432
53060
66121
73213
75558
77723
108701
114057
124503
128107
139900
146143
152093
158642
159094
170395
170595
191656
197124
199786
201390
206047
207130
209883
213317
220107
221181
225828
233966
235701
241812
244016
244477
249051
252819
258356
262922
268351
274158
275686
275816
276819
282877
284355
291746
292932
293008
293055
295992
302349
303008
315097
316592
321325
321358
334076
339954
361713
366361
368587
371594
378941
380469
387772
389603
396931
398159
401194
405321
411682
421541
427441
427742
434500
445797
456707
458961
460106
468750
470922
473712
493124
503278
503853
508238
513716
523786
530140
546798
562035
566391
567957
570047
570776
589441
590268
596834
601274
601569
607834
608506
608584
609427
613334
617211
617587
621912
644645
652830
657677
669071
675206
676311
682559
687504
687728
734745
735186
737837
738280
742136
743075
743165
747078
760790
762965
788851
790732
796034
805136
821611
829988
838353
845234
852070
889613
31056
37651
41705
44418
46986
55654
58456
58644
71358
77321
81791
85665
86831
89675
96837
100068
107796
108681
112142
121240
127400
154080
156375
159248
161388
178925
182655
186137
214811
230080
233514
243907
244870
250177
257817
266983
274157
288267
289030
301849
315268
329678
329947
331056
331919
334586
342030
343505
351909
353604
366275
369943
376993
377498
379134
388893
394806
411028
412305
419396
426999
435046
436613
445923
456554
458792
461967
483583
490042
490891
494014
494812
501205
517172
523263
523679
525496
529235
542607
545883
568653
574454
583428
583926
594574
597264
606865
618018
623765
630280
633682
637608
663712
664823
668345
670168
670840
682105
687459
690653
701481
706723
716411
729709
754905
757897
761241
771413
782485
787370
789382
799153
800731
807269
822049
828514
832700
840814
858623
861421
864404
871708
880514
886398
896551
3365
9393
11597
19180
25756
26713
27341
37387
39315
67847
67954
69932
69964
69976
70063
70083
70087
70107
70254
74129
74305
75165
83952
84654
84922
85133
86882
86883
87446
88196
89396
89916
94887
99413
100263
100887
102048
103308
106336
107769
111858
122799
123294
123872
126847
127854
127893
128902
129075
131667
132579
134024
134773
134906
138470
140490
140622
143391
143960
147005
147552
147665
147696
150927
159709
172109
179108
181450
190608
190805
192164
197822
199834
199839
199871
200014
201264
203015
203216
204078
204226
204252
204792
204968
205181
205183
205222
207006
207019
207036
207044
207054
207060
207727
207824
207851
207906
208528
212962
213415
213442
213456
213462
213472
213496
213501
213503
213553
213570
213608
213721
213969
213989
213993
216886
217006
219475
219509
219514
219646
219650
219651
220176
223014
223175
223193
223229
223328
224900
224906
224938
224972
225014
225053
225054
225056
225069
225190
225211
225216
225222
225236
225246
225297
225325
225550
225567
229130
231299
234978
238066
240678
242427
255146
262460
281841
354222
380017
385143
397576
410879
467317
484158
488588
504074
511176
528791
552155
559881
568419
584277
584542
597018
611157
626901
672758
690399
695887
727716
729543
748914
751787
765372
767797
805940
836023
838550
845358
853870
854127
871971
880032
886477
894294
905125
907272
916270
934824
973417
984637
12038
12924
16900
20368
22278
26240
28211
28300
29454
32760
34270
42806
48079
48284
48396
52570
68095
71502
71662
71769
73177
85856
86623
86635
86640
91896
98024
98836
100521
101857
101917
101931
102717
102798
102803
103036
103189
103343
110706
116273
122125
126612
129218
129408
134465
137554
145937
150323
151215
153964
159761
168830
171014
172602
173816
174982
184364
193142
195429
204203
204316
208090
210492
221432
221434
221455
221547
224069
224123
225721
227406
227431
227522
227541
227576
227601
227608
228694
229214
229324
229354
229355
229364
230064
230067
230088
230616
230617
230631
230643
230689
230728
230733
230738
230747
233009
233712
234288
235726
235987
235989
237009
237037
237193
237285
237332
237343
237372
237402
237410
237454
243970
243974
243982
244024
244123
244156
244168
244174
244179
244190
244192
244199
244459
244463
244481
244495
244591
244614
244936
244967
245000
245055
245485
245666
247372
250979
252204
252776
253282
253313
253508
254291
254379
350925
370306
386557
394825
396427
404951
405982
448502
457737
458274
475069
501912
507439
513520
525224
555672
570591
575864
583015
585752
597600
603345
604965
604983
654972
681768
704076
707673
755583
767375
767991
769204
771889
772807
788252
791180
793293
827155
834355
851777
876770
900681
907623
920666
927679
927730
938805
949172
951542
959309
964995
985941
996106
998628
998773
818
9933
10397
10570
13750
23820
24102
27265
28849
34306
42898
42907
42922
42982
57470
57543
57576
57577
57618
59095
61422
72210
72438
75712
75738
75856
77100
77410
79468
79477
84937
85231
85379
85781
92314
94295
100879
101427
107859
107947
108934
109865
110764
111958
116911
120159
120245
120278
120370
120418
127362
130293
132458
134610
134677
135751
142466
144056
168313
173164
175715
181185
197610
203511
215191
228378
228869
229126
230452
230561
230583
231066
231127
231128
231189
231263
231277
231281
231286
231294
231302
231320
231322
232399
232414
234421
234424
234474
234476
234477
234527
234528
234553
234573
235298
235588
235608
235738
235784
235866
235879
236765
237883
239164
239176
239179
239198
239218
239240
239266
239295
239307
239506
239534
239566
239717
239854
239896
239921
239929
240069
240088
240144
243351
243390
243401
243424
243433
243437
243461
244621
244690
244746
244898
244953
252528
252572
252611
252615
253866
253884
253887
253937
253949
254040
254088
254235
254265
255010
255031
255048
256133
256209
256227
256239
256734
256842
257327
257402
257420
257429
338048
376978
405929
475240
478710
481841
503471
513271
537724
583978
600419
610891
666883
667726
673058
714239
728726
746792
758877
772721
805491
809706
834045
834152
855947
856425
865655
910601
922124
922795
936985
949649
973170
975615
980201
981293
990242
9170
10303
10715
11884
12963
15915
21762
24030
24978
28720
28807
37276
37316
39266
42198
46146
46692
78956
86242
89370
93653
96874
97704
98989
103120
112645
121411
121418
125480
127107
128502
128679
128768
133422
157942
159691
162058
168525
174173
181982
183408
183522
189266
190620
190764
190841
190901
191035
191039
191125
191987
196912
208075
210633
214379
217020
217053
218190
221236
221240
221277
221728
221758
226054
226144
226578
226582
226936
226940
226995
228416
229848
229864
229865
229881
229886
229895
229901
229986
229988
229997
230250
230275
233886
233895
234885
235176
235196
235872
235977
236143
236818
237064
237088
237157
237213
237219
237281
237342
237498
237555
237572
237605
237670
237688
237734
237738
237791
239069
239872
239926
240195
240220
240281
240317
240593
240619
240661
240689
240703
240736
240756
240799
240804
240833
240947
241035
241100
241258
241290
241315
241403
242097
242132
242194
242570
242582
242624
242689
242784
244285
244654
245145
245153
245283
245389
245397
245498
245575
245579
245654
245659
245676
245696
245753
245756
245822
245957
246084
246101
246538
246577
246578
246657
246952
248246
248317
248344
248466
250254
250338
251229
251244
251535
251647
251710
251770
251795
251808
251848
252047
252070
254747
254845
254988
255217
302571
412764
593250
621945
625585
661133
668480
677269
681667
725055
780228
818251
856722
874235
8774
16550
61931
66979
72814
72815
74812
75118
77113
77117
77835
84320
85866
87367
87479
88265
123647
130900
130912
132051
132780
132801
132803
132825
132828
132857
132954
132972
133054
135517
135581
136077
136628
138202
142612
143248
143335
144263
144529
145064
145109
145199
145355
145417
145477
145609
145871
146553
147275
147282
148334
148403
148415
148512
148527
148802
148806
148834
149079
149205
149353
149367
149378
149381
149614
151353
151594
151628
151654
151675
151700
151751
151913
152211
153112
154196
155186
155198
155485
156857
156898
157445
159977
160036
160048
160291
160311
160401
160405
160420
160433
160439
160442
160451
160455
160470
160511
161629
161661
161692
161916
161937
161948
161968
162089
162219
162250
162302
162399
162517
162534
162538
162641
162675
162726
162729
162733
162773
162923
162926
162940
163093
163152
163218
163519
164168
164174
164175
164177
164192
164193
164825
164845
164860
165178
166169
166187
166208
166214
166324
166329
166442
167456
167472
168194
169309
169323
169332
169379
169863
170568
171743
171749
171836
171847
171952
172029
172047
172060
172188
173105
173560
173564
173818
173941
173970
174042
175275
176117
176349
176586
176708
176917
178919
179239
179460
180513
180539
180568
180745
181828
183706
192608
193187
200906
200914
202175
202643
202673
210046
210640
212621
215565
215575
224241
358459
677420
731381
859700
975336
4770
9434
10173
10285
12342
22203
32925
35012
37417
40730
42779
56755
59907
67228
69669
72995
75139
80561
82423
85625
85775
86460
88107
94812
96943
99839
103550
107364
108877
114759
116564
126641
129723
133831
134101
140817
153193
161058
167987
170163
171051
174257
174279
174305
174363
177418
185887
197675
198602
198604
198694
198738
198794
199456
199727
200249
200501
200820
202672
205670
205756
206506
209044
211248
214255
214285
216474
217076
217131
217360
217535
224330
224408
224433
224434
231983
236378
238154
238181
238191
240786
241798
242319
242343
242350
242363
252542
253340
253458
253503
253595
253656
253730
256970
257168
257248
257384
257476
265780
266229
277268
292506
296010
302415
332783
334787
363388
363415
376794
380863
390031
398112
402626
404865
411692
413027
413637
414917
433221
433448
434980
441570
442079
449612
453627
454937
456174
462723
462841
473787
496048
518715
530329
534058
568353
572731
573907
587574
601491
602226
604740
614619
637790
653974
664377
680292
691140
709212
713781
720930
726541
738618
745763
746213
759962
764950
766190
773431
776197
782086
788636
796302
796559
797201
806739
812685
818105
837569
844554
845718
861001
863115
867696
872990
889528
890514
896515
902270
908876
913894
914112
928962
930098
939405
939668
946958
953183
957391
960020
962496
973118
973404
976582
983572
991064
999330
9315
10297
14822
15123
16338
20382
42891
42909
42969
42987
48963
49695
59481
61638
73344
74869
76062
85356
86959
92662
95458
101575
102822
102999
103129
103149
103187
103214
103327
103476
103679
104012
104052
104109
105070
111197
111202
111204
115392
118755
118845
118857
118885
118921
138813
142052
154817
167820
178660
188584
191812
193298
193707
194716
197104
197135
198781
198879
199003
200947
202002
202008
206513
210797
211928
211932
213048
213242
216019
217655
217728
220017
222820
225128
225433
225665
226479
226656
226668
226682
226755
226765
226775
226802
226827
228032
231191
231327
231364
231403
231448
231522
232906
232987
233913
235119
235131
235132
235416
235428
235485
235534
236362
236374
236396
236409
236420
236447
236469
236496
236499
236506
236524
236533
236538
237138
237146
237168
237253
237303
237345
237352
237477
237570
237600
239730
239751
240915
240932
240933
240951
240972
241055
241082
241096
241098
241118
241134
241137
241286
244663
246798
249442
249857
249895
250634
250694
250788
250817
250851
251092
251527
251926
251941
251960
252208
252377
253521
255252
255355
255530
256345
271032
282184
288123
340345
376027
383230
386969
387606
423998
492844
499573
513689
526519
540278
572357
581743
589033
610610
625394
661212
662918
706382
798363
798665
822734
847292
851843
852048
867892
932012
956958
957551
958078
981023
991044
998289
22765
25375
25701
26012
26039
26751
30439
32093
42027
44630
48121
54518
73547
73968
77639
77886
81492
82894
83059
83230
84321
84348
84929
89596
90106
99370
104842
111072
112551
112577
113200
113989
114992
115535
117298
118890
119459
121036
125565
125812
125864
128940
129347
129686
130453
131693
143343
143855
153920
171413
174798
182096
185836
188940
197430
197765
202139
202746
203717
207702
208427
214793
214904
221961
222186
222213
222237
222246
222249
222257
222258
222270
222312
222315
222333
222336
222340
222344
223747
227126
228582
235712
239813
244848
251846
254685
254698
257831
264299
265903
297452
304144
315907
324047
342443
379130
386752
394399
395286
395655
401840
402348
402707
403952
404680
406029
406165
408950
413315
416914
433370
433909
435911
436464
442864
459685
459688
464050
470249
482417
485166
504887
507905
526039
534471
544239
545783
548691
551127
551663
553314
554205
570038
573847
575631
575836
576709
577578
580218
585090
590014
608053
616391
621710
644553
658120
658414
678559
679850
689204
696398
701050
707182
722038
724315
741928
743107
744188
745787
766658
768558
776146
777648
778956
782623
789694
804110
810255
815603
821265
840079
840275
866823
895506
896691
899403
899960
902917
915926
926583
928924
933878
934414
951382
952507
956127
959097
959938
960800
961751
973324
977466
979723
982922
988106
989751
992098
997852
999018
999702
2619
5389
8185
9382
16588
16717
22063
22513
23413
25799
28987
37354
37766
38024
38766
39462
45712
49061
51418
53496
58161
62721
71891
74739
77597
79683
79971
85131
87606
87773
88847
89554
95640
95678
96319
96320
97098
98316
100933
102378
103933
112561
119062
121427
127705
128825
131787
140841
144524
148219
159386
160843
161731
182642
183286
184768
191003
196590
197369
202221
203518
208653
220360
221697
225666
228229
229151
229152
229352
229583
229585
230429
230462
230467
231425
232472
232488
232512
232514
232518
232533
232540
232549
232567
232575
232577
232631
232633
232637
232677
232692
232697
232708
232809
232815
232822
232838
232845
232874
233153
233177
233197
234247
234283
234296
234304
234312
235003
235159
235173
235284
237897
238059
243264
243282
243333
243547
243577
243636
243638
243733
243753
245770
246162
246402
247356
247485
247546
247638
249494
252213
252406
253138
253327
253707
253716
253849
254593
254963
256114
271183
284566
286506
293629
316227
345338
375613
380622
398184
400609
465348
475250
477007
481331
505051
522192
522627
524734
529896
551569
558573
562407
589513
624227
629498
639488
661633
665014
666795
671769
682633
688389
693330
694358
697631
717730
721726
752996
753323
761977
786718
801831
808542
837030
854604
892336
892829
902818
904843
907047
910413
928260
934876
957032
962238
966504
973359
979116
998660
998807
4550
7805
9912
10169
10519
12320
15286
15294
15325
16326
19520
24809
29768
29775
30443
31101
32076
34182
42203
46710
48622
48626
48643
48677
48685
52109
52111
52116
52117
52129
52145
55351
55389
55406
55423
55523
58859
58943
77329
77352
85323
86390
86670
86941
98664
98796
100513
102071
102090
102148
102247
102355
104338
104363
104429
108759
108806
124358
124361
136883
141070
141071
150898
151131
151843
152742
157953
162185
167713
168837
182306
182490
186672
187205
187217
202055
207633
222927
224495
229386
233728
242159
242161
242165
242267
242322
242332
242372
242385
242388
242603
242749
242849
242860
242865
243220
243293
243342
243347
244047
244249
244478
244499
244512
244625
244679
244731
246683
246797
246911
247029
247057
247068
247216
247615
248805
252071
256313
257129
269871
289892
290398
290616
335711
377481
385747
405163
407514
408599
413492
430202
434003
438434
446310
447728
451885
454816
464756
470362
475083
478818
504701
508064
534005
542115
543396
561614
574625
581847
592697
604266
616673
627148
630697
633956
634152
641127
652430
689272
694204
699578
718266
741339
745582
758588
764952
769974
774768
775045
815564
819970
828682
836663
843689
860112
863492
871594
889660
891119
891426
891577
892163
892344
903679
903772
904000
921347
923496
926001
931071
937955
938855
944654
948488
956021
960553
966312
981681
998347
