8.628700 0.380918
5.861100 0.380918
4.407100 0.380918
3.596100 0.380918
3.126700 0.380918
2.778000 0.380918
2.522200 0.380918
2.324900 0.380918
2.181200 0.380918
2.084900 0.380918
1.981600 0.380918
1.904100 0.380918
1.831500 0.380918
1.763100 0.380918
1.710100 0.380918
1.658800 0.380918
1.620500 0.380918
1.589400 0.380918
1.554000 0.380918
1.525700 0.380918
1.499300 0.380918
1.474000 0.380918
1.450500 0.380918
1.429100 0.380918
1.404300 0.380918
1.382400 0.380918
1.362600 0.380918
1.345500 0.380918
1.327100 0.380918
1.307700 0.380918
1.288800 0.380918
1.270600 0.380918
1.236100 0.380918
1.222300 0.380918
1.206300 0.380918
1.190700 0.380918
1.177400 0.380918
1.164200 0.380918
1.151500 0.380918
1.125600 0.380918
1.089700 0.380918
1.079300 0.380915
1.068800 0.380886
1.058200 0.380604
1.046400 0.377780
1.026200 0.374956
1.015600 0.373778
1.006200 0.372980
0.997680 0.372115
0.987820 0.371126
0.978880 0.369962
0.969880 0.368598
0.961030 0.367053
0.953340 0.365397
0.945860 0.363864
0.938960 0.362445
0.931790 0.361022
0.924400 0.359591
0.917080 0.358151
0.910310 0.356720
0.903410 0.355325
0.896270 0.353993
0.889980 0.352750
0.882930 0.351598
0.876580 0.350552
0.870600 0.349626
0.863950 0.348827
0.858330 0.348159
0.851740 0.347622
0.838990 0.347212
0.827760 0.346918
0.821410 0.346724
0.816100 0.346608
0.810970 0.346548
0.805600 0.346523
0.800530 0.346511
0.796110 0.346489
0.790400 0.346437
0.784570 0.346335
0.779290 0.346168
0.774930 0.345922
0.769920 0.345587
0.761320 0.345155
0.756470 0.344623
0.751700 0.343989
0.747710 0.343256
0.743710 0.342426
0.739530 0.341505
0.734980 0.340501
0.730770 0.339426
0.726250 0.338290
0.721710 0.337109
0.717590 0.335891
0.713010 0.334647
0.709130 0.333382
0.704520 0.332101
0.699280 0.330805
0.695100 0.329497
0.686550 0.328175
0.682250 0.326840
0.678220 0.325493
0.674040 0.324139
0.670070 0.322784
0.666100 0.321437
0.662110 0.320108
0.658260 0.318807
0.654780 0.317543
0.651120 0.316326
0.647270 0.315160
0.643670 0.314050
0.640320 0.312999
0.637110 0.312005
0.633660 0.311068
0.629850 0.310185
0.626740 0.309355
0.622770 0.308573
0.619200 0.307838
0.615750 0.307144
0.609010 0.306485
0.605950 0.305852
0.603080 0.305233
0.600190 0.304614
0.597040 0.303980
0.594020 0.303318
0.590940 0.302614
0.587730 0.301857
0.584930 0.301040
0.581510 0.300159
0.578820 0.299211
0.576350 0.298197
0.573420 0.297121
0.570920 0.295986
0.567870 0.294800
0.561980 0.293570
0.559600 0.292304
0.556480 0.291010
0.551140 0.289696
0.548090 0.288374
0.545410 0.287056
0.542630 0.285753
0.540100 0.284475
0.537260 0.283232
0.531550 0.282033
0.528800 0.280884
0.526210 0.279789
0.523460 0.278750
0.520870 0.277765
0.518400 0.276832
0.515650 0.275946
0.513420 0.275102
0.510920 0.274297
0.508210 0.273525
0.505670 0.272784
0.503200 0.272067
0.500940 0.271370
0.498380 0.270688
0.495660 0.270017
0.493280 0.269351
0.488490 0.268686
0.486080 0.268017
0.483640 0.267340
0.481080 0.266652
0.478690 0.265951
0.476250 0.265237
0.473900 0.264507
0.471950 0.263763
0.469390 0.263004
0.467250 0.262234
0.464690 0.261451
0.462220 0.260657
0.459870 0.259853
0.455380 0.259038
0.452970 0.258213
0.450800 0.257376
0.448850 0.256528
0.446770 0.255668
0.445000 0.254796
0.441010 0.253910
0.438990 0.253009
0.437010 0.252092
0.434930 0.251158
0.432860 0.250205
0.430900 0.249231
0.428830 0.248236
0.416780 0.247219
0.404510 0.246180
0.393090 0.245121
0.382380 0.244043
0.372100 0.242949
0.361960 0.241841
0.351350 0.240723
0.341180 0.239600
0.331850 0.238474
0.322780 0.237351
0.313380 0.236233
0.304070 0.235125
0.295010 0.234031
0.286430 0.232953
0.277490 0.231895
0.269220 0.230858
0.260740 0.229844
0.253080 0.228855
0.245140 0.227892
0.236970 0.226954
0.228600 0.226041
0.221250 0.225151
0.213830 0.224282
0.206600 0.223429
0.199430 0.222592
0.192290 0.221765
0.184870 0.220946
0.178040 0.220130
0.171170 0.219315
0.164210 0.218497
0.157710 0.217676
0.151240 0.216848
0.144620 0.216013
0.138520 0.215170
0.132170 0.214319
0.126000 0.213460
0.119470 0.212592
0.113250 0.211716
0.107110 0.210833
0.101380 0.209945
0.095333 0.209054
0.089413 0.208163
0.083798 0.207275
0.078335 0.206394
0.072506 0.205524
0.066799 0.204667
0.061489 0.203827
0.055813 0.203007
0.050289 0.202209
0.044796 0.201435
0.039303 0.200687
0.033932 0.199967
0.028958 0.199275
0.023709 0.198613
0.018551 0.197981
0.012997 0.197380
0.007534 0.196809
0.002224 0.196267
-0.002689 0.195751
-0.007633 0.195259
-0.012516 0.194788
-0.017643 0.194334
-0.022495 0.193895
-0.027286 0.193468
-0.032505 0.193050
-0.041538 0.192640
-0.046268 0.192236
-0.050998 0.191838
-0.055668 0.191446
-0.065372 0.191059
-0.069980 0.190678
-0.074589 0.190305
-0.079136 0.189940
-0.083713 0.189584
-0.088108 0.189241
-0.092594 0.188913
-0.096683 0.188601
-0.100860 0.188307
-0.109560 0.188033
-0.113990 0.187780
-0.118170 0.187547
-0.122840 0.187333
-0.127110 0.187137
-0.131380 0.186958
-0.135780 0.186792
-0.139900 0.186637
-0.144020 0.186489
-0.148140 0.186344
-0.152320 0.186200
-0.156650 0.186053
-0.160740 0.185899
-0.164950 0.185735
-0.169250 0.185558
-0.173370 0.185364
-0.177310 0.185152
-0.181430 0.184919
-0.185370 0.184666
-0.189580 0.184390
-0.193790 0.184093
-0.197910 0.183776
-0.209930 0.183438
-0.213930 0.183081
-0.218020 0.182706
-0.226110 0.182314
-0.229890 0.181905
-0.237710 0.181481
-0.241830 0.181043
-0.245730 0.180592
-0.249510 0.180129
-0.253730 0.179654
-0.257630 0.179168
-0.261510 0.178673
-0.265600 0.178169
-0.269230 0.177655
-0.273230 0.177133
-0.277130 0.176603
-0.281130 0.176066
-0.285070 0.175521
-0.288850 0.174971
-0.292520 0.174417
-0.296300 0.173859
-0.299900 0.173299
-0.303740 0.172740
-0.307500 0.172181
-0.311250 0.171624
-0.318820 0.171070
-0.326270 0.170519
-0.330140 0.169972
-0.333930 0.169429
-0.337990 0.168889
-0.342010 0.168355
-0.345680 0.167826
-0.349700 0.167304
-0.353520 0.166790
-0.361240 0.166286
-0.364900 0.165791
-0.368780 0.165308
-0.372680 0.164837
-0.376530 0.164378
-0.380380 0.163933
-0.384190 0.163502
-0.388040 0.163083
-0.395600 0.162678
-0.399600 0.162286
-0.403570 0.161907
-0.407350 0.161539
-0.410770 0.161182
-0.415010 0.160834
-0.418830 0.160494
-0.422850 0.160160
-0.426790 0.159829
-0.430580 0.159500
-0.434390 0.159169
-0.438330 0.158837
-0.442200 0.158503
-0.445990 0.158166
-0.449830 0.157828
-0.453710 0.157490
-0.457650 0.157154
-0.461520 0.156822
-0.465400 0.156496
-0.473120 0.156178
-0.477050 0.155869
-0.481270 0.155572
-0.485230 0.155289
-0.489050 0.155021
-0.493230 0.154771
-0.497350 0.154541
-0.501280 0.154332
-0.509460 0.154145
-0.513400 0.153981
-0.517430 0.153839
-0.521640 0.153719
-0.525880 0.153616
-0.529880 0.153529
-0.534090 0.153453
-0.538330 0.153384
-0.542700 0.153317
-0.546630 0.153250
-0.550690 0.153178
-0.555090 0.153099
-0.559510 0.153010
-0.563820 0.152908
-0.568360 0.152791
-0.572700 0.152658
-0.576910 0.152505
-0.581300 0.152331
-0.590300 0.152136
-0.594880 0.151919
-0.599340 0.151680
-0.603980 0.151420
-0.608520 0.151141
-0.613130 0.150845
-0.617830 0.150534
-0.622380 0.150209
-0.626840 0.149874
-0.631810 0.149529
-0.636750 0.149176
-0.641580 0.148817
-0.646370 0.148453
-0.651340 0.148084
-0.656070 0.147711
-0.661010 0.147337
-0.665840 0.146961
-0.671120 0.146585
-0.676180 0.146209
-0.681370 0.145836
-0.686770 0.145464
-0.691930 0.145095
-0.696960 0.144731
-0.702210 0.144370
-0.707340 0.144016
-0.712680 0.143668
-0.718300 0.143328
-0.723910 0.142995
-0.729530 0.142672
-0.735200 0.142359
-0.740570 0.142056
-0.746040 0.141762
-0.752020 0.141479
-0.758060 0.141207
-0.764010 0.140946
-0.769900 0.140695
-0.776220 0.140457
-0.782350 0.140230
-0.788730 0.140015
-0.794860 0.139810
-0.801210 0.139616
-0.807960 0.139432
-0.814790 0.139255
-0.822060 0.139085
-0.828890 0.138920
-0.836000 0.138760
-0.843300 0.138602
-0.850830 0.138446
-0.858190 0.138290
-0.865450 0.138135
-0.873080 0.137979
-0.881080 0.137821
-0.897830 0.137659
-0.906800 0.137493
-0.915230 0.137321
-0.923890 0.137142
-0.933140 0.136955
-0.942390 0.136759
-0.951600 0.136554
-0.961890 0.136341
-0.972200 0.136119
-0.982640 0.135888
-0.994180 0.135650
-1.005900 0.135405
-1.017700 0.135154
-1.029700 0.134899
-1.056000 0.134642
-1.070700 0.134384
-1.085000 0.134128
-1.099900 0.133876
-1.116600 0.133631
-1.134000 0.133396
-1.152200 0.133172
-1.171800 0.132961
-1.191700 0.132764
-1.212200 0.132583
-1.234900 0.132418
-1.258900 0.132269
-1.285700 0.132136
-1.314400 0.132023
-1.346200 0.131930
-1.380300 0.131853
-1.415700 0.131786
-1.504700 0.131724
-1.558100 0.131660
-1.618200 0.131592
-1.695600 0.131552
-1.787800 0.131532
-1.902500 0.131522
-2.048200 0.131513
-2.253800 0.131499
-2.592000 0.131476
-3.227600 0.131389
-8.573800 0.131181
-14.043000 0.130900
