1.451400 0.130129
0.745070 0.130129
0.397720 0.130129
0.181500 0.130129
-0.086412 0.130129
-0.167340 0.130129
-0.222150 0.130129
-0.275770 0.130129
-0.327290 0.130129
-0.373000 0.130129
-0.404130 0.130129
-0.434770 0.130129
-0.457540 0.130129
-0.482160 0.130129
-0.504040 0.130129
-0.521780 0.130129
-0.540020 0.130129
-0.555950 0.130129
-0.570570 0.130129
-0.584670 0.130129
-0.598190 0.130129
-0.609600 0.130129
-0.622850 0.130129
-0.633350 0.130129
-0.643540 0.130129
-0.653700 0.130129
-0.663500 0.130129
-0.673200 0.130129
-0.681930 0.130129
-0.689290 0.130129
-0.695360 0.130129
-0.703870 0.130129
-0.712020 0.130129
-0.718580 0.130129
-0.723920 0.130129
-0.730910 0.130129
-0.737140 0.130129
-0.743430 0.130129
-0.748890 0.130129
-0.754690 0.130129
-0.765240 0.130129
-0.770220 0.130129
-0.775440 0.130129
-0.780750 0.130129
-0.785510 0.130129
-0.790540 0.130129
-0.795430 0.130129
-0.799940 0.130129
-0.808550 0.130129
-0.812460 0.130129
-0.816580 0.130129
-0.820790 0.130129
-0.825270 0.130129
-0.829520 0.130129
-0.833450 0.130129
-0.837270 0.130129
-0.841450 0.130129
-0.845020 0.130129
-0.848590 0.130129
-0.852130 0.130129
-0.855910 0.130129
-0.859120 0.130129
-0.862500 0.130129
-0.865710 0.130129
-0.868850 0.130129
-0.872180 0.130129
-0.875260 0.130129
-0.878220 0.130129
-0.881150 0.130129
-0.884540 0.130129
-0.887070 0.130129
-0.889820 0.130129
-0.895100 0.130129
-0.898030 0.130129
-0.901290 0.130129
-0.904100 0.130129
-0.906690 0.130129
-0.909380 0.130129
-0.915180 0.130129
-0.917620 0.130129
-0.920000 0.130129
-0.922780 0.130129
-0.925220 0.130129
-0.928000 0.130129
-0.930530 0.130129
-0.932700 0.130129
-0.934980 0.130129
-0.937580 0.130129
-0.940080 0.130129
-0.942190 0.130129
-0.944260 0.130129
-0.946210 0.130129
-0.948170 0.130129
-0.950390 0.130129
-0.952410 0.130129
-0.954420 0.130129
-0.956410 0.130129
-0.958120 0.130129
-0.960470 0.130129
-0.964490 0.130129
-0.966630 0.130129
-0.968460 0.130129
-0.970780 0.130129
-0.973010 0.130129
-0.974900 0.130129
-0.977010 0.130129
-0.979080 0.130129
-0.981160 0.130129
-0.982960 0.130129
-0.984910 0.130129
-0.986650 0.130129
-0.988480 0.130129
-0.992260 0.130129
-0.994190 0.130129
-0.996020 0.130129
-0.997550 0.130129
-0.999410 0.130129
-1.001200 0.130129
-1.002900 0.130129
-1.004900 0.130129
-1.006400 0.130129
-1.008100 0.130129
-1.011200 0.130129
-1.012800 0.130129
-1.014500 0.130129
-1.016400 0.130129
-1.018400 0.130129
-1.020000 0.130129
-1.023300 0.130129
-1.024800 0.130129
-1.026600 0.130129
-1.027900 0.130129
-1.029400 0.130129
-1.031100 0.130129
-1.032700 0.130129
-1.034300 0.130129
-1.035700 0.130129
-1.037300 0.130129
-1.038700 0.130129
-1.040000 0.130129
-1.041500 0.130129
-1.043000 0.130129
-1.044400 0.130129
-1.045900 0.130129
-1.047100 0.130129
-1.048500 0.130129
-1.049800 0.130129
-1.052300 0.130129
-1.053700 0.130129
-1.055100 0.130129
-1.056500 0.130129
-1.057900 0.130129
-1.059200 0.130129
-1.061800 0.130129
-1.063100 0.130129
-1.064400 0.130129
-1.065700 0.130129
-1.068300 0.130129
-1.069700 0.130129
-1.070900 0.130129
-1.072300 0.130129
-1.073400 0.130129
-1.074800 0.130129
-1.079600 0.130129
-1.080800 0.130129
-1.081900 0.130129
-1.083100 0.130129
-1.084400 0.130129
-1.085500 0.130129
-1.086600 0.130129
-1.087900 0.130129
-1.089100 0.130129
-1.090300 0.130129
-1.091400 0.130129
-1.092500 0.130129
-1.093600 0.130129
-1.094600 0.130129
-1.095700 0.130129
-1.096900 0.130129
-1.098900 0.130129
-1.100000 0.130129
-1.101100 0.130129
-1.102000 0.130125
-1.103000 0.130089
-1.109900 0.129730
-1.116100 0.129371
-1.122000 0.129003
-1.127900 0.128631
-1.133700 0.128257
-1.139400 0.127887
-1.145000 0.127519
-1.150600 0.127156
-1.156000 0.126797
-1.161100 0.126443
-1.166100 0.126095
-1.171000 0.125753
-1.176000 0.125414
-1.181100 0.125079
-1.185800 0.124747
-1.190500 0.124420
-1.195000 0.124096
-1.199800 0.123778
-1.204400 0.123465
-1.208800 0.123157
-1.213200 0.122855
-1.217400 0.122560
-1.221700 0.122271
-1.226100 0.121990
-1.230400 0.121715
-1.234400 0.121414
-1.238400 0.121117
-1.242400 0.120824
-1.246200 0.120536
-1.250100 0.120252
-1.254100 0.119973
-1.257600 0.119698
-1.261400 0.119429
-1.264800 0.119165
-1.268500 0.118906
-1.272000 0.118653
-1.275400 0.118405
-1.279100 0.118162
-1.289200 0.117924
-1.292700 0.117693
-1.296200 0.117467
-1.299600 0.117246
-1.303000 0.117031
-1.306200 0.116822
-1.309300 0.116619
-1.312400 0.116421
-1.318500 0.116229
-1.321500 0.116042
-1.324600 0.115862
-1.327600 0.115688
-1.330700 0.115520
-1.333900 0.115358
-1.337100 0.115202
-1.340100 0.115052
-1.343100 0.114909
-1.346200 0.114771
-1.349100 0.114640
-1.352000 0.114514
-1.354900 0.114394
-1.358000 0.114280
-1.360800 0.114171
-1.363900 0.114067
-1.366700 0.113969
-1.369600 0.113877
-1.372400 0.113789
-1.375200 0.113706
-1.378000 0.113627
-1.380900 0.113553
-1.386300 0.113484
-1.389200 0.113418
-1.392000 0.113356
-1.394700 0.113298
-1.397500 0.113243
-1.400300 0.113191
-1.403100 0.113142
-1.405900 0.113096
-1.408700 0.113052
-1.411600 0.113010
-1.414300 0.112969
-1.417000 0.112930
-1.419600 0.112892
-1.422400 0.112855
-1.425100 0.112819
-1.427700 0.112782
-1.430300 0.112746
-1.433000 0.112709
-1.435600 0.112672
-1.440800 0.112633
-1.443500 0.112594
-1.448800 0.112552
-1.451400 0.112509
-1.454100 0.112464
-1.456700 0.112416
-1.459300 0.112366
-1.464600 0.112312
-1.467200 0.112256
-1.469800 0.112196
-1.472500 0.112132
-1.475000 0.112065
-1.477500 0.111993
-1.479900 0.111917
-1.482400 0.111836
-1.484900 0.111751
-1.487400 0.111661
-1.490000 0.111566
-1.492500 0.111466
-1.495100 0.111361
-1.497600 0.111250
-1.500200 0.111134
-1.502800 0.111012
-1.507800 0.110885
-1.510300 0.110752
-1.512900 0.110613
-1.515500 0.110469
-1.518100 0.110319
-1.520600 0.110163
-1.523000 0.110002
-1.525600 0.109835
-1.528000 0.109663
-1.530600 0.109485
-1.533100 0.109301
-1.538400 0.109113
-1.541000 0.108919
-1.543500 0.108719
-1.546100 0.108515
-1.548800 0.108306
-1.551400 0.108093
-1.553900 0.107874
-1.556400 0.107652
-1.559100 0.107425
-1.561700 0.107194
-1.564300 0.106959
-1.567000 0.106720
-1.569700 0.106478
-1.572500 0.106232
-1.575100 0.105984
-1.577600 0.105732
-1.580200 0.105478
-1.582800 0.105221
-1.585500 0.104962
-1.588200 0.104701
-1.590800 0.104439
-1.593600 0.104174
-1.596300 0.103908
-1.599100 0.103641
-1.601800 0.103373
-1.604400 0.103105
-1.607200 0.102835
-1.609900 0.102566
-1.612800 0.102296
-1.615500 0.102027
-1.618100 0.101757
-1.620800 0.101489
-1.623400 0.101221
-1.626200 0.100953
-1.628900 0.100687
-1.631700 0.100423
-1.634300 0.100159
-1.637200 0.099898
-1.640000 0.099638
-1.642800 0.099380
-1.645600 0.099124
-1.648300 0.098871
-1.651200 0.098620
-1.654100 0.098372
-1.657100 0.098126
-1.660000 0.097883
-1.662900 0.097643
-1.665600 0.097407
-1.668500 0.097173
-1.671700 0.096943
-1.674700 0.096717
-1.677700 0.096494
-1.680600 0.096274
-1.683600 0.096058
-1.686700 0.095847
-1.689800 0.095638
-1.693100 0.095434
-1.699300 0.095234
-1.702500 0.095038
-1.705700 0.094846
-1.708900 0.094658
-1.712200 0.094474
-1.715200 0.094294
-1.718500 0.094118
-1.721800 0.093946
-1.725100 0.093779
-1.728600 0.093616
-1.731800 0.093456
-1.738500 0.093301
-1.742000 0.093150
-1.745400 0.093003
-1.748900 0.092860
-1.756000 0.092720
-1.759600 0.092585
-1.763000 0.092453
-1.766600 0.092325
-1.770500 0.092201
-1.774100 0.092080
-1.777900 0.091962
-1.781600 0.091848
-1.785400 0.091737
-1.789400 0.091629
-1.793400 0.091525
-1.797400 0.091423
-1.801400 0.091324
-1.805500 0.091227
-1.814200 0.091134
-1.818300 0.091042
-1.822600 0.090953
-1.827100 0.090866
-1.831800 0.090782
-1.836300 0.090699
-1.840500 0.090618
-1.845300 0.090539
-1.850000 0.090461
-1.855000 0.090385
-1.860100 0.090310
-1.865300 0.090237
-1.870100 0.090164
-1.875000 0.090092
-1.880300 0.090022
-1.886000 0.089952
-1.896900 0.089883
-1.902200 0.089814
-1.908300 0.089746
-1.919900 0.089678
-1.926300 0.089610
-1.932700 0.089543
-1.939100 0.089476
-1.945300 0.089409
-1.952000 0.089342
-1.958900 0.089275
-1.966100 0.089209
-1.973100 0.089142
-1.980700 0.089075
-1.987500 0.089007
-1.995000 0.088940
-2.002800 0.088871
-2.010900 0.088803
-2.018900 0.088734
-2.027800 0.088665
-2.037000 0.088595
-2.046400 0.088525
-2.055500 0.088454
-2.064900 0.088383
-2.075000 0.088312
-2.085900 0.088241
-2.097400 0.088169
-2.109100 0.088098
-2.121100 0.088026
-2.133500 0.087955
-2.146400 0.087884
-2.160000 0.087814
-2.174200 0.087744
-2.188500 0.087675
-2.203800 0.087606
-2.237200 0.087533
-2.255500 0.087460
-2.275700 0.087386
-2.295400 0.087311
-2.318000 0.087236
-2.342600 0.087161
-2.367700 0.087086
-2.393900 0.087011
-2.425500 0.086936
-2.459000 0.086861
-2.534600 0.086787
-2.580400 0.086714
-2.627100 0.086640
-2.682900 0.086566
-2.740400 0.086495
-2.805200 0.086426
-2.885500 0.086360
-2.980400 0.086298
-3.070700 0.086241
-3.213500 0.086189
-3.671500 0.086145
-3.863200 0.086109
-4.219100 0.086076
-4.907700 0.086022
