521.780000 0.749604
9.775700 0.749604
5.351600 0.749604
4.677900 0.749604
4.155500 0.749604
3.789900 0.749604
3.519500 0.749604
3.289800 0.749604
3.112000 0.749604
2.973300 0.749604
2.859400 0.749604
2.746100 0.749604
2.642300 0.749604
2.562000 0.749604
2.488800 0.749604
2.418000 0.749604
2.353200 0.749604
2.287900 0.749604
2.236200 0.749604
2.183500 0.749604
2.139200 0.749604
2.097300 0.749604
2.055100 0.749604
2.020400 0.749604
1.987100 0.749604
1.954500 0.749604
1.922300 0.749604
1.888700 0.749604
1.856900 0.749604
1.826500 0.749604
1.796000 0.749604
1.770400 0.749604
1.716900 0.749604
1.692900 0.749604
1.667400 0.749604
1.649200 0.749604
1.627500 0.749604
1.603500 0.749604
1.584800 0.749604
1.562400 0.749604
1.541500 0.749604
1.520900 0.749604
1.500100 0.749604
1.481000 0.749604
1.463300 0.749604
1.446900 0.749604
1.428400 0.749604
1.410100 0.749604
1.393000 0.749604
1.346600 0.749604
1.331400 0.749604
1.314700 0.749604
1.287100 0.749604
1.272400 0.749604
1.258600 0.749604
1.245200 0.749604
1.231500 0.749604
1.218300 0.749604
1.205300 0.749604
1.192600 0.749604
1.179300 0.749604
1.167900 0.749604
1.154600 0.749604
1.143500 0.749604
1.131800 0.749604
1.121100 0.749604
1.109200 0.749604
1.088100 0.749604
1.077600 0.749604
1.066800 0.749604
1.056100 0.749604
1.045800 0.749604
1.036300 0.749604
1.026000 0.749604
1.015600 0.749604
1.005900 0.749604
0.986770 0.749604
0.977180 0.749604
0.966500 0.749604
0.958630 0.749604
0.948560 0.749604
0.938920 0.749604
0.930860 0.749604
0.923230 0.749604
0.905650 0.749604
0.896370 0.749604
0.887890 0.749604
0.879830 0.749604
0.872140 0.749604
0.864510 0.749604
0.856150 0.749604
0.848340 0.749604
0.833260 0.749604
0.826490 0.749604
0.819590 0.749604
0.803480 0.749604
0.796760 0.749604
0.789930 0.749604
0.782180 0.749604
0.775280 0.749604
0.768570 0.749604
0.762400 0.749604
0.756050 0.749604
0.750190 0.749604
0.743910 0.749604
0.736640 0.749604
0.729930 0.749604
0.723100 0.749604
0.716380 0.749604
0.710030 0.749604
0.704170 0.749604
0.698070 0.749604
0.692940 0.749604
0.687210 0.749604
0.681160 0.749604
0.676040 0.749604
0.670910 0.749604
0.665840 0.749604
0.660230 0.749604
0.654730 0.749604
0.648750 0.749604
0.643930 0.749604
0.638440 0.749604
0.632580 0.749604
0.627510 0.749604
0.622330 0.749604
0.617080 0.749604
0.612620 0.749604
0.607680 0.749604
0.603040 0.749604
0.598400 0.749604
0.588390 0.749604
0.583390 0.749604
0.577890 0.749604
0.573310 0.749604
0.569040 0.749604
0.564590 0.749604
0.559760 0.749604
0.555130 0.749604
0.550790 0.749604
0.545970 0.749604
0.541700 0.749604
0.536820 0.749604
0.532240 0.749604
0.524120 0.749604
0.515880 0.749604
0.511910 0.749604
0.507950 0.749604
0.503790 0.749604
0.500320 0.749604
0.495860 0.749604
0.492140 0.749604
0.487930 0.749604
0.483290 0.749604
0.479200 0.749604
0.475660 0.749604
0.472000 0.749604
0.468520 0.749604
0.464370 0.749604
0.460580 0.749604
0.456980 0.749604
0.453560 0.749604
0.450390 0.749604
0.446540 0.749604
0.443250 0.749604
0.439830 0.749604
0.436780 0.749604
0.433300 0.749604
0.430130 0.749604
0.426400 0.749604
0.423170 0.749604
0.419570 0.749604
0.416270 0.749604
0.413100 0.749604
0.409560 0.749604
0.406320 0.749604
0.402900 0.749604
0.399850 0.749604
0.396620 0.749604
0.392960 0.749604
0.389780 0.749604
0.382580 0.749604
0.376230 0.749604
0.373420 0.749604
0.370250 0.749604
0.367320 0.749604
0.364020 0.749604
0.345840 0.749604
0.329240 0.749604
0.312390 0.749604
0.297070 0.749604
0.281320 0.749604
0.266190 0.749604
0.251540 0.749604
0.237010 0.749604
0.224010 0.749604
0.210280 0.749604
0.197160 0.749604
0.184580 0.749604
0.172500 0.749604
0.160840 0.749604
0.148750 0.749604
0.137400 0.749604
0.125870 0.749604
0.114940 0.749604
0.104020 0.749604
0.093456 0.749604
0.083080 0.749604
0.072765 0.749604
0.062450 0.749604
0.052623 0.749604
0.042126 0.749604
0.032116 0.749597
0.022655 0.749528
0.012707 0.748840
0.003734 0.748152
-0.005543 0.747233
-0.014576 0.746315
-0.023426 0.745380
-0.032765 0.744482
-0.041676 0.743720
-0.050160 0.743125
-0.058277 0.742496
-0.066578 0.741924
-0.075001 0.741428
-0.083180 0.741019
-0.091175 0.740685
-0.099110 0.740406
-0.106620 0.740180
-0.114370 0.739996
-0.121570 0.739854
-0.129260 0.739742
-0.136710 0.739639
-0.151050 0.739521
-0.158440 0.739369
-0.165580 0.739164
-0.172780 0.738888
-0.179620 0.738522
-0.186760 0.738055
-0.193900 0.737481
-0.207510 0.736800
-0.213860 0.736031
-0.220390 0.735199
-0.226730 0.734328
-0.233330 0.733444
-0.239800 0.732569
-0.246270 0.731728
-0.252800 0.730950
-0.265490 0.730252
-0.271530 0.729651
-0.277880 0.729160
-0.284230 0.728783
-0.290270 0.728514
-0.296250 0.728342
-0.308030 0.728246
-0.313710 0.728201
-0.319330 0.728173
-0.325120 0.728128
-0.336230 0.728037
-0.341790 0.727877
-0.347580 0.727619
-0.353200 0.727247
-0.359180 0.726748
-0.364920 0.726123
-0.370410 0.725362
-0.375960 0.724466
-0.381700 0.723441
-0.392510 0.722295
-0.397940 0.721027
-0.403550 0.719663
-0.408920 0.718225
-0.414540 0.716735
-0.420160 0.715218
-0.425340 0.713699
-0.430290 0.712192
-0.435720 0.710705
-0.441030 0.709251
-0.446340 0.707843
-0.451650 0.706486
-0.456530 0.705195
-0.461780 0.703979
-0.466970 0.702843
-0.471730 0.701787
-0.476730 0.700822
-0.481920 0.699942
-0.486930 0.699137
-0.492120 0.698392
-0.497060 0.697691
-0.502000 0.697008
-0.506890 0.696328
-0.511580 0.695635
-0.516530 0.694913
-0.521470 0.694143
-0.531180 0.693308
-0.536490 0.692395
-0.546380 0.691393
-0.551260 0.690297
-0.556200 0.689108
-0.561150 0.687828
-0.575730 0.686460
-0.580490 0.685011
-0.585320 0.683493
-0.590260 0.681920
-0.594900 0.680303
-0.599480 0.678653
-0.604480 0.676980
-0.609490 0.675288
-0.614250 0.673579
-0.618820 0.671857
-0.623400 0.670121
-0.628280 0.668372
-0.632980 0.666614
-0.637870 0.664858
-0.642450 0.663107
-0.647140 0.661372
-0.651720 0.659666
-0.661180 0.657997
-0.670280 0.656371
-0.675160 0.654800
-0.679680 0.653289
-0.684070 0.651834
-0.688830 0.650430
-0.693590 0.649072
-0.698110 0.647751
-0.702750 0.646457
-0.712330 0.645186
-0.721300 0.643928
-0.725880 0.642674
-0.730580 0.641419
-0.735160 0.640160
-0.739800 0.638886
-0.744310 0.637594
-0.748830 0.636275
-0.753710 0.634920
-0.758470 0.633524
-0.763110 0.632091
-0.767750 0.630627
-0.772570 0.629140
-0.777520 0.627634
-0.782210 0.626119
-0.787220 0.624600
-0.791740 0.623080
-0.796500 0.621561
-0.801200 0.620043
-0.806080 0.618521
-0.810960 0.616994
-0.816030 0.615464
-0.820850 0.613938
-0.825790 0.612420
-0.830800 0.610915
-0.835740 0.609423
-0.840750 0.607944
-0.845750 0.606473
-0.850450 0.605010
-0.855700 0.603552
-0.860520 0.602093
-0.865160 0.600630
-0.870290 0.599163
-0.875480 0.597692
-0.880730 0.596221
-0.886040 0.594750
-0.891160 0.593280
-0.896600 0.591810
-0.901540 0.590340
-0.906790 0.588869
-0.912220 0.587402
-0.917530 0.585943
-0.927910 0.584490
-0.933640 0.583046
-0.939320 0.581616
-0.949820 0.580210
-0.955560 0.578830
-0.960860 0.577482
-0.966050 0.576169
-0.971790 0.574886
-0.977350 0.573631
-0.982960 0.572406
-0.988510 0.571211
-0.993950 0.570047
-0.999440 0.568911
-1.005200 0.567805
-1.011300 0.566724
-1.017300 0.565668
-1.023100 0.564637
-1.029100 0.563630
-1.035200 0.562648
-1.047400 0.561693
-1.053900 0.560766
-1.060000 0.559867
-1.066300 0.558995
-1.072700 0.558154
-1.085900 0.557340
-1.092400 0.556554
-1.099100 0.555790
-1.106100 0.555042
-1.119600 0.554298
-1.134300 0.553552
-1.141500 0.552795
-1.148800 0.552023
-1.156200 0.551230
-1.163600 0.550409
-1.171000 0.549551
-1.178500 0.548653
-1.186300 0.547713
-1.193800 0.546733
-1.210200 0.545715
-1.218300 0.544658
-1.226600 0.543558
-1.235000 0.542417
-1.243500 0.541240
-1.251800 0.540044
-1.260600 0.538844
-1.269600 0.537661
-1.278800 0.536507
-1.288400 0.535393
-1.298000 0.534326
-1.307400 0.533314
-1.317600 0.532366
-1.327900 0.531490
-1.338200 0.530684
-1.348300 0.529946
-1.359000 0.529269
-1.369900 0.528644
-1.381000 0.528068
-1.392700 0.527537
-1.416100 0.527045
-1.429500 0.526577
-1.442500 0.526116
-1.455200 0.525647
-1.468800 0.525160
-1.482100 0.524653
-1.496200 0.524120
-1.511300 0.523555
-1.525900 0.522952
-1.540800 0.522307
-1.557400 0.521624
-1.574400 0.520914
-1.593100 0.520183
-1.611600 0.519434
-1.631300 0.518669
-1.653200 0.517884
-1.674400 0.517078
-1.696800 0.516259
-1.745500 0.515433
-1.802000 0.514605
-1.835300 0.513774
-1.868000 0.512939
-1.903300 0.512102
-1.942300 0.511262
-2.037000 0.510422
-2.095400 0.509589
-2.161300 0.508761
-2.232800 0.507931
-2.298300 0.507082
-2.381300 0.506234
-2.569300 0.505398
-2.743500 0.504567
-2.923300 0.503736
-3.271900 0.502906
-4.075200 0.502089
-14.036000 0.501080
