316.410000 0.940251
9.573100 0.940251
5.749700 0.940251
5.137400 0.940251
4.730300 0.940251
4.411500 0.940251
4.179100 0.940251
4.004900 0.940251
3.853400 0.940251
3.731000 0.940251
3.569200 0.940250
3.434200 0.940244
3.249800 0.940182
3.174700 0.939559
3.094900 0.933330
3.023800 0.927101
2.952500 0.921758
2.900500 0.916862
2.839900 0.912369
2.789700 0.908194
2.731100 0.904301
2.638300 0.900681
2.595600 0.897326
2.556700 0.894176
2.515900 0.891108
2.479800 0.888146
2.445900 0.885303
2.414000 0.882584
2.380900 0.879989
2.350200 0.877514
2.320600 0.875151
2.288500 0.872892
2.259500 0.870731
2.232800 0.868660
2.205600 0.865972
2.181300 0.863422
2.159500 0.860980
2.133200 0.858638
2.103400 0.856389
2.080400 0.854225
2.060400 0.852140
2.039600 0.850123
2.017700 0.848171
1.978800 0.846280
1.961300 0.844443
1.942500 0.842655
1.924300 0.840912
1.905100 0.839207
1.886500 0.837535
1.867400 0.835890
1.848300 0.834267
1.830300 0.832662
1.813700 0.831094
1.794500 0.829556
1.778900 0.828045
1.764300 0.826558
1.751300 0.825091
1.738200 0.823642
1.723700 0.822206
1.710100 0.820783
1.697100 0.819368
1.683800 0.817961
1.671200 0.816559
1.658600 0.815161
1.646600 0.813766
1.634500 0.812372
1.620300 0.810980
1.609800 0.809589
1.598400 0.808198
1.587400 0.806807
1.576400 0.805415
1.566200 0.804024
1.556900 0.802633
1.545300 0.801244
1.534800 0.799856
1.525900 0.798472
1.506200 0.797092
1.497200 0.795717
1.488600 0.794349
1.480100 0.792989
1.471300 0.791640
1.453200 0.790303
1.444700 0.788979
1.436800 0.787670
1.427600 0.786379
1.408600 0.785107
1.400200 0.783856
1.391000 0.782627
1.375300 0.781424
1.367400 0.780246
1.360200 0.779096
1.352300 0.777976
1.345200 0.776887
1.338200 0.775830
1.330700 0.774807
1.322900 0.773818
1.316500 0.772864
1.310300 0.771948
1.303100 0.771068
1.296300 0.770226
1.289600 0.769422
1.282700 0.768657
1.275800 0.767930
1.268000 0.767242
1.261200 0.766591
1.247900 0.765979
1.241400 0.765405
1.228700 0.764867
1.222200 0.764365
1.215600 0.763899
1.210000 0.763468
1.204300 0.763070
1.198600 0.762704
1.192600 0.762369
1.187100 0.762064
1.180600 0.761787
1.175100 0.761537
1.170100 0.761313
1.165000 0.761112
1.159800 0.760934
1.148000 0.760776
1.142600 0.760638
1.137600 0.760517
1.132600 0.760411
1.127400 0.760320
1.121400 0.760242
1.115800 0.760174
1.110800 0.760116
1.106800 0.760066
1.102700 0.760022
1.097500 0.759982
1.091900 0.759947
1.086700 0.759913
1.081700 0.759879
1.077500 0.759846
1.072800 0.759810
1.068300 0.759771
1.063400 0.759729
1.058400 0.759681
1.053800 0.759628
1.049200 0.759568
1.045000 0.759500
1.040200 0.759424
1.035900 0.759339
1.031800 0.759245
1.027200 0.759141
1.023100 0.759026
1.019200 0.758902
1.014800 0.758766
1.010700 0.758620
1.006100 0.758463
1.001800 0.758295
0.998280 0.758116
0.994290 0.757926
0.990530 0.757726
0.986350 0.757516
0.982660 0.757297
0.975030 0.757067
0.970730 0.756829
0.966730 0.756582
0.963250 0.756328
0.955190 0.756066
0.947810 0.755797
0.943780 0.755523
0.939900 0.755243
0.935810 0.754958
0.932310 0.754669
0.928730 0.754377
0.925350 0.754083
0.921590 0.753787
0.918270 0.753489
0.915060 0.753191
0.911770 0.752894
0.907920 0.752597
0.904410 0.752302
0.901180 0.752009
0.897640 0.751720
0.894280 0.751433
0.890620 0.751151
0.887510 0.750873
0.884120 0.750600
0.881250 0.750332
0.877990 0.750071
0.874930 0.749815
0.871730 0.749566
0.868280 0.749324
0.844140 0.749089
0.826960 0.748861
0.809530 0.748640
0.792530 0.748427
0.776090 0.748221
0.759640 0.748022
0.744260 0.747831
0.729240 0.747648
0.700590 0.747471
0.687190 0.747302
0.673790 0.747139
0.660180 0.746983
0.646480 0.746833
0.633870 0.746689
0.620750 0.746552
0.608420 0.746419
0.596250 0.746291
0.584340 0.746168
0.561390 0.746049
0.550650 0.745934
0.540000 0.745822
0.528650 0.745712
0.518670 0.745605
0.508330 0.745499
0.497860 0.745395
0.488180 0.745291
0.478140 0.745187
0.468290 0.745082
0.458760 0.744976
0.448720 0.744868
0.439200 0.744758
0.429860 0.744645
0.420650 0.744529
0.393430 0.744408
0.384450 0.744282
0.375600 0.744151
0.366820 0.744014
0.358510 0.743871
0.349970 0.743720
0.341670 0.743561
0.333610 0.743395
0.325550 0.743219
0.317530 0.743034
0.309660 0.742839
0.302060 0.742634
0.294120 0.742417
0.278740 0.742190
0.271300 0.741950
0.263670 0.741699
0.255880 0.741435
0.247800 0.741158
0.241080 0.740867
0.233640 0.740564
0.218900 0.740247
0.204430 0.739916
0.197380 0.739571
0.190850 0.739212
0.183710 0.738839
0.177270 0.738452
0.170430 0.738052
0.164060 0.737637
0.157340 0.737209
0.150630 0.736768
0.144070 0.736314
0.137260 0.735847
0.130760 0.735367
0.124020 0.734876
0.117490 0.734374
0.110710 0.733861
0.104240 0.733338
0.097406 0.732805
0.090753 0.732264
0.084070 0.731714
0.077386 0.731157
0.071069 0.730594
0.064447 0.730025
0.051538 0.729451
0.044702 0.728872
0.031549 0.728291
0.025201 0.727707
0.018610 0.727122
0.012079 0.726536
0.005670 0.725950
-0.000891 0.725365
-0.007117 0.724782
-0.013465 0.724201
-0.019629 0.723624
-0.025977 0.723050
-0.032172 0.722481
-0.038703 0.721917
-0.044867 0.721359
-0.050879 0.720806
-0.056952 0.720261
-0.063452 0.719722
-0.069617 0.719190
-0.075903 0.718666
-0.082068 0.718149
-0.088507 0.717640
-0.094855 0.717138
-0.101080 0.716643
-0.107370 0.716156
-0.113470 0.715676
-0.119700 0.715203
-0.125950 0.714736
-0.132240 0.714276
-0.138130 0.713821
-0.144390 0.713370
-0.150610 0.712925
-0.156810 0.712483
-0.163280 0.712044
-0.169350 0.711607
-0.176090 0.711172
-0.188510 0.710738
-0.194590 0.710303
-0.200540 0.709868
-0.206550 0.709431
-0.219150 0.708992
-0.225260 0.708549
-0.231450 0.708102
-0.237490 0.707650
-0.243750 0.707191
-0.250190 0.706726
-0.262430 0.706253
-0.268560 0.705772
-0.274940 0.705281
-0.281010 0.704781
-0.287450 0.704270
-0.293770 0.703748
-0.300180 0.703214
-0.306740 0.702667
-0.313240 0.702108
-0.319430 0.701535
-0.325810 0.700948
-0.332070 0.700347
-0.338690 0.699731
-0.344860 0.699100
-0.351110 0.698454
-0.357430 0.697792
-0.363900 0.697115
-0.370700 0.696421
-0.377450 0.695712
-0.383950 0.694987
-0.390390 0.694246
-0.397100 0.693488
-0.403810 0.692715
-0.410500 0.691925
-0.416910 0.691120
-0.429600 0.690298
-0.436320 0.689461
-0.443240 0.688608
-0.450020 0.687739
-0.463990 0.686855
-0.471230 0.685956
-0.478550 0.685041
-0.485570 0.684112
-0.492190 0.683167
-0.498760 0.682208
-0.505870 0.681234
-0.512980 0.680246
-0.520300 0.679244
-0.527900 0.678228
-0.542700 0.677198
-0.550240 0.676154
-0.557620 0.675097
-0.565130 0.674026
-0.573000 0.672943
-0.580180 0.671846
-0.587350 0.670736
-0.594860 0.669613
-0.602420 0.668478
-0.610300 0.667331
-0.618380 0.666171
-0.626690 0.665000
-0.634710 0.663817
-0.642040 0.662622
-0.649850 0.661416
-0.658030 0.660199
-0.665290 0.658971
-0.673190 0.657732
-0.680950 0.656484
-0.689550 0.655225
-0.697550 0.653957
-0.714360 0.652680
-0.722880 0.651393
-0.731240 0.650098
-0.739780 0.648795
-0.748270 0.647485
-0.756840 0.646167
-0.765570 0.644842
-0.773690 0.643510
-0.781840 0.642173
-0.790960 0.640830
-0.799840 0.639483
-0.809390 0.638131
-0.818340 0.636774
-0.827150 0.635415
-0.845620 0.634052
-0.854930 0.632687
-0.864510 0.631320
-0.874460 0.629951
-0.884530 0.628581
-0.894900 0.627210
-0.904090 0.625840
-0.913920 0.624469
-0.934210 0.623099
-0.944370 0.621731
-0.954440 0.620363
-0.964640 0.618998
-0.986330 0.617635
-0.996280 0.616274
-1.006600 0.614915
-1.016900 0.613560
-1.028200 0.612208
-1.039900 0.610860
-1.050900 0.609514
-1.062900 0.608173
-1.074100 0.606836
-1.086100 0.605502
-1.110000 0.604172
-1.123200 0.602847
-1.135300 0.601525
-1.147900 0.600207
-1.173800 0.598894
-1.186200 0.597584
-1.198800 0.596278
-1.212600 0.594976
-1.226600 0.593678
-1.240700 0.592383
-1.255600 0.591092
-1.270600 0.589804
-1.285500 0.588519
-1.301400 0.587237
-1.317400 0.585958
-1.333400 0.584681
-1.350300 0.583407
-1.366800 0.582136
-1.384300 0.580867
-1.401100 0.579600
-1.437700 0.578334
-1.456800 0.577070
-1.476500 0.575808
-1.495700 0.574547
-1.517000 0.573287
-1.539300 0.572028
-1.563200 0.570770
-1.586400 0.569513
-1.610700 0.568257
-1.635800 0.567002
-1.660800 0.565748
-1.714700 0.564495
-1.772300 0.563243
-1.804600 0.561993
-1.839100 0.560744
-1.914800 0.559492
-1.995300 0.558239
-2.038100 0.556987
-2.138200 0.555736
-2.199300 0.554484
-2.263300 0.553233
-2.334800 0.551982
-2.415400 0.550731
-2.498900 0.549480
-2.604100 0.548230
-2.720700 0.546980
-2.858700 0.545730
-3.055300 0.544482
-3.332500 0.543237
-3.693800 0.541996
-4.338700 0.540760
-5.633300 0.539534
-17.428000 0.538319
-29.866000 0.537120
