33.071000 0.105747
1.139000 0.105747
-0.539910 0.105747
-0.830530 0.105747
-0.931660 0.105747
-1.003000 0.105747
-1.069200 0.105747
-1.122200 0.105747
-1.169600 0.105747
-1.244500 0.105747
-1.275300 0.105747
-1.307200 0.105747
-1.330900 0.105747
-1.350900 0.105747
-1.370800 0.105747
-1.389900 0.105747
-1.407400 0.105747
-1.422700 0.105747
-1.438700 0.105747
-1.465000 0.105747
-1.479000 0.105747
-1.491500 0.105747
-1.503000 0.105747
-1.515400 0.105747
-1.524300 0.105747
-1.533300 0.105747
-1.542600 0.105747
-1.551600 0.105747
-1.558900 0.105747
-1.567300 0.105747
-1.574800 0.105747
-1.582200 0.105747
-1.589700 0.105747
-1.596500 0.105747
-1.602600 0.105747
-1.609100 0.105747
-1.614700 0.105747
-1.627000 0.105747
-1.632300 0.105747
-1.641900 0.105747
-1.646600 0.105747
-1.651500 0.105747
-1.656200 0.105747
-1.661300 0.105747
-1.666200 0.105747
-1.670600 0.105747
-1.675200 0.105747
-1.679800 0.105747
-1.684600 0.105747
-1.688600 0.105747
-1.692600 0.105747
-1.697100 0.105747
-1.705500 0.105747
-1.709200 0.105747
-1.713300 0.105747
-1.716800 0.105747
-1.720200 0.105747
-1.726800 0.105747
-1.733200 0.105747
-1.736200 0.105747
-1.739200 0.105747
-1.742400 0.105747
-1.746100 0.105747
-1.749200 0.105747
-1.752400 0.105747
-1.754800 0.105747
-1.757400 0.105747
-1.760400 0.105747
-1.766200 0.105747
-1.769100 0.105747
-1.771500 0.105747
-1.774300 0.105747
-1.777200 0.105747
-1.779800 0.105747
-1.782200 0.105747
-1.784700 0.105747
-1.786900 0.105747
-1.789400 0.105747
-1.791700 0.105747
-1.794100 0.105747
-1.796300 0.105747
-1.798600 0.105747
-1.800700 0.105747
-1.802700 0.105747
-1.804800 0.105747
-1.806800 0.105747
-1.809000 0.105747
-1.811700 0.105747
-1.813800 0.105747
-1.815900 0.105747
-1.817600 0.105747
-1.820100 0.105747
-1.822000 0.105742
-1.823900 0.105698
-1.826000 0.105260
-1.829500 0.104822
-1.831500 0.104406
-1.835900 0.104005
-1.837900 0.103613
-1.839800 0.103229
-1.843300 0.102852
-1.846500 0.102481
-1.848200 0.102116
-1.849900 0.101756
-1.851500 0.101400
-1.853100 0.101049
-1.854600 0.100702
-1.856300 0.100358
-1.858000 0.100018
-1.859500 0.099681
-1.861000 0.099348
-1.862600 0.099017
-1.864300 0.098690
-1.865900 0.098367
-1.867500 0.098047
-1.869200 0.097731
-1.870800 0.097416
-1.872500 0.097102
-1.873800 0.096790
-1.875100 0.096480
-1.876800 0.096171
-1.878300 0.095864
-1.879800 0.095560
-1.881200 0.095257
-1.882500 0.094957
-1.884000 0.094659
-1.885200 0.094364
-1.886500 0.094071
-1.887800 0.093780
-1.889200 0.093492
-1.890600 0.093206
-1.892000 0.092924
-1.893000 0.092643
-1.894400 0.092366
-1.895700 0.092091
-1.897200 0.091819
-1.898400 0.091550
-1.899900 0.091283
-1.901300 0.091020
-1.902500 0.090728
-1.904000 0.090438
-1.905500 0.090152
-1.906800 0.089867
-1.907900 0.089586
-1.909100 0.089306
-1.910400 0.089029
-1.911500 0.088754
-1.912600 0.088481
-1.914800 0.088210
-1.915900 0.087942
-1.917000 0.087676
-1.919300 0.087412
-1.920400 0.087150
-1.921600 0.086890
-1.923000 0.086632
-1.924200 0.086377
-1.925400 0.086123
-1.926600 0.085872
-1.927800 0.085623
-1.930000 0.085376
-1.931000 0.085131
-1.932100 0.084888
-1.933200 0.084647
-1.935000 0.084408
-1.936200 0.084172
-1.937200 0.083937
-1.938200 0.083705
-1.939200 0.083475
-1.940300 0.083247
-1.941300 0.083021
-1.942200 0.082798
-1.943000 0.082576
-1.944100 0.082357
-1.945200 0.082140
-1.946200 0.081925
-1.947000 0.081712
-1.948000 0.081501
-1.948900 0.081292
-1.949900 0.081085
-1.950800 0.080881
-1.951900 0.080679
-1.959100 0.080478
-1.964300 0.080280
-1.969700 0.080085
-1.974900 0.079892
-1.980200 0.079701
-1.989600 0.079512
-1.994000 0.079326
-1.998700 0.079143
-2.003000 0.078962
-2.007400 0.078783
-2.011800 0.078606
-2.015800 0.078432
-2.020000 0.078260
-2.024100 0.078091
-2.028100 0.077924
-2.032100 0.077759
-2.035900 0.077597
-2.039900 0.077437
-2.043400 0.077279
-2.046900 0.077124
-2.054100 0.076971
-2.057500 0.076820
-2.060800 0.076672
-2.064200 0.076525
-2.067700 0.076382
-2.070900 0.076240
-2.077400 0.076101
-2.080300 0.075964
-2.083300 0.075829
-2.086300 0.075696
-2.089400 0.075566
-2.092300 0.075438
-2.098100 0.075312
-2.100900 0.075188
-2.103700 0.075067
-2.106500 0.074948
-2.109400 0.074830
-2.112100 0.074715
-2.114700 0.074603
-2.117400 0.074492
-2.120100 0.074383
-2.122800 0.074277
-2.125300 0.074172
-2.128100 0.074070
-2.130600 0.073970
-2.133200 0.073871
-2.135700 0.073775
-2.138400 0.073681
-2.140800 0.073588
-2.143100 0.073498
-2.145700 0.073409
-2.148000 0.073323
-2.150400 0.073238
-2.152600 0.073155
-2.154900 0.073075
-2.157200 0.072995
-2.161600 0.072918
-2.163900 0.072843
-2.166200 0.072769
-2.168500 0.072697
-2.170800 0.072627
-2.173000 0.072558
-2.175200 0.072492
-2.177400 0.072426
-2.179600 0.072363
-2.181800 0.072301
-2.184100 0.072241
-2.186200 0.072182
-2.188300 0.072125
-2.190500 0.072069
-2.192700 0.072015
-2.194700 0.071962
-2.196800 0.071911
-2.198900 0.071862
-2.201000 0.071813
-2.203000 0.071766
-2.205100 0.071721
-2.207100 0.071677
-2.209200 0.071634
-2.211300 0.071592
-2.213400 0.071552
-2.215400 0.071513
-2.217400 0.071475
-2.219300 0.071438
-2.223100 0.071403
-2.225200 0.071369
-2.227200 0.071336
-2.229200 0.071304
-2.231200 0.071273
-2.233200 0.071243
-2.235100 0.071214
-2.237100 0.071186
-2.239100 0.071160
-2.241100 0.071134
-2.243000 0.071109
-2.244900 0.071085
-2.246800 0.071062
-2.248700 0.071040
-2.250600 0.071019
-2.254500 0.070998
-2.256400 0.070979
-2.258400 0.070960
-2.260200 0.070942
-2.262100 0.070925
-2.265900 0.070908
-2.267900 0.070892
-2.269700 0.070877
-2.271600 0.070863
-2.273400 0.070849
-2.275300 0.070836
-2.277100 0.070823
-2.278900 0.070811
-2.280800 0.070800
-2.284700 0.070789
-2.286500 0.070778
-2.288300 0.070768
-2.290100 0.070759
-2.291900 0.070750
-2.293700 0.070741
-2.295600 0.070733
-2.297300 0.070726
-2.299300 0.070718
-2.301100 0.070711
-2.303000 0.070704
-2.304800 0.070698
-2.306700 0.070692
-2.308500 0.070686
-2.310400 0.070681
-2.312200 0.070675
-2.314000 0.070670
-2.315900 0.070665
-2.317700 0.070661
-2.319500 0.070656
-2.321500 0.070652
-2.323200 0.070647
-2.325100 0.070643
-2.327000 0.070639
-2.328800 0.070635
-2.330500 0.070631
-2.332300 0.070627
-2.334100 0.070623
-2.336000 0.070619
-2.338000 0.070616
-2.339900 0.070612
-2.341800 0.070608
-2.343600 0.070603
-2.347300 0.070599
-2.349100 0.070595
-2.351100 0.070591
-2.353000 0.070586
-2.354800 0.070581
-2.356700 0.070576
-2.358500 0.070571
-2.360500 0.070566
-2.362400 0.070561
-2.364300 0.070555
-2.366200 0.070549
-2.368100 0.070543
-2.370000 0.070536
-2.371900 0.070529
-2.373700 0.070522
-2.375800 0.070515
-2.377900 0.070507
-2.379900 0.070499
-2.381900 0.070491
-2.383800 0.070482
-2.385500 0.070472
-2.387400 0.070463
-2.389300 0.070453
-2.391400 0.070442
-2.393400 0.070431
-2.395500 0.070420
-2.397500 0.070408
-2.399300 0.070396
-2.401500 0.070383
-2.403400 0.070370
-2.407600 0.070356
-2.411500 0.070342
-2.413500 0.070327
-2.415700 0.070311
-2.417800 0.070295
-2.419900 0.070279
-2.422100 0.070262
-2.424200 0.070244
-2.426300 0.070226
-2.428500 0.070207
-2.430500 0.070187
-2.432700 0.070167
-2.434900 0.070146
-2.437000 0.070124
-2.439100 0.070102
-2.441400 0.070079
-2.443600 0.070055
-2.445700 0.070031
-2.447900 0.070006
-2.450200 0.069980
-2.452700 0.069954
-2.457200 0.069927
-2.462000 0.069899
-2.464400 0.069871
-2.466900 0.069842
-2.469200 0.069813
-2.471700 0.069783
-2.474300 0.069752
-2.476800 0.069720
-2.479400 0.069688
-2.481800 0.069655
-2.484500 0.069622
-2.487000 0.069588
-2.489500 0.069553
-2.492100 0.069517
-2.494900 0.069480
-2.497600 0.069443
-2.500300 0.069405
-2.503000 0.069366
-2.505900 0.069327
-2.508700 0.069287
-2.511600 0.069245
-2.514400 0.069204
-2.517300 0.069161
-2.520400 0.069117
-2.523300 0.069073
-2.526200 0.069028
-2.529400 0.068982
-2.532600 0.068934
-2.535600 0.068887
-2.538800 0.068838
-2.542100 0.068788
-2.545400 0.068737
-2.548700 0.068685
-2.552200 0.068632
-2.555700 0.068578
-2.559200 0.068523
-2.562900 0.068466
-2.566700 0.068408
-2.570400 0.068349
-2.574200 0.068289
-2.578200 0.068243
-2.582400 0.068195
-2.586700 0.068147
-2.590700 0.068098
-2.594900 0.068047
-2.599600 0.067996
-2.604100 0.067943
-2.608600 0.067889
-2.613500 0.067834
-2.618400 0.067778
-2.623400 0.067720
-2.633800 0.067662
-2.639500 0.067602
-2.645000 0.067542
-2.651100 0.067480
-2.657300 0.067417
-2.663900 0.067353
-2.670400 0.067288
-2.677800 0.067222
-2.685200 0.067156
-2.692900 0.067088
-2.701700 0.067020
-2.710400 0.066951
-2.719100 0.066881
-2.728500 0.066810
-2.738900 0.066736
-2.749800 0.066661
-2.761700 0.066584
-2.774600 0.066505
-2.787700 0.066423
-2.802700 0.066340
-2.818400 0.066255
-2.837100 0.066167
-2.881700 0.066077
-2.907900 0.065984
-2.940700 0.065888
-2.979100 0.065787
-3.024900 0.065683
-3.082800 0.065575
-3.156300 0.065461
-3.419200 0.065341
-3.677800 0.065214
-5.353400 0.065079
-13.727000 0.064935
