86.087000 0.341233
12.631000 0.341233
6.399000 0.341233
4.398500 0.341233
3.525000 0.341233
2.928900 0.341233
2.419900 0.341233
2.100200 0.341233
1.903000 0.341233
1.729600 0.341233
1.614800 0.341233
1.505700 0.341233
1.401800 0.341233
1.308000 0.341233
1.219700 0.341233
1.137400 0.341233
1.077100 0.341233
1.010600 0.341233
0.953270 0.341233
0.890650 0.341233
0.826530 0.341233
0.734000 0.341233
0.690480 0.341233
0.646570 0.341233
0.601280 0.341233
0.570180 0.341232
0.534720 0.341225
0.471060 0.341154
0.412710 0.340443
0.388170 0.333330
0.367360 0.326217
0.343650 0.322643
0.297170 0.320342
0.277210 0.318560
0.258960 0.316947
0.220510 0.315388
0.201930 0.313971
0.184470 0.312661
0.167930 0.311427
0.151330 0.310273
0.136190 0.309197
0.107440 0.308199
0.092490 0.306703
0.068320 0.305524
0.055076 0.304513
0.043021 0.303580
0.032126 0.302692
0.019217 0.301846
0.006980 0.301036
-0.003976 0.300260
-0.016213 0.299518
-0.027200 0.298811
-0.038125 0.298168
-0.048806 0.297569
-0.058785 0.297004
-0.067361 0.296466
-0.076333 0.295954
-0.094094 0.295465
-0.101850 0.295001
-0.110850 0.294561
-0.119670 0.294144
-0.128210 0.293747
-0.136060 0.293370
-0.144690 0.293013
-0.153630 0.292678
-0.161540 0.292364
-0.168340 0.292074
-0.176460 0.291807
-0.184240 0.291565
-0.192330 0.291348
-0.198710 0.291157
-0.206030 0.290990
-0.212010 0.290847
-0.219310 0.290727
-0.226450 0.290630
-0.232860 0.290552
-0.238410 0.290493
-0.245070 0.290448
-0.251260 0.290415
-0.257520 0.290389
-0.262860 0.290366
-0.268650 0.290341
-0.280950 0.290309
-0.286140 0.290265
-0.291880 0.290202
-0.297710 0.290114
-0.303080 0.289994
-0.307470 0.289835
-0.312330 0.289629
-0.317270 0.289369
-0.322430 0.289049
-0.327490 0.288660
-0.332190 0.288197
-0.336620 0.287657
-0.341350 0.287034
-0.346290 0.286326
-0.351240 0.285532
-0.356420 0.284651
-0.360880 0.283686
-0.365270 0.282636
-0.369300 0.281507
-0.373510 0.280300
-0.378090 0.279022
-0.382150 0.277678
-0.387280 0.276275
-0.391640 0.274820
-0.396190 0.273321
-0.399670 0.271788
-0.403540 0.270227
-0.407940 0.268648
-0.411840 0.267059
-0.420360 0.265467
-0.423650 0.263880
-0.427500 0.262305
-0.430980 0.260749
-0.434430 0.259218
-0.438240 0.257717
-0.445540 0.256251
-0.448590 0.254824
-0.452710 0.253440
-0.456340 0.252101
-0.459790 0.250808
-0.463480 0.249562
-0.466900 0.248364
-0.470250 0.247213
-0.473610 0.246108
-0.477180 0.245046
-0.480540 0.244027
-0.484110 0.243048
-0.487040 0.242107
-0.490400 0.241201
-0.496800 0.240328
-0.499980 0.239484
-0.503150 0.238668
-0.506420 0.237876
-0.509290 0.237105
-0.512400 0.236351
-0.515110 0.235612
-0.517830 0.234883
-0.520640 0.234163
-0.523480 0.233447
-0.526380 0.232732
-0.528910 0.232016
-0.531780 0.231295
-0.537060 0.230568
-0.539960 0.229832
-0.542610 0.229084
-0.545630 0.228324
-0.548410 0.227550
-0.551130 0.226761
-0.553780 0.225959
-0.556310 0.225142
-0.558880 0.224313
-0.561620 0.223471
-0.564340 0.222619
-0.566810 0.221759
-0.569250 0.220892
-0.572090 0.220022
-0.574500 0.219150
-0.577220 0.218279
-0.579480 0.217412
-0.582040 0.216552
-0.584660 0.215701
-0.587080 0.214861
-0.589210 0.214036
-0.591650 0.213226
-0.594130 0.212434
-0.596630 0.211661
-0.599250 0.210907
-0.601510 0.210175
-0.603770 0.209463
-0.606150 0.208772
-0.608350 0.208102
-0.611030 0.207452
-0.613140 0.206823
-0.617870 0.206212
-0.620000 0.205619
-0.622290 0.205043
-0.624550 0.204482
-0.626600 0.203936
-0.628760 0.203402
-0.630530 0.202878
-0.632550 0.202364
-0.634560 0.201858
-0.636540 0.201357
-0.638530 0.200861
-0.640480 0.200368
-0.653420 0.199877
-0.665290 0.199388
-0.677040 0.198899
-0.687810 0.198411
-0.698800 0.197922
-0.708840 0.197434
-0.718390 0.196946
-0.727090 0.196458
-0.735480 0.195970
-0.744120 0.195484
-0.752450 0.194998
-0.760660 0.194514
-0.768680 0.194030
-0.776250 0.193548
-0.783670 0.193068
-0.791270 0.192588
-0.798560 0.192110
-0.805430 0.191632
-0.811930 0.191154
-0.818640 0.190675
-0.831890 0.190195
-0.837900 0.189712
-0.844280 0.189227
-0.850320 0.188736
-0.855870 0.188241
-0.861640 0.187739
-0.867560 0.187231
-0.873120 0.186714
-0.878700 0.186189
-0.883860 0.185655
-0.894330 0.185112
-0.899300 0.184559
-0.904180 0.183995
-0.909280 0.183422
-0.914310 0.182838
-0.919260 0.182244
-0.924170 0.181640
-0.928570 0.181026
-0.933080 0.180403
-0.942150 0.179771
-0.946360 0.179131
-0.950780 0.178484
-0.954930 0.177830
-0.959390 0.177169
-0.963810 0.176503
-0.968000 0.175833
-0.972120 0.175158
-0.976020 0.174480
-0.984200 0.173798
-0.988260 0.173115
-0.992230 0.172429
-0.999760 0.171743
-1.003800 0.171056
-1.007500 0.170369
-1.014900 0.169683
-1.018600 0.168999
-1.022300 0.168316
-1.025900 0.167636
-1.029600 0.166958
-1.033200 0.166284
-1.036700 0.165614
-1.040100 0.164949
-1.043400 0.164287
-1.047100 0.163631
-1.050500 0.162980
-1.053800 0.162333
-1.057100 0.161692
-1.060200 0.161056
-1.063500 0.160425
-1.066900 0.159799
-1.069900 0.159177
-1.073000 0.158561
-1.076100 0.157949
-1.079100 0.157342
-1.082200 0.156739
-1.085300 0.156141
-1.088500 0.155548
-1.091700 0.154959
-1.094700 0.154375
-1.097700 0.153795
-1.100700 0.153219
-1.103700 0.152648
-1.106700 0.152081
-1.109500 0.151518
-1.112400 0.150959
-1.115200 0.150405
-1.118100 0.149854
-1.121100 0.149308
-1.124000 0.148765
-1.126700 0.148227
-1.129400 0.147692
-1.132200 0.147161
-1.134900 0.146634
-1.137600 0.146111
-1.140200 0.145591
-1.143000 0.145075
-1.145800 0.144563
-1.148500 0.144054
-1.151400 0.143549
-1.154000 0.143048
-1.156500 0.142550
-1.161800 0.142055
-1.164400 0.141564
-1.167100 0.141076
-1.172300 0.140592
-1.174900 0.140111
-1.177400 0.139633
-1.180200 0.139158
-1.182900 0.138687
-1.185500 0.138219
-1.188000 0.137754
-1.190500 0.137292
-1.193100 0.136833
-1.195700 0.136378
-1.198400 0.135925
-1.200900 0.135475
-1.203500 0.135029
-1.206100 0.134585
-1.208700 0.134144
-1.211200 0.133706
-1.213800 0.133271
-1.216400 0.132839
-1.218800 0.132409
-1.221200 0.131982
-1.223800 0.131558
-1.226300 0.131137
-1.228800 0.130718
-1.231200 0.130302
-1.233600 0.129889
-1.236300 0.129478
-1.238600 0.129070
-1.241100 0.128665
-1.243600 0.128262
-1.246300 0.127861
-1.248700 0.127463
-1.251100 0.127068
-1.253500 0.126675
-1.256100 0.126284
-1.261300 0.125896
-1.263700 0.125510
-1.266100 0.125127
-1.268600 0.124745
-1.271000 0.124367
-1.273300 0.123990
-1.275800 0.123616
-1.278300 0.123244
-1.281000 0.122874
-1.283600 0.122507
-1.286300 0.122142
-1.288800 0.121778
-1.291500 0.121418
-1.293900 0.121059
-1.296600 0.120702
-1.299100 0.120348
-1.301700 0.119995
-1.304300 0.119645
-1.306900 0.119296
-1.309500 0.118950
-1.312100 0.118606
-1.314600 0.118263
-1.317100 0.117923
-1.319700 0.117585
-1.322100 0.117248
-1.324800 0.116914
-1.327400 0.116581
-1.329900 0.116250
-1.332400 0.115921
-1.335000 0.115594
-1.337600 0.115269
-1.340100 0.114945
-1.342800 0.114624
-1.345600 0.114304
-1.348200 0.113986
-1.350900 0.113670
-1.353600 0.113355
-1.356300 0.113042
-1.358900 0.112731
-1.361700 0.112422
-1.364300 0.112114
-1.369600 0.111808
-1.372300 0.111504
-1.375100 0.111201
-1.378000 0.110900
-1.383600 0.110600
-1.386300 0.110303
-1.389100 0.110006
-1.391900 0.109712
-1.394700 0.109419
-1.397500 0.109127
-1.400300 0.108837
-1.403100 0.108549
-1.405900 0.108262
-1.408900 0.107977
-1.411800 0.107693
-1.414800 0.107410
-1.417800 0.107130
-1.420800 0.106850
-1.426800 0.106572
-1.432900 0.106296
-1.435900 0.106021
-1.439100 0.105747
-1.442300 0.105475
-1.445500 0.105204
-1.448800 0.104935
-1.452000 0.104667
-1.455000 0.104400
-1.461700 0.104135
-1.465100 0.103871
-1.468600 0.103608
-1.472000 0.103347
-1.475600 0.103087
-1.479100 0.102828
-1.482700 0.102571
-1.486200 0.102315
-1.489700 0.102060
-1.493500 0.101806
-1.496800 0.101554
-1.500600 0.101303
-1.504300 0.101053
-1.508000 0.100804
-1.511900 0.100557
-1.515600 0.100310
-1.519500 0.100065
-1.523400 0.099822
-1.527400 0.099579
-1.531300 0.099338
-1.535300 0.099097
-1.539500 0.098858
-1.543800 0.098620
-1.548300 0.098383
-1.552600 0.098148
-1.556900 0.097913
-1.561400 0.097680
-1.566100 0.097447
-1.571000 0.097216
-1.576100 0.096986
-1.580800 0.096757
-1.585900 0.096529
-1.590800 0.096302
-1.601000 0.096076
-1.606600 0.095852
-1.611700 0.095628
-1.617400 0.095405
-1.623000 0.095184
-1.629100 0.094963
-1.635000 0.094744
-1.641200 0.094525
-1.654200 0.094307
-1.661300 0.094091
-1.668300 0.093875
-1.675800 0.093661
-1.683400 0.093447
-1.699300 0.093234
-1.707900 0.093023
-1.716900 0.092812
-1.726300 0.092602
-1.746000 0.092393
-1.756100 0.092185
-1.768100 0.091978
-1.793800 0.091771
-1.806400 0.091565
-1.820900 0.091360
-1.853700 0.091156
-1.872500 0.090953
-1.894100 0.090751
-1.915900 0.090546
-1.941900 0.090343
-1.966900 0.090140
-1.998500 0.089939
-2.034400 0.089738
-2.076000 0.089539
-2.126800 0.089340
-2.283600 0.089142
-2.400200 0.088945
-4.166100 0.088749
-7.525800 0.088555
-10.490000 0.088362
