2.038200 0.148556
1.715300 0.148556
1.344700 0.148556
1.217100 0.148556
1.109500 0.148556
1.013700 0.148556
0.940390 0.148556
0.881130 0.148556
0.821190 0.148556
0.772650 0.148556
0.727520 0.148556
0.686980 0.148556
0.647110 0.148556
0.605550 0.148556
0.571910 0.148556
0.543160 0.148556
0.509470 0.148556
0.483270 0.148556
0.457150 0.148556
0.432150 0.148556
0.408000 0.148556
0.388040 0.148556
0.329450 0.148556
0.309110 0.148556
0.291350 0.148556
0.276250 0.148556
0.257500 0.148556
0.243650 0.148556
0.228880 0.148556
0.216750 0.148556
0.203200 0.148556
0.189890 0.148556
0.178900 0.148556
0.166910 0.148556
0.154340 0.148556
0.143090 0.148556
0.131330 0.148556
0.120710 0.148556
0.110280 0.148556
0.102670 0.148556
0.094019 0.148556
0.085871 0.148556
0.076365 0.148556
0.067408 0.148556
0.051050 0.148556
0.033137 0.148556
0.024271 0.148556
0.017313 0.148556
0.010233 0.148556
0.003840 0.148556
-0.002966 0.148556
-0.009985 0.148556
-0.016485 0.148556
-0.027853 0.148556
-0.037130 0.148556
-0.042791 0.148556
-0.055761 0.148556
-0.063055 0.148556
-0.068792 0.148556
-0.074468 0.148556
-0.080450 0.148556
-0.085912 0.148556
-0.091146 0.148556
-0.096868 0.148556
-0.101640 0.148556
-0.106800 0.148556
-0.111470 0.148556
-0.116690 0.148556
-0.126320 0.148556
-0.131520 0.148556
-0.136340 0.148555
-0.140450 0.148554
-0.144960 0.148537
-0.149830 0.148367
-0.154300 0.146670
-0.158150 0.144973
-0.166420 0.143396
-0.171000 0.141913
-0.175530 0.140515
-0.179170 0.139197
-0.183890 0.137942
-0.187790 0.136746
-0.191440 0.135609
-0.196080 0.134530
-0.200090 0.133500
-0.204260 0.132491
-0.207720 0.131510
-0.211520 0.130559
-0.219730 0.129644
-0.223410 0.128764
-0.226520 0.127922
-0.229590 0.127117
-0.232850 0.126350
-0.236380 0.125620
-0.239710 0.124928
-0.243170 0.124273
-0.249460 0.123654
-0.258310 0.122841
-0.261450 0.122062
-0.267310 0.121316
-0.273310 0.120602
-0.276720 0.119917
-0.282780 0.119262
-0.285360 0.118635
-0.288000 0.118035
-0.291010 0.117462
-0.293550 0.116914
-0.296290 0.116390
-0.299260 0.115891
-0.301690 0.115416
-0.304370 0.114963
-0.306860 0.114533
-0.309500 0.114124
-0.312120 0.113736
-0.314470 0.113367
-0.317130 0.113016
-0.319330 0.112683
-0.321810 0.112371
-0.324360 0.112080
-0.329630 0.111809
-0.334940 0.111557
-0.337090 0.111323
-0.339440 0.111106
-0.341830 0.110906
-0.344440 0.110721
-0.346700 0.110551
-0.348820 0.110395
-0.351290 0.110252
-0.353490 0.110121
-0.355750 0.110001
-0.357950 0.109892
-0.361960 0.109792
-0.364280 0.109701
-0.366410 0.109618
-0.368600 0.109543
-0.370850 0.109474
-0.372950 0.109411
-0.375340 0.109353
-0.377220 0.109299
-0.379290 0.109248
-0.381370 0.109200
-0.383470 0.109153
-0.385400 0.109108
-0.387490 0.109064
-0.389700 0.109020
-0.391640 0.108975
-0.393390 0.108929
-0.395500 0.108881
-0.397420 0.108831
-0.399310 0.108778
-0.401220 0.108723
-0.402900 0.108664
-0.404520 0.108602
-0.406160 0.108535
-0.408010 0.108464
-0.409860 0.108389
-0.411750 0.108308
-0.413670 0.108223
-0.415490 0.108133
-0.417390 0.108037
-0.419230 0.107937
-0.420750 0.107830
-0.422520 0.107719
-0.424260 0.107602
-0.425770 0.107480
-0.427510 0.107352
-0.431310 0.107220
-0.433020 0.107082
-0.434640 0.106939
-0.436410 0.106792
-0.438120 0.106639
-0.439780 0.106482
-0.441580 0.106321
-0.443110 0.106156
-0.446490 0.105986
-0.448000 0.105813
-0.458040 0.105637
-0.467170 0.105457
-0.476020 0.105274
-0.483910 0.105089
-0.492150 0.104901
-0.500260 0.104710
-0.507730 0.104518
-0.515250 0.104324
-0.522510 0.104128
-0.529230 0.103931
-0.535880 0.103733
-0.542410 0.103535
-0.548760 0.103336
-0.554980 0.103136
-0.560960 0.102937
-0.567050 0.102738
-0.572880 0.102539
-0.578560 0.102341
-0.584250 0.102144
-0.589730 0.101948
-0.595220 0.101753
-0.605960 0.101560
-0.616280 0.101368
-0.620870 0.101178
-0.625480 0.100990
-0.630300 0.100804
-0.639440 0.100620
-0.643710 0.100438
-0.648310 0.100259
-0.652760 0.100082
-0.656870 0.099908
-0.661490 0.099737
-0.666020 0.099568
-0.670390 0.099402
-0.674340 0.099238
-0.678050 0.099078
-0.681840 0.098920
-0.693470 0.098766
-0.697390 0.098614
-0.701030 0.098464
-0.704690 0.098318
-0.708400 0.098174
-0.714320 0.098033
-0.718100 0.097894
-0.721500 0.097758
-0.724910 0.097625
-0.728550 0.097493
-0.731970 0.097364
-0.735390 0.097237
-0.738820 0.097111
-0.742130 0.096988
-0.745580 0.096866
-0.748770 0.096746
-0.751850 0.096626
-0.755040 0.096508
-0.758290 0.096391
-0.761330 0.096275
-0.764530 0.096160
-0.767710 0.096044
-0.770740 0.095930
-0.773790 0.095815
-0.776830 0.095700
-0.779850 0.095584
-0.782960 0.095468
-0.785830 0.095351
-0.788820 0.095234
-0.797630 0.095115
-0.800480 0.094995
-0.803300 0.094873
-0.806140 0.094749
-0.808840 0.094624
-0.811470 0.094497
-0.814170 0.094367
-0.816840 0.094235
-0.819360 0.094101
-0.822030 0.093963
-0.824610 0.093823
-0.827220 0.093680
-0.829950 0.093534
-0.835150 0.093385
-0.837650 0.093232
-0.840140 0.093076
-0.842600 0.092916
-0.845140 0.092753
-0.847600 0.092587
-0.850100 0.092416
-0.855170 0.092242
-0.857640 0.092064
-0.860140 0.091883
-0.862520 0.091697
-0.865100 0.091508
-0.867620 0.091316
-0.870180 0.091119
-0.872660 0.090919
-0.875080 0.090715
-0.877490 0.090508
-0.879930 0.090297
-0.882270 0.090083
-0.884570 0.089865
-0.886820 0.089644
-0.889240 0.089420
-0.891550 0.089193
-0.893760 0.088963
-0.896080 0.088731
-0.898490 0.088495
-0.900870 0.088257
-0.903190 0.088016
-0.905390 0.087773
-0.907550 0.087528
-0.910010 0.087281
-0.912250 0.087032
-0.914540 0.086781
-0.916830 0.086529
-0.919180 0.086275
-0.921390 0.086020
-0.923700 0.085763
-0.925970 0.085506
-0.928380 0.085247
-0.930670 0.084988
-0.932960 0.084728
-0.935220 0.084467
-0.937460 0.084206
-0.939780 0.083945
-0.942070 0.083684
-0.944390 0.083422
-0.946680 0.083161
-0.948980 0.082899
-0.951190 0.082638
-0.953450 0.082378
-0.955660 0.082117
-0.957830 0.081858
-0.960120 0.081599
-0.962290 0.081340
-0.964470 0.081083
-0.966730 0.080826
-0.969000 0.080570
-0.971380 0.080315
-0.973610 0.080061
-0.978020 0.079808
-0.980250 0.079556
-0.982440 0.079306
-0.984730 0.079056
-0.989250 0.078808
-0.991630 0.078561
-0.993900 0.078315
-0.996250 0.078071
-0.998510 0.077828
-1.000800 0.077586
-1.003000 0.077346
-1.005300 0.077107
-1.007600 0.076869
-1.009800 0.076633
-1.012000 0.076398
-1.014400 0.076164
-1.016600 0.075932
-1.018900 0.075701
-1.021300 0.075472
-1.023500 0.075244
-1.025700 0.075018
-1.028000 0.074793
-1.030500 0.074569
-1.032900 0.074347
-1.035400 0.074126
-1.037700 0.073907
-1.040000 0.073689
-1.042400 0.073472
-1.044800 0.073257
-1.047100 0.073044
-1.049500 0.072832
-1.051800 0.072621
-1.054200 0.072412
-1.056500 0.072204
-1.059000 0.071998
-1.061400 0.071793
-1.066400 0.071590
-1.068900 0.071389
-1.071400 0.071188
-1.073900 0.070990
-1.076400 0.070793
-1.081300 0.070598
-1.083800 0.070404
-1.086300 0.070212
-1.088800 0.070022
-1.091500 0.069833
-1.094100 0.069646
-1.096600 0.069461
-1.099300 0.069277
-1.101900 0.069095
-1.104600 0.068915
-1.107300 0.068737
-1.110000 0.068561
-1.112800 0.068386
-1.115600 0.068213
-1.118400 0.068042
-1.121200 0.067873
-1.124000 0.067706
-1.126800 0.067541
-1.129700 0.067378
-1.132600 0.067216
-1.135600 0.067056
-1.138500 0.066899
-1.141500 0.066743
-1.144600 0.066589
-1.147700 0.066437
-1.150800 0.066286
-1.153800 0.066138
-1.156900 0.065991
-1.160100 0.065846
-1.163500 0.065703
-1.166800 0.065562
-1.170200 0.065422
-1.173600 0.065284
-1.177100 0.065148
-1.180800 0.065013
-1.184000 0.064880
-1.187500 0.064748
-1.191200 0.064618
-1.194700 0.064489
-1.198300 0.064361
-1.205600 0.064235
-1.209500 0.064110
-1.213300 0.063986
-1.217200 0.063863
-1.221300 0.063741
-1.225300 0.063621
-1.229400 0.063501
-1.233800 0.063382
-1.238400 0.063264
-1.242600 0.063146
-1.247000 0.063029
-1.251500 0.062913
-1.256200 0.062797
-1.261200 0.062681
-1.266200 0.062566
-1.271300 0.062451
-1.276500 0.062337
-1.281900 0.062223
-1.286900 0.062108
-1.292600 0.061994
-1.298500 0.061880
-1.304500 0.061766
-1.310900 0.061652
-1.323800 0.061537
-1.330300 0.061423
-1.337000 0.061308
-1.344000 0.061193
-1.351300 0.061078
-1.358700 0.060962
-1.366900 0.060846
-1.374800 0.060730
-1.383300 0.060613
-1.392400 0.060495
-1.401400 0.060377
-1.421000 0.060258
-1.431500 0.060139
-1.442400 0.060019
-1.453900 0.059899
-1.465500 0.059779
-1.478600 0.059662
-1.507800 0.059545
-1.523700 0.059426
-1.539000 0.059307
-1.556900 0.059187
-1.574400 0.059066
-1.595100 0.058944
-1.617200 0.058820
-1.641600 0.058696
-1.667600 0.058571
-1.697700 0.058446
-1.730500 0.058319
-1.803000 0.058192
-1.852500 0.058064
-1.906800 0.057934
-1.971100 0.057803
-2.043000 0.057672
-2.132900 0.057540
-2.245800 0.057408
-2.400900 0.057277
-3.043700 0.057146
-9.670000 0.057018
