63.449000 0.369047
11.333000 0.369047
5.129000 0.369047
3.314300 0.369047
2.310000 0.369047
1.854200 0.369047
1.470300 0.369047
0.962370 0.369047
0.786280 0.369047
0.646240 0.369047
0.523070 0.369047
0.420770 0.369047
0.332670 0.369047
0.262480 0.369047
0.192530 0.369047
0.130890 0.369047
0.062009 0.369047
0.008572 0.369047
-0.042209 0.369047
-0.086978 0.369047
-0.134070 0.369046
-0.176120 0.369038
-0.210090 0.368957
-0.248290 0.368142
-0.278840 0.360000
-0.310670 0.351858
-0.342750 0.345678
-0.371400 0.340366
-0.394750 0.335603
-0.419070 0.331204
-0.439550 0.327108
-0.465580 0.323291
-0.483920 0.319745
-0.503270 0.316412
-0.521880 0.313170
-0.538670 0.310062
-0.556670 0.307102
-0.571470 0.304297
-0.587070 0.301651
-0.603860 0.299164
-0.618200 0.296835
-0.632850 0.294663
-0.643920 0.292648
-0.657750 0.290787
-0.671850 0.288115
-0.683350 0.285666
-0.694520 0.283381
-0.705970 0.281237
-0.716100 0.279220
-0.726170 0.277323
-0.737000 0.275539
-0.746950 0.273861
-0.758180 0.272287
-0.766630 0.270815
-0.776620 0.269439
-0.785830 0.268158
-0.794100 0.266964
-0.802740 0.265855
-0.809510 0.264826
-0.818510 0.263870
-0.826970 0.262983
-0.834540 0.262158
-0.842410 0.261418
-0.849860 0.260753
-0.856750 0.260158
-0.864410 0.259628
-0.870610 0.259158
-0.877690 0.258743
-0.884920 0.258378
-0.891270 0.258059
-0.897560 0.257781
-0.904060 0.257540
-0.910530 0.257330
-0.922340 0.257149
-0.928620 0.256990
-0.934090 0.256851
-0.939670 0.256728
-0.944770 0.256615
-0.949980 0.256508
-0.955910 0.256405
-0.961090 0.256300
-0.966340 0.256191
-0.971810 0.256074
-0.981600 0.255946
-0.985510 0.255805
-0.990020 0.255647
-0.994080 0.255471
-0.998170 0.255273
-1.002600 0.255054
-1.007600 0.254810
-1.017000 0.254541
-1.021300 0.254245
-1.025200 0.253922
-1.029100 0.253572
-1.033100 0.253193
-1.037400 0.252786
-1.041500 0.252351
-1.045100 0.251889
-1.049200 0.251399
-1.053300 0.250884
-1.056400 0.250342
-1.059800 0.249777
-1.067500 0.249188
-1.070500 0.248577
-1.074100 0.247946
-1.077200 0.247295
-1.080600 0.246627
-1.083900 0.245943
-1.090500 0.245244
-1.093700 0.244533
-1.096800 0.243810
-1.099600 0.243077
-1.102400 0.242336
-1.105400 0.241589
-1.108200 0.240836
-1.111300 0.240079
-1.114600 0.239320
-1.117600 0.238559
-1.120600 0.237797
-1.123600 0.237036
-1.126200 0.236277
-1.129000 0.235519
-1.131400 0.234764
-1.134400 0.234012
-1.136800 0.233264
-1.139600 0.232520
-1.142200 0.231780
-1.145000 0.231045
-1.147300 0.230313
-1.149600 0.229586
-1.152200 0.228862
-1.154600 0.228143
-1.156600 0.227427
-1.158800 0.226713
-1.161300 0.226003
-1.163900 0.225294
-1.166400 0.224588
-1.168800 0.223882
-1.171200 0.223177
-1.173400 0.222472
-1.175800 0.221766
-1.177800 0.221059
-1.180200 0.220351
-1.183000 0.219640
-1.185300 0.218927
-1.187300 0.218211
-1.189200 0.217491
-1.191500 0.216768
-1.194000 0.216040
-1.197900 0.215308
-1.199900 0.214571
-1.202500 0.213830
-1.204900 0.213083
-1.206900 0.212331
-1.209200 0.211574
-1.211300 0.210812
-1.213400 0.210045
-1.217400 0.209272
-1.219200 0.208495
-1.221200 0.207713
-1.223200 0.206926
-1.225000 0.206135
-1.226800 0.205340
-1.228900 0.204542
-1.230500 0.203739
-1.232800 0.202934
-1.236600 0.202125
-1.238700 0.201314
-1.240200 0.200500
-1.242000 0.199685
-1.243500 0.198867
-1.245400 0.198049
-1.247100 0.197229
-1.248800 0.196409
-1.250500 0.195588
-1.252500 0.194766
-1.254000 0.193945
-1.255700 0.193124
-1.257200 0.192303
-1.258900 0.191483
-1.260700 0.190664
-1.263700 0.189846
-1.265600 0.189029
-1.267300 0.188213
-1.269100 0.187398
-1.270700 0.186585
-1.274000 0.185774
-1.275400 0.184964
-1.277000 0.184156
-1.278500 0.183349
-1.288100 0.182545
-1.296900 0.181742
-1.305700 0.180942
-1.314300 0.180143
-1.322500 0.179347
-1.330700 0.178553
-1.338400 0.177761
-1.345300 0.176971
-1.359400 0.176184
-1.366000 0.175399
-1.379200 0.174617
-1.385500 0.173837
-1.391700 0.173060
-1.397800 0.172286
-1.403800 0.171515
-1.409700 0.170748
-1.415500 0.169983
-1.421300 0.169222
-1.427300 0.168465
-1.432700 0.167711
-1.438000 0.166962
-1.443300 0.166216
-1.448700 0.165475
-1.454300 0.164738
-1.459600 0.164006
-1.464200 0.163279
-1.469200 0.162557
-1.474000 0.161840
-1.478600 0.161128
-1.483300 0.160423
-1.488000 0.159722
-1.497100 0.159028
-1.501400 0.158340
-1.505800 0.157659
-1.510200 0.156983
-1.514400 0.156314
-1.518500 0.155652
-1.522600 0.154997
-1.526700 0.154348
-1.530900 0.153707
-1.535000 0.153072
-1.538900 0.152445
-1.547000 0.151824
-1.551100 0.151211
-1.555100 0.150605
-1.558800 0.150006
-1.562700 0.149414
-1.566400 0.148830
-1.570000 0.148252
-1.573700 0.147682
-1.581300 0.147118
-1.585000 0.146561
-1.588700 0.146011
-1.592300 0.145468
-1.595800 0.144931
-1.599600 0.144401
-1.603000 0.143877
-1.606600 0.143359
-1.610300 0.142847
-1.613700 0.142341
-1.620600 0.141841
-1.624100 0.141346
-1.630900 0.140857
-1.634200 0.140373
-1.640900 0.139894
-1.644100 0.139420
-1.647300 0.138951
-1.650600 0.138487
-1.654100 0.138027
-1.657100 0.137571
-1.660300 0.137120
-1.663500 0.136673
-1.670000 0.136230
-1.673000 0.135791
-1.676300 0.135355
-1.679200 0.134923
-1.682300 0.134495
-1.685500 0.134070
-1.688600 0.133648
-1.691600 0.133230
-1.694600 0.132815
-1.697600 0.132403
-1.700600 0.131994
-1.703600 0.131588
-1.706600 0.131185
-1.709700 0.130785
-1.712700 0.130388
-1.715700 0.129994
-1.718700 0.129603
-1.721700 0.129214
-1.724600 0.128828
-1.727700 0.128445
-1.730500 0.128065
-1.733500 0.127687
-1.736600 0.127313
-1.739700 0.126940
-1.742700 0.126571
-1.745800 0.126204
-1.748500 0.125839
-1.751400 0.125477
-1.754100 0.125118
-1.757000 0.124760
-1.759900 0.124406
-1.762600 0.124053
-1.765500 0.123703
-1.768200 0.123355
-1.771100 0.123009
-1.773900 0.122665
-1.776800 0.122324
-1.782800 0.121984
-1.785500 0.121646
-1.788500 0.121309
-1.791200 0.120974
-1.794100 0.120641
-1.797000 0.120310
-1.799700 0.119979
-1.802500 0.119650
-1.805200 0.119322
-1.808000 0.118995
-1.810700 0.118670
-1.813700 0.118345
-1.816400 0.118021
-1.819200 0.117697
-1.821600 0.117375
-1.824300 0.117053
-1.827100 0.116732
-1.829800 0.116411
-1.832500 0.116090
-1.835300 0.115770
-1.838000 0.115450
-1.840700 0.115131
-1.843400 0.114812
-1.846100 0.114493
-1.848900 0.114174
-1.851800 0.113855
-1.854600 0.113537
-1.857400 0.113219
-1.860200 0.112902
-1.863100 0.112584
-1.865900 0.112267
-1.869000 0.111950
-1.871800 0.111633
-1.874600 0.111317
-1.877500 0.111002
-1.880500 0.110686
-1.883500 0.110372
-1.886500 0.110057
-1.889400 0.109744
-1.892200 0.109431
-1.895000 0.109119
-1.897900 0.108807
-1.900700 0.108497
-1.903500 0.108187
-1.906400 0.107879
-1.909300 0.107571
-1.912500 0.107264
-1.915500 0.106958
-1.918300 0.106654
-1.921300 0.106351
-1.924300 0.106048
-1.927400 0.105748
-1.930400 0.105448
-1.933400 0.105150
-1.936500 0.104853
-1.939600 0.104557
-1.942700 0.104263
-1.945800 0.103971
-1.948900 0.103679
-1.951900 0.103390
-1.955100 0.103101
-1.958300 0.102815
-1.961500 0.102529
-1.964700 0.102245
-1.968000 0.101963
-1.971100 0.101682
-1.974300 0.101403
-1.977600 0.101125
-1.981100 0.100849
-1.984400 0.100574
-1.987500 0.100300
-1.991000 0.100028
-1.997600 0.099758
-2.001300 0.099489
-2.004700 0.099221
-2.008000 0.098955
-2.011400 0.098690
-2.014700 0.098427
-2.018000 0.098165
-2.021600 0.097905
-2.025100 0.097646
-2.028400 0.097388
-2.032000 0.097131
-2.035800 0.096876
-2.039400 0.096623
-2.043200 0.096370
-2.046800 0.096119
-2.050700 0.095870
-2.054400 0.095621
-2.058100 0.095374
-2.061900 0.095128
-2.069300 0.094883
-2.077000 0.094640
-2.081400 0.094398
-2.085100 0.094157
-2.089000 0.093918
-2.093200 0.093679
-2.097400 0.093442
-2.101300 0.093206
-2.105500 0.092971
-2.109600 0.092737
-2.113900 0.092505
-2.118400 0.092274
-2.122700 0.092044
-2.127100 0.091815
-2.131800 0.091587
-2.136300 0.091360
-2.141200 0.091134
-2.145800 0.090910
-2.150200 0.090687
-2.155100 0.090464
-2.160000 0.090243
-2.164700 0.090023
-2.169300 0.089804
-2.174400 0.089586
-2.179700 0.089369
-2.185100 0.089153
-2.190200 0.088938
-2.195600 0.088725
-2.206300 0.088512
-2.212000 0.088300
-2.223700 0.088089
-2.229100 0.087879
-2.235400 0.087671
-2.241700 0.087463
-2.248000 0.087256
-2.255000 0.087050
-2.261700 0.086845
-2.268600 0.086641
-2.275500 0.086438
-2.282900 0.086235
-2.290000 0.086034
-2.298000 0.085833
-2.305500 0.085634
-2.321500 0.085435
-2.330300 0.085237
-2.348800 0.085040
-2.358200 0.084843
-2.367700 0.084648
-2.378600 0.084453
-2.389100 0.084258
-2.400000 0.084065
-2.411000 0.083872
-2.423100 0.083680
-2.435400 0.083489
-2.447800 0.083298
-2.462200 0.083109
-2.476300 0.082919
-2.491100 0.082731
-2.506600 0.082543
-2.522700 0.082357
-2.539000 0.082166
-2.558900 0.081977
-2.578200 0.081789
-2.599500 0.081601
-2.622500 0.081415
-2.647500 0.081229
-2.705000 0.081044
-2.740100 0.080860
-2.778600 0.080676
-2.864700 0.080493
-2.905600 0.080310
-2.961100 0.080129
-3.019500 0.079948
-3.092600 0.079769
-3.186700 0.079590
-3.309800 0.079413
-3.916600 0.079237
-4.646000 0.079063
-8.026500 0.078891
