39.485000 0.189908
8.014600 0.189908
7.211400 0.189908
6.719000 0.189908
5.592400 0.189908
4.607600 0.189908
3.720500 0.189908
2.903800 0.189908
1.243400 0.189908
1.008600 0.189908
0.626960 0.189908
0.485270 0.189908
0.275670 0.189908
0.172310 0.189908
0.010564 0.189908
-0.049220 0.189908
-0.102020 0.189908
-0.144190 0.189908
-0.186340 0.189908
-0.227530 0.189908
-0.261960 0.189908
-0.300290 0.189908
-0.350490 0.189908
-0.375730 0.189908
-0.421500 0.189908
-0.443800 0.189908
-0.465020 0.189908
-0.485190 0.189908
-0.502280 0.189908
-0.520780 0.189908
-0.535700 0.189908
-0.551540 0.189908
-0.564330 0.189908
-0.577660 0.189908
-0.590300 0.189908
-0.601100 0.189908
-0.612360 0.189908
-0.624290 0.189908
-0.634120 0.189908
-0.644220 0.189908
-0.652160 0.189908
-0.660730 0.189908
-0.669150 0.189908
-0.676540 0.189908
-0.685270 0.189908
-0.701140 0.189908
-0.708340 0.189908
-0.715180 0.189908
-0.721710 0.189908
-0.727410 0.189908
-0.741110 0.189908
-0.746640 0.189908
-0.752740 0.189908
-0.758880 0.189908
-0.764980 0.189908
-0.770930 0.189908
-0.776790 0.189908
-0.782590 0.189908
-0.787110 0.189908
-0.792930 0.189908
-0.797510 0.189908
-0.802640 0.189908
-0.807800 0.189908
-0.812460 0.189908
-0.817530 0.189908
-0.822630 0.189908
-0.826660 0.189908
-0.831140 0.189908
-0.835570 0.189908
-0.839500 0.189908
-0.843960 0.189908
-0.848020 0.189908
-0.852320 0.189908
-0.856840 0.189908
-0.860740 0.189908
-0.868470 0.189908
-0.871670 0.189908
-0.874930 0.189908
-0.878440 0.189908
-0.881650 0.189908
-0.885130 0.189908
-0.888580 0.189908
-0.891570 0.189908
-0.894800 0.189908
-0.898070 0.189908
-0.901450 0.189908
-0.904690 0.189908
-0.907740 0.189908
-0.913630 0.189908
-0.916530 0.189908
-0.919830 0.189908
-0.922820 0.189908
-0.925960 0.189908
-0.928770 0.189908
-0.931580 0.189908
-0.934230 0.189908
-0.937010 0.189908
-0.942470 0.189908
-0.944880 0.189908
-0.947470 0.189908
-0.950070 0.189908
-0.952690 0.189908
-0.955470 0.189908
-0.958100 0.189908
-0.960930 0.189908
-0.963250 0.189908
-0.965720 0.189908
-0.967920 0.189908
-0.970610 0.189908
-0.972770 0.189908
-0.975180 0.189908
-0.977660 0.189908
-0.979910 0.189908
-0.982300 0.189908
-0.984460 0.189908
-0.986600 0.189908
-0.988700 0.189908
-0.990750 0.189908
-0.992890 0.189908
-0.994840 0.189908
-0.997040 0.189908
-0.999350 0.189908
-1.001300 0.189908
-1.003200 0.189908
-1.005200 0.189908
-1.007100 0.189908
-1.008900 0.189908
-1.010900 0.189908
-1.013000 0.189908
-1.014900 0.189908
-1.017100 0.189908
-1.019100 0.189908
-1.021100 0.189908
-1.022800 0.189908
-1.024600 0.189908
-1.026500 0.189908
-1.028400 0.189908
-1.030300 0.189908
-1.034000 0.189908
-1.035600 0.189908
-1.037500 0.189908
-1.039300 0.189908
-1.041100 0.189908
-1.042800 0.189908
-1.044500 0.189908
-1.046200 0.189908
-1.051200 0.189908
-1.053000 0.189908
-1.054700 0.189908
-1.056200 0.189908
-1.059700 0.189908
-1.061200 0.189908
-1.062800 0.189908
-1.064400 0.189908
-1.066200 0.189908
-1.067700 0.189908
-1.069300 0.189908
-1.070900 0.189908
-1.072300 0.189908
-1.073600 0.189908
-1.075100 0.189908
-1.076600 0.189908
-1.078100 0.189908
-1.079500 0.189908
-1.081000 0.189908
-1.082300 0.189908
-1.084000 0.189908
-1.085400 0.189908
-1.086900 0.189908
-1.088300 0.189908
-1.089600 0.189908
-1.091000 0.189908
-1.092700 0.189908
-1.094000 0.189908
-1.095200 0.189908
-1.096500 0.189908
-1.097900 0.189907
-1.099400 0.189898
-1.100700 0.189806
-1.102200 0.188890
-1.110500 0.187974
-1.118200 0.187370
-1.125600 0.186941
-1.132900 0.186588
-1.147400 0.186245
-1.154100 0.185913
-1.160800 0.185570
-1.167100 0.185204
-1.173000 0.184804
-1.179100 0.184365
-1.185300 0.183948
-1.190900 0.183536
-1.196400 0.183121
-1.202200 0.182698
-1.207400 0.182265
-1.212600 0.181820
-1.217800 0.181369
-1.222800 0.180923
-1.227500 0.180484
-1.232500 0.180055
-1.237300 0.179639
-1.242400 0.179242
-1.247300 0.178865
-1.251700 0.178513
-1.256200 0.178186
-1.265300 0.177885
-1.269700 0.177610
-1.273900 0.177361
-1.278100 0.177137
-1.282200 0.176936
-1.286600 0.176755
-1.290800 0.176590
-1.294900 0.176437
-1.299000 0.176292
-1.303200 0.176148
-1.311600 0.176002
-1.315400 0.175847
-1.319300 0.175678
-1.326800 0.175492
-1.334000 0.175283
-1.337800 0.175050
-1.341600 0.174791
-1.345300 0.174506
-1.348600 0.174194
-1.352300 0.173856
-1.355900 0.173494
-1.359600 0.173107
-1.363100 0.172697
-1.366500 0.172266
-1.370000 0.171814
-1.373500 0.171344
-1.377000 0.170857
-1.380400 0.170358
-1.383900 0.169847
-1.387200 0.169328
-1.390500 0.168805
-1.393800 0.168279
-1.397200 0.167753
-1.400400 0.167229
-1.403700 0.166708
-1.406800 0.166190
-1.410000 0.165676
-1.413200 0.165167
-1.416500 0.164663
-1.419600 0.164166
-1.422800 0.163677
-1.425800 0.163196
-1.428900 0.162724
-1.431900 0.162263
-1.434900 0.161813
-1.437900 0.161374
-1.441000 0.160945
-1.444100 0.160526
-1.447000 0.160116
-1.449800 0.159713
-1.452700 0.159316
-1.455600 0.158925
-1.458600 0.158538
-1.461500 0.158156
-1.464300 0.157776
-1.467100 0.157400
-1.470000 0.157026
-1.473000 0.156654
-1.475900 0.156283
-1.478900 0.155913
-1.481900 0.155544
-1.484900 0.155173
-1.487800 0.154800
-1.490700 0.154425
-1.493500 0.154046
-1.496300 0.153662
-1.499100 0.153273
-1.502100 0.152878
-1.505100 0.152479
-1.508000 0.152075
-1.510800 0.151668
-1.513800 0.151259
-1.516600 0.150848
-1.519600 0.150436
-1.522300 0.150026
-1.525400 0.149618
-1.528200 0.149214
-1.531000 0.148817
-1.533700 0.148429
-1.536500 0.148053
-1.539400 0.147691
-1.542100 0.147345
-1.545000 0.147017
-1.547700 0.146709
-1.553300 0.146420
-1.558600 0.146150
-1.561200 0.145898
-1.563800 0.145661
-1.566500 0.145438
-1.569300 0.145224
-1.572100 0.145018
-1.574900 0.144816
-1.577700 0.144617
-1.580600 0.144418
-1.583500 0.144217
-1.586400 0.144013
-1.589300 0.143804
-1.592100 0.143589
-1.594600 0.143366
-1.597300 0.143136
-1.599900 0.142898
-1.602900 0.142652
-1.605500 0.142400
-1.608200 0.142142
-1.611100 0.141879
-1.613800 0.141612
-1.616600 0.141343
-1.619400 0.141073
-1.622300 0.140802
-1.625000 0.140532
-1.627700 0.140262
-1.630500 0.139992
-1.633400 0.139722
-1.636200 0.139451
-1.638900 0.139179
-1.641700 0.138904
-1.644500 0.138625
-1.647200 0.138341
-1.649900 0.138051
-1.655400 0.137755
-1.658200 0.137452
-1.661000 0.137141
-1.669400 0.136821
-1.672400 0.136492
-1.675300 0.136155
-1.678300 0.135809
-1.681200 0.135454
-1.684100 0.135092
-1.687200 0.134722
-1.690100 0.134347
-1.693100 0.133966
-1.696100 0.133581
-1.699000 0.133194
-1.702000 0.132806
-1.704900 0.132417
-1.707900 0.132029
-1.714100 0.131643
-1.716900 0.131259
-1.719900 0.130877
-1.723000 0.130497
-1.726000 0.130120
-1.729200 0.129744
-1.732200 0.129371
-1.735300 0.129000
-1.738500 0.128631
-1.741500 0.128265
-1.744600 0.127900
-1.747700 0.127537
-1.751000 0.127177
-1.754200 0.126818
-1.757200 0.126462
-1.760500 0.126107
-1.763800 0.125755
-1.770400 0.125404
-1.773800 0.125055
-1.777100 0.124709
-1.780500 0.124364
-1.783700 0.124021
-1.787100 0.123680
-1.790200 0.123341
-1.793700 0.123003
-1.796900 0.122668
-1.800200 0.122334
-1.803600 0.122002
-1.807300 0.121672
-1.810900 0.121344
-1.814400 0.121017
-1.821500 0.120693
-1.825300 0.120370
-1.829000 0.120048
-1.832700 0.119729
-1.836500 0.119411
-1.840200 0.119095
-1.844100 0.118780
-1.848000 0.118467
-1.851800 0.118156
-1.855700 0.117847
-1.859500 0.117539
-1.863500 0.117232
-1.867600 0.116928
-1.871500 0.116624
-1.875600 0.116323
-1.879800 0.116023
-1.884000 0.115724
-1.888100 0.115428
-1.892400 0.115132
-1.901300 0.114838
-1.905700 0.114546
-1.910300 0.114255
-1.914700 0.113966
-1.919600 0.113678
-1.924200 0.113391
-1.929100 0.113106
-1.934000 0.112823
-1.938700 0.112540
-1.948500 0.112259
-1.953800 0.111980
-1.959000 0.111702
-1.964200 0.111425
-1.969800 0.111150
-1.975400 0.110876
-1.981100 0.110603
-1.986700 0.110332
-1.992000 0.110062
-1.998000 0.109794
-2.010300 0.109526
-2.016500 0.109260
-2.022700 0.108995
-2.029400 0.108732
-2.036000 0.108470
-2.049200 0.108209
-2.055800 0.107949
-2.062400 0.107691
-2.069800 0.107434
-2.077300 0.107178
-2.084700 0.106923
-2.092500 0.106670
-2.100400 0.106417
-2.108100 0.106166
-2.115700 0.105916
-2.124100 0.105668
-2.132700 0.105420
-2.141300 0.105174
-2.150500 0.104928
-2.160400 0.104684
-2.170200 0.104441
-2.180500 0.104199
-2.190600 0.103958
-2.212800 0.103719
-2.224900 0.103480
-2.237300 0.103243
-2.250800 0.103006
-2.264300 0.102771
-2.279100 0.102536
-2.294300 0.102303
-2.326600 0.102071
-2.344700 0.101840
-2.363700 0.101610
-2.384100 0.101381
-2.406900 0.101152
-2.430700 0.100925
-2.456000 0.100699
-2.514300 0.100473
-2.549200 0.100249
-2.589100 0.100025
-2.679100 0.099800
-2.733300 0.099576
-2.798200 0.099353
-2.881200 0.099131
-2.990300 0.098911
-3.145400 0.098691
-3.389300 0.098472
-3.939200 0.098255
-9.682600 0.098039
