5.944700 0.121929
5.897200 0.121929
5.330100 0.121929
5.330100 0.121929
3.382500 0.121929
2.723800 0.121929
1.774500 0.121929
0.998720 0.121929
0.498780 0.121929
0.122500 0.121929
-0.254480 0.121929
-0.536280 0.121929
-0.787410 0.121929
-0.931120 0.121929
-1.070500 0.121929
-1.174400 0.121929
-1.275400 0.121929
-1.345100 0.121929
-1.473700 0.121929
-1.525100 0.121929
-1.572200 0.121929
-1.617900 0.121929
-1.653000 0.121929
-1.685600 0.121929
-1.722500 0.121929
-1.754200 0.121929
-1.787900 0.121929
-1.819700 0.121929
-1.844100 0.121929
-1.892100 0.121929
-1.915400 0.121929
-1.936500 0.121929
-1.956000 0.121929
-1.972000 0.121929
-1.988200 0.121929
-2.003900 0.121929
-2.017900 0.121929
-2.032000 0.121929
-2.044700 0.121929
-2.057700 0.121929
-2.070100 0.121929
-2.080400 0.121929
-2.090800 0.121929
-2.100300 0.121929
-2.109400 0.121928
-2.119300 0.121928
-2.127700 0.121927
-2.137000 0.121909
-2.145200 0.121736
-2.152700 0.120000
-2.159400 0.118264
-2.166000 0.117025
-2.173900 0.116066
-2.181900 0.115299
-2.189500 0.114668
-2.196200 0.114152
-2.202300 0.113733
-2.208600 0.113348
-2.214200 0.112998
-2.220600 0.112688
-2.226900 0.112418
-2.233000 0.112185
-2.239300 0.111984
-2.245700 0.111808
-2.251200 0.111654
-2.256600 0.111516
-2.266200 0.111389
-2.271000 0.111081
-2.276200 0.110825
-2.281300 0.110604
-2.290400 0.110412
-2.295100 0.110241
-2.299600 0.110086
-2.304300 0.109943
-2.308700 0.109808
-2.312700 0.109680
-2.316900 0.109555
-2.320700 0.109431
-2.324600 0.109305
-2.328600 0.109176
-2.332000 0.109041
-2.336000 0.108898
-2.339600 0.108754
-2.342500 0.108606
-2.345900 0.108452
-2.353300 0.108291
-2.357100 0.108121
-2.360800 0.107941
-2.364600 0.107750
-2.368300 0.107547
-2.371600 0.107332
-2.374400 0.107103
-2.377800 0.106861
-2.380900 0.106605
-2.384000 0.106335
-2.387300 0.106052
-2.390400 0.105755
-2.393700 0.105444
-2.396700 0.105120
-2.400000 0.104782
-2.403100 0.104431
-2.406300 0.104068
-2.408900 0.103693
-2.412000 0.103307
-2.417300 0.102910
-2.419800 0.102503
-2.422300 0.102087
-2.424500 0.101662
-2.427400 0.101230
-2.430100 0.100790
-2.432800 0.100344
-2.435700 0.099893
-2.438500 0.099437
-2.440900 0.098978
-2.443400 0.098515
-2.445700 0.098050
-2.448100 0.097583
-2.450800 0.097116
-2.453100 0.096648
-2.455100 0.096180
-2.457900 0.095714
-2.460400 0.095249
-2.462700 0.094787
-2.465000 0.094327
-2.467600 0.093871
-2.470200 0.093419
-2.472200 0.092971
-2.474300 0.092527
-2.476700 0.092089
-2.479100 0.091657
-2.481500 0.091231
-2.483900 0.090811
-2.485700 0.090398
-2.487600 0.089991
-2.489700 0.089592
-2.491600 0.089200
-2.493800 0.088816
-2.495600 0.088440
-2.500100 0.088072
-2.502300 0.087712
-2.504600 0.087360
-2.506800 0.087017
-2.508800 0.086682
-2.511000 0.086355
-2.512800 0.086037
-2.514600 0.085727
-2.516700 0.085425
-2.518500 0.085132
-2.520500 0.084846
-2.522500 0.084568
-2.524600 0.084298
-2.526500 0.084035
-2.528600 0.083779
-2.532000 0.083530
-2.533800 0.083287
-2.535800 0.083050
-2.539700 0.082819
-2.541300 0.082594
-2.543100 0.082373
-2.544700 0.082156
-2.547800 0.081944
-2.549500 0.081736
-2.551100 0.081530
-2.552600 0.081328
-2.554500 0.081128
-2.556100 0.080930
-2.557800 0.080734
-2.559400 0.080539
-2.561200 0.080345
-2.563000 0.080152
-2.564600 0.079959
-2.566200 0.079766
-2.567800 0.079573
-2.569600 0.079379
-2.572700 0.079185
-2.574300 0.078989
-2.575900 0.078793
-2.577300 0.078595
-2.578700 0.078395
-2.580200 0.078194
-2.581600 0.077992
-2.583200 0.077787
-2.584500 0.077581
-2.586100 0.077373
-2.595900 0.077164
-2.604700 0.076952
-2.612900 0.076739
-2.621000 0.076524
-2.628800 0.076308
-2.636600 0.076090
-2.643900 0.075870
-2.650900 0.075650
-2.658300 0.075428
-2.665600 0.075206
-2.672300 0.074982
-2.679200 0.074758
-2.685400 0.074534
-2.698000 0.074310
-2.704200 0.074086
-2.716200 0.073862
-2.722100 0.073639
-2.727900 0.073417
-2.733100 0.073195
-2.738800 0.072975
-2.744300 0.072757
-2.749700 0.072541
-2.755000 0.072326
-2.760400 0.072115
-2.765500 0.071906
-2.770700 0.071700
-2.775500 0.071497
-2.780400 0.071297
-2.785500 0.071102
-2.790200 0.070910
-2.795000 0.070723
-2.804400 0.070540
-2.809200 0.070361
-2.813800 0.070187
-2.818400 0.070017
-2.827500 0.069853
-2.832100 0.069693
-2.836200 0.069539
-2.840600 0.069389
-2.845100 0.069243
-2.849400 0.069103
-2.853600 0.068967
-2.858000 0.068836
-2.862200 0.068708
-2.866200 0.068585
-2.870600 0.068466
-2.874500 0.068350
-2.878200 0.068237
-2.882100 0.068127
-2.886100 0.068019
-2.890100 0.067914
-2.894100 0.067810
-2.901600 0.067707
-2.905400 0.067605
-2.909000 0.067503
-2.912800 0.067402
-2.916800 0.067299
-2.924400 0.067196
-2.928000 0.067092
-2.931600 0.066986
-2.935200 0.066877
-2.938700 0.066767
-2.942400 0.066653
-2.945900 0.066537
-2.953000 0.066417
-2.956400 0.066293
-2.959700 0.066165
-2.963200 0.066034
-2.966800 0.065898
-2.973300 0.065758
-2.976600 0.065614
-2.979800 0.065465
-2.983000 0.065311
-2.986300 0.065154
-2.989700 0.064992
-2.993200 0.064825
-2.996600 0.064655
-2.999900 0.064480
-3.003300 0.064302
-3.006400 0.064120
-3.009700 0.063934
-3.012900 0.063745
-3.016300 0.063553
-3.019400 0.063358
-3.022500 0.063161
-3.025600 0.062962
-3.028700 0.062760
-3.031800 0.062557
-3.034800 0.062352
-3.040700 0.062145
-3.043800 0.061938
-3.046900 0.061731
-3.049900 0.061522
-3.053000 0.061314
-3.055900 0.061106
-3.058900 0.060898
-3.061900 0.060691
-3.065000 0.060485
-3.067900 0.060280
-3.071000 0.060076
-3.073900 0.059874
-3.077000 0.059675
-3.079800 0.059477
-3.082800 0.059282
-3.085700 0.059090
-3.088700 0.058900
-3.091600 0.058714
-3.094500 0.058532
-3.097500 0.058353
-3.103500 0.058178
-3.106600 0.058007
-3.109400 0.057841
-3.112400 0.057679
-3.115300 0.057522
-3.118300 0.057370
-3.121200 0.057224
-3.124100 0.057082
-3.126900 0.056946
-3.129500 0.056816
-3.132400 0.056691
-3.135200 0.056572
-3.138100 0.056459
-3.141000 0.056352
-3.143900 0.056250
-3.146700 0.056154
-3.152500 0.056064
-3.155400 0.055980
-3.158200 0.055901
-3.161000 0.055827
-3.163900 0.055759
-3.166700 0.055695
-3.169500 0.055637
-3.172300 0.055582
-3.175200 0.055532
-3.178000 0.055485
-3.180700 0.055442
-3.183500 0.055402
-3.186200 0.055365
-3.189000 0.055330
-3.194700 0.055297
-3.197400 0.055265
-3.200400 0.055234
-3.203300 0.055204
-3.206300 0.055174
-3.209200 0.055144
-3.212000 0.055114
-3.214900 0.055082
-3.217900 0.055049
-3.220900 0.055014
-3.223800 0.054977
-3.226600 0.054937
-3.229500 0.054895
-3.232500 0.054849
-3.235300 0.054801
-3.238400 0.054749
-3.241400 0.054693
-3.244300 0.054633
-3.247300 0.054569
-3.250200 0.054501
-3.253100 0.054430
-3.256300 0.054353
-3.259400 0.054273
-3.262200 0.054189
-3.265400 0.054100
-3.268200 0.054008
-3.271000 0.053911
-3.277100 0.053811
-3.280500 0.053708
-3.283400 0.053600
-3.286600 0.053490
-3.289600 0.053376
-3.292800 0.053260
-3.295700 0.053141
-3.298800 0.053019
-3.301800 0.052895
-3.304900 0.052769
-3.307900 0.052641
-3.311300 0.052512
-3.314600 0.052381
-3.318000 0.052249
-3.321000 0.052116
-3.324300 0.051982
-3.327400 0.051848
-3.330700 0.051713
-3.333900 0.051577
-3.337100 0.051442
-3.340500 0.051306
-3.343900 0.051170
-3.347300 0.051035
-3.350700 0.050900
-3.354200 0.050765
-3.357600 0.050630
-3.361100 0.050496
-3.368300 0.050363
-3.372000 0.050230
-3.375500 0.050097
-3.379200 0.049966
-3.382800 0.049834
-3.390000 0.049704
-3.397300 0.049574
-3.401200 0.049445
-3.405100 0.049316
-3.408800 0.049188
-3.412600 0.049061
-3.416400 0.048934
-3.424500 0.048809
-3.428400 0.048683
-3.432700 0.048559
-3.436600 0.048435
-3.440900 0.048311
-3.445400 0.048188
-3.449500 0.048066
-3.453900 0.047945
-3.462700 0.047824
-3.467200 0.047704
-3.471600 0.047584
-3.476100 0.047465
-3.480800 0.047346
-3.485800 0.047229
-3.490500 0.047111
-3.495400 0.046994
-3.500200 0.046878
-3.505200 0.046763
-3.510300 0.046648
-3.515600 0.046533
-3.520500 0.046419
-3.525700 0.046306
-3.531200 0.046193
-3.536600 0.046081
-3.542100 0.045969
-3.548300 0.045858
-3.554400 0.045748
-3.560600 0.045638
-3.566100 0.045528
-3.572200 0.045419
-3.578400 0.045311
-3.584800 0.045203
-3.591200 0.045095
-3.605400 0.044988
-3.612500 0.044882
-3.620100 0.044776
-3.627900 0.044670
-3.635500 0.044565
-3.643500 0.044461
-3.651600 0.044357
-3.659800 0.044253
-3.668200 0.044150
-3.677200 0.044047
-3.686300 0.043945
-3.696200 0.043843
-3.706500 0.043742
-3.717200 0.043641
-3.728400 0.043541
-3.739500 0.043441
-3.751000 0.043341
-3.762900 0.043241
-3.776000 0.043142
-3.789600 0.043044
-3.804000 0.042946
-3.819700 0.042848
-3.835300 0.042750
-3.852300 0.042653
-3.870800 0.042557
-3.890800 0.042461
-3.911600 0.042363
-3.933600 0.042265
-3.956400 0.042168
-3.982700 0.042072
-4.013800 0.041976
-4.045800 0.041881
-4.084300 0.041786
-4.127900 0.041691
-4.179000 0.041597
-4.238600 0.041503
-4.310600 0.041409
-4.398400 0.041316
-4.517100 0.041223
-4.682900 0.041131
-4.975800 0.041040
-5.614800 0.040950
-16.630000 0.040860
