2.832100 1.043213
1.776200 1.043213
1.335300 1.043213
1.146900 1.043213
1.031500 1.043213
0.926260 1.043209
0.854970 1.043170
0.800460 1.042781
0.720750 1.038892
0.682300 1.000000
0.655570 0.961108
0.629320 0.935469
0.605150 0.916275
0.580980 0.900895
0.559980 0.888039
0.541430 0.877194
0.524040 0.868026
0.509870 0.859417
0.494620 0.851454
0.480700 0.844262
0.468800 0.837831
0.457450 0.832113
0.444020 0.827035
0.431990 0.822519
0.421920 0.818527
0.411550 0.815005
0.400870 0.811894
0.391960 0.805058
0.382490 0.799484
0.373460 0.794735
0.363570 0.790605
0.348560 0.786975
0.341970 0.783750
0.333670 0.780853
0.327010 0.778254
0.319200 0.775921
0.312550 0.773818
0.299060 0.771909
0.291860 0.770162
0.285510 0.768548
0.279220 0.767040
0.272750 0.765614
0.267690 0.764398
0.261580 0.763340
0.256030 0.762405
0.250960 0.761564
0.246080 0.760797
0.241500 0.760084
0.236380 0.759410
0.230640 0.758761
0.221850 0.758125
0.216480 0.757492
0.212570 0.756855
0.203850 0.756208
0.199880 0.755546
0.195540 0.754861
0.191700 0.754145
0.187610 0.753393
0.183520 0.752603
0.179860 0.751773
0.176200 0.750901
0.168080 0.749987
0.164480 0.749032
0.161060 0.748038
0.157640 0.747006
0.153920 0.745939
0.150620 0.744841
0.147570 0.743714
0.144210 0.742563
0.140730 0.741392
0.137440 0.740206
0.133590 0.739008
0.127060 0.737802
0.117480 0.736595
0.114250 0.735388
0.111440 0.734187
0.108260 0.732994
0.104720 0.731814
0.101920 0.730650
0.099047 0.729503
0.096301 0.728377
0.093615 0.727273
0.090746 0.726194
0.087634 0.725139
0.084948 0.724110
0.082324 0.723107
0.079577 0.722130
0.077075 0.721179
0.074328 0.720253
0.071826 0.719351
0.069018 0.718471
0.066455 0.717613
0.061572 0.716773
0.059313 0.715951
0.056628 0.715143
0.054186 0.714348
0.051501 0.713563
0.048510 0.712786
0.045519 0.712013
0.043139 0.711243
0.040759 0.710473
0.038317 0.709700
0.035876 0.708923
0.033618 0.708138
0.030871 0.707344
0.028735 0.706539
0.026110 0.705721
0.023730 0.704888
0.021472 0.704039
0.019396 0.703173
0.017443 0.702288
0.015185 0.701383
0.013049 0.700459
0.010791 0.699514
0.008837 0.698549
0.006884 0.697562
0.004565 0.696556
0.002429 0.695529
-0.000135 0.694483
-0.002454 0.693419
-0.004896 0.692336
-0.006971 0.691237
-0.010816 0.690123
-0.012769 0.688995
-0.014905 0.687854
-0.016797 0.686703
-0.018628 0.685542
-0.020704 0.684374
-0.022840 0.683200
-0.024976 0.682023
-0.026685 0.680843
-0.028699 0.679663
-0.030469 0.678485
-0.032422 0.677311
-0.034620 0.676142
-0.036451 0.674980
-0.038282 0.673827
-0.040296 0.672685
-0.041761 0.671556
-0.043775 0.670441
-0.047376 0.669342
-0.049146 0.668261
-0.050855 0.667198
-0.052625 0.666157
-0.054517 0.665137
-0.056348 0.664140
-0.058240 0.663168
-0.060071 0.662221
-0.062208 0.661301
-0.064161 0.660408
-0.065748 0.659543
-0.067640 0.658707
-0.069043 0.657900
-0.070752 0.657122
-0.072461 0.656374
-0.074232 0.655655
-0.076246 0.654966
-0.077894 0.654306
-0.079480 0.653675
-0.081129 0.653072
-0.082715 0.652496
-0.084424 0.651946
-0.086133 0.651421
-0.087903 0.650920
-0.089490 0.650442
-0.091199 0.649984
-0.092664 0.649545
-0.094373 0.649124
-0.095960 0.648718
-0.097791 0.648325
-0.099378 0.647944
-0.101090 0.647571
-0.102740 0.647205
-0.104570 0.646843
-0.106090 0.646484
-0.107370 0.646124
-0.110300 0.645761
-0.111770 0.645394
-0.113420 0.645020
-0.115060 0.644637
-0.116530 0.644243
-0.117930 0.643836
-0.119400 0.643415
-0.120980 0.642977
-0.122330 0.642521
-0.123850 0.642047
-0.125320 0.641553
-0.134780 0.641038
-0.143320 0.640502
-0.151750 0.639944
-0.159990 0.639364
-0.168410 0.638762
-0.175980 0.638137
-0.183670 0.637492
-0.190930 0.636825
-0.198680 0.636138
-0.206070 0.635432
-0.213390 0.634707
-0.220470 0.633965
-0.240610 0.633206
-0.246780 0.632432
-0.252820 0.631645
-0.259600 0.630846
-0.265880 0.630035
-0.272410 0.629215
-0.278520 0.628387
-0.284740 0.627552
-0.290660 0.626711
-0.297130 0.625866
-0.302990 0.625018
-0.309030 0.624167
-0.314710 0.623315
-0.320390 0.622462
-0.326430 0.621609
-0.332350 0.620756
-0.343030 0.619904
-0.348460 0.619052
-0.354080 0.618202
-0.359450 0.617352
-0.364760 0.616503
-0.370190 0.615654
-0.375560 0.614805
-0.380870 0.613955
-0.386060 0.613104
-0.391190 0.612251
-0.401320 0.611395
-0.406140 0.610536
-0.411080 0.609672
-0.415970 0.608803
-0.421090 0.607928
-0.426040 0.607046
-0.431100 0.606157
-0.436050 0.605260
-0.441170 0.604355
-0.446120 0.603440
-0.451250 0.602516
-0.456070 0.601582
-0.460890 0.600638
-0.465770 0.599684
-0.470290 0.598720
-0.475170 0.597746
-0.479750 0.596762
-0.484450 0.595769
-0.488840 0.594768
-0.493180 0.593758
-0.497940 0.592741
-0.502330 0.591717
-0.506910 0.590687
-0.511610 0.589653
-0.516070 0.588615
-0.520520 0.587574
-0.524850 0.586532
-0.529250 0.585490
-0.538100 0.584448
-0.542610 0.583408
-0.547130 0.582372
-0.551770 0.581339
-0.556170 0.580312
-0.560500 0.579291
-0.564890 0.578277
-0.569170 0.577271
-0.573440 0.576274
-0.577530 0.575287
-0.582170 0.574309
-0.586380 0.573342
-0.590770 0.572386
-0.595110 0.571441
-0.599380 0.570508
-0.603770 0.569585
-0.608110 0.568674
-0.612440 0.567774
-0.616650 0.566885
-0.620860 0.566006
-0.625260 0.565137
-0.629280 0.564276
-0.633440 0.563425
-0.642410 0.562581
-0.646500 0.561744
-0.650400 0.560913
-0.654490 0.560087
-0.658580 0.559265
-0.662790 0.558446
-0.666940 0.557629
-0.671030 0.556813
-0.675120 0.555997
-0.678910 0.555180
-0.683240 0.554360
-0.687450 0.553538
-0.691420 0.552712
-0.695570 0.551880
-0.699480 0.551043
-0.703690 0.550200
-0.711870 0.549350
-0.720230 0.548493
-0.724200 0.547627
-0.728280 0.546753
-0.732310 0.545871
-0.736460 0.544979
-0.740370 0.544079
-0.744580 0.543171
-0.748670 0.542253
-0.752820 0.541328
-0.756970 0.540394
-0.761300 0.539452
-0.765460 0.538504
-0.769790 0.537548
-0.773880 0.536587
-0.778210 0.535620
-0.782240 0.534649
-0.786450 0.533674
-0.790850 0.532695
-0.795240 0.531715
-0.799510 0.530733
-0.803720 0.529751
-0.807810 0.528769
-0.812150 0.527788
-0.816540 0.526809
-0.820810 0.525834
-0.825090 0.524862
-0.829360 0.523894
-0.833510 0.522931
-0.837840 0.521974
-0.842360 0.521023
-0.846450 0.520079
-0.851030 0.519142
-0.855300 0.518212
-0.859820 0.517290
-0.864210 0.516376
-0.868540 0.515470
-0.873060 0.514571
-0.877450 0.513681
-0.881790 0.512798
-0.886360 0.511924
-0.890940 0.511056
-0.895400 0.510195
-0.900100 0.509342
-0.908770 0.508494
-0.917550 0.507652
-0.921770 0.506816
-0.926160 0.505984
-0.930680 0.505156
-0.935250 0.504332
-0.939890 0.503511
-0.944590 0.502692
-0.949110 0.501875
-0.953630 0.501059
-0.958390 0.500243
-0.962900 0.499428
-0.967720 0.498611
-0.972670 0.497793
-0.977550 0.496973
-0.982130 0.496150
-0.986830 0.495325
-0.991710 0.494496
-0.996410 0.493663
-1.001200 0.492826
-1.005900 0.491984
-1.010800 0.491138
-1.015300 0.490286
-1.020100 0.489429
-1.025300 0.488566
-1.030500 0.487698
-1.035400 0.486824
-1.040500 0.485944
-1.045500 0.485059
-1.050500 0.484167
-1.055600 0.483270
-1.060700 0.482367
-1.065900 0.481459
-1.071000 0.480545
-1.076400 0.479626
-1.081700 0.478702
-1.087100 0.477773
-1.091900 0.476839
-1.097300 0.475901
-1.103000 0.474959
-1.108300 0.474013
-1.114200 0.473063
-1.119300 0.472109
-1.124800 0.471153
-1.130200 0.470193
-1.135700 0.469231
-1.141400 0.468267
-1.146900 0.467300
-1.152500 0.466332
-1.158100 0.465362
-1.164000 0.464391
-1.169800 0.463419
-1.176000 0.462446
-1.181800 0.461473
-1.187400 0.460499
-1.193600 0.459525
-1.199800 0.458551
-1.205900 0.457577
-1.211800 0.456603
-1.218200 0.455630
-1.224100 0.454657
-1.236400 0.453686
-1.243100 0.452715
-1.249700 0.451745
-1.256200 0.450776
-1.262900 0.449809
-1.269600 0.448843
-1.276100 0.447878
-1.283100 0.446914
-1.290000 0.445952
-1.297100 0.444992
-1.303900 0.444033
-1.310900 0.443075
-1.318100 0.442119
-1.325900 0.441165
-1.333800 0.440212
-1.341400 0.439260
-1.349000 0.438310
-1.356800 0.437361
-1.364900 0.436413
-1.373100 0.435467
-1.381300 0.434522
-1.389100 0.433578
-1.406000 0.432635
-1.414100 0.431693
-1.422700 0.430753
-1.431800 0.429813
-1.440900 0.428875
-1.450600 0.427937
-1.469100 0.427000
-1.479000 0.426065
-1.499200 0.425130
-1.510000 0.424196
-1.520600 0.423263
-1.532300 0.422331
-1.543800 0.421400
-1.568100 0.420470
-1.580000 0.419542
-1.606900 0.418613
-1.620400 0.417686
-1.634600 0.416760
-1.649400 0.415834
-1.664800 0.414910
-1.681200 0.413986
-1.715800 0.413064
-1.734100 0.412144
-1.754100 0.411225
-1.774500 0.410307
-1.795800 0.409391
-1.819200 0.408477
-1.842400 0.407565
-1.868400 0.406655
-1.896400 0.405735
-1.926800 0.404817
-1.961400 0.403901
-1.998900 0.402986
-2.040700 0.402075
-2.139500 0.401166
-2.201600 0.400259
-2.359700 0.399355
-2.466200 0.398454
-2.594200 0.397554
-2.770600 0.396657
-3.266400 0.395766
-3.676900 0.394879
-4.277500 0.393998
-5.136900 0.393123
-12.189000 0.392257
-29.663000 0.391400
