29.840000 0.054977
5.020100 0.054977
4.796700 0.054977
3.883000 0.054977
3.883000 0.054977
2.201100 0.054977
1.885900 0.054977
1.802500 0.054977
1.400900 0.054977
1.087500 0.054977
0.654120 0.054977
0.486050 0.054977
0.219130 0.054977
0.119990 0.054977
0.044948 0.054977
-0.102470 0.054977
-0.158960 0.054977
-0.209660 0.054977
-0.303060 0.054977
-0.343080 0.054977
-0.382070 0.054977
-0.450030 0.054977
-0.477990 0.054977
-0.531560 0.054977
-0.557270 0.054977
-0.579410 0.054977
-0.621310 0.054977
-0.679740 0.054977
-0.712060 0.054977
-0.726020 0.054977
-0.739110 0.054977
-0.750460 0.054977
-0.764230 0.054977
-0.788930 0.054977
-0.811830 0.054977
-0.821780 0.054977
-0.832480 0.054977
-0.843180 0.054977
-0.862400 0.054977
-0.872080 0.054977
-0.881180 0.054977
-0.888200 0.054977
-0.897280 0.054977
-0.905740 0.054977
-0.912130 0.054977
-0.920110 0.054977
-0.926760 0.054977
-0.933860 0.054977
-0.940850 0.054977
-0.947160 0.054977
-0.953530 0.054977
-0.959050 0.054977
-0.965540 0.054977
-0.971390 0.054977
-0.977800 0.054977
-0.983560 0.054977
-0.989290 0.054977
-0.994210 0.054977
-0.999520 0.054977
-1.004300 0.054977
-1.009800 0.054977
-1.019600 0.054977
-1.024200 0.054977
-1.029000 0.054977
-1.033600 0.054977
-1.038700 0.054977
-1.043300 0.054977
-1.047200 0.054977
-1.051100 0.054977
-1.055400 0.054977
-1.060100 0.054977
-1.064100 0.054977
-1.067900 0.054977
-1.071600 0.054977
-1.075600 0.054977
-1.079100 0.054977
-1.083200 0.054977
-1.086900 0.054977
-1.090700 0.054977
-1.093700 0.054977
-1.096900 0.054977
-1.100200 0.054977
-1.103000 0.054977
-1.112000 0.054977
-1.115000 0.054977
-1.117800 0.054977
-1.120500 0.054977
-1.123500 0.054977
-1.125800 0.054977
-1.128300 0.054977
-1.130800 0.054977
-1.133500 0.054977
-1.135900 0.054977
-1.138400 0.054977
-1.141200 0.054977
-1.143600 0.054977
-1.146200 0.054977
-1.148600 0.054977
-1.151000 0.054977
-1.153300 0.054977
-1.155600 0.054977
-1.157600 0.054977
-1.159700 0.054977
-1.162400 0.054977
-1.164300 0.054977
-1.166500 0.054977
-1.168700 0.054977
-1.170700 0.054973
-1.173100 0.054934
-1.175300 0.054545
-1.177500 0.054156
-1.179400 0.053811
-1.181200 0.053496
-1.183500 0.053204
-1.185500 0.052928
-1.189700 0.052667
-1.191700 0.052418
-1.193500 0.052179
-1.195100 0.051949
-1.196900 0.051727
-1.198600 0.051510
-1.202300 0.051300
-1.205700 0.051095
-1.207600 0.050895
-1.209000 0.050701
-1.210600 0.050512
-1.212000 0.050328
-1.214000 0.050146
-1.215600 0.049965
-1.217400 0.049786
-1.219100 0.049610
-1.220800 0.049436
-1.222400 0.049265
-1.223800 0.049097
-1.225500 0.048932
-1.226900 0.048770
-1.228500 0.048611
-1.230100 0.048454
-1.231300 0.048301
-1.232800 0.048151
-1.234300 0.048004
-1.235700 0.047859
-1.237300 0.047718
-1.238600 0.047580
-1.239900 0.047444
-1.241200 0.047312
-1.242800 0.047182
-1.244100 0.047019
-1.245300 0.046861
-1.248100 0.046707
-1.249400 0.046556
-1.250700 0.046408
-1.252100 0.046264
-1.253600 0.046122
-1.255100 0.045983
-1.256500 0.045847
-1.257800 0.045713
-1.259200 0.045582
-1.260400 0.045453
-1.261700 0.045326
-1.263000 0.045202
-1.264200 0.045080
-1.265300 0.044960
-1.266700 0.044842
-1.267900 0.044726
-1.269300 0.044612
-1.270500 0.044500
-1.271600 0.044391
-1.273000 0.044283
-1.274200 0.044177
-1.275500 0.044074
-1.276700 0.043972
-1.277900 0.043872
-1.279100 0.043774
-1.280500 0.043678
-1.281800 0.043584
-1.282900 0.043492
-1.284000 0.043401
-1.291500 0.043312
-1.297900 0.043225
-1.304100 0.043139
-1.310300 0.043055
-1.316400 0.042974
-1.322400 0.042894
-1.328100 0.042817
-1.333700 0.042741
-1.339000 0.042667
-1.349200 0.042596
-1.354100 0.042526
-1.358700 0.042458
-1.363900 0.042392
-1.368700 0.042328
-1.377500 0.042265
-1.381800 0.042204
-1.386100 0.042145
-1.390100 0.042088
-1.394200 0.042033
-1.398200 0.041979
-1.402200 0.041926
-1.406300 0.041876
-1.410300 0.041827
-1.414000 0.041779
-1.418000 0.041733
-1.421500 0.041688
-1.424900 0.041645
-1.428400 0.041604
-1.431800 0.041564
-1.435200 0.041525
-1.438600 0.041487
-1.441800 0.041451
-1.445100 0.041417
-1.448400 0.041383
-1.451500 0.041351
-1.454600 0.041320
-1.457700 0.041291
-1.460700 0.041262
-1.463600 0.041235
-1.466600 0.041209
-1.469500 0.041184
-1.472400 0.041160
-1.475100 0.041137
-1.477800 0.041115
-1.480400 0.041094
-1.483200 0.041075
-1.486000 0.041056
-1.488600 0.041038
-1.491300 0.041020
-1.493900 0.041004
-1.496800 0.040988
-1.499400 0.040974
-1.501800 0.040960
-1.504300 0.040946
-1.506800 0.040934
-1.509200 0.040922
-1.511600 0.040911
-1.514000 0.040900
-1.516500 0.040890
-1.518900 0.040880
-1.521300 0.040871
-1.523500 0.040863
-1.525900 0.040855
-1.528300 0.040847
-1.530700 0.040840
-1.533000 0.040833
-1.535200 0.040827
-1.537400 0.040821
-1.539700 0.040815
-1.541900 0.040810
-1.544100 0.040804
-1.546200 0.040799
-1.548400 0.040795
-1.550700 0.040790
-1.552900 0.040786
-1.555100 0.040782
-1.557200 0.040778
-1.559300 0.040774
-1.561500 0.040770
-1.563600 0.040766
-1.565700 0.040762
-1.567800 0.040758
-1.569900 0.040754
-1.574100 0.040751
-1.576000 0.040747
-1.577900 0.040743
-1.579900 0.040739
-1.581900 0.040735
-1.583800 0.040731
-1.585700 0.040726
-1.589600 0.040722
-1.591500 0.040717
-1.593400 0.040712
-1.597300 0.040707
-1.599100 0.040702
-1.600900 0.040697
-1.602900 0.040691
-1.604800 0.040685
-1.606600 0.040679
-1.608500 0.040673
-1.610600 0.040666
-1.614300 0.040659
-1.616300 0.040652
-1.619900 0.040644
-1.621800 0.040636
-1.623600 0.040628
-1.625300 0.040619
-1.627200 0.040611
-1.628900 0.040601
-1.630700 0.040592
-1.632400 0.040582
-1.634100 0.040571
-1.636000 0.040561
-1.637700 0.040549
-1.639500 0.040538
-1.643100 0.040526
-1.644900 0.040514
-1.648400 0.040501
-1.651900 0.040488
-1.653800 0.040475
-1.655600 0.040461
-1.657300 0.040446
-1.659100 0.040432
-1.660800 0.040417
-1.662700 0.040401
-1.664500 0.040385
-1.666200 0.040369
-1.668000 0.040352
-1.669700 0.040335
-1.671500 0.040318
-1.673200 0.040300
-1.674900 0.040282
-1.678500 0.040263
-1.682000 0.040244
-1.685300 0.040225
-1.687100 0.040205
-1.688800 0.040185
-1.690500 0.040164
-1.692200 0.040143
-1.694100 0.040122
-1.695700 0.040100
-1.699200 0.040078
-1.701000 0.040056
-1.704600 0.040033
-1.708100 0.040010
-1.709700 0.039987
-1.711500 0.039963
-1.713200 0.039939
-1.715000 0.039915
-1.716800 0.039891
-1.718500 0.039866
-1.720300 0.039841
-1.722100 0.039815
-1.723900 0.039789
-1.725600 0.039763
-1.727400 0.039737
-1.729200 0.039710
-1.732800 0.039684
-1.734700 0.039657
-1.736700 0.039629
-1.740300 0.039602
-1.742100 0.039574
-1.744100 0.039546
-1.745800 0.039518
-1.747600 0.039489
-1.749500 0.039461
-1.751500 0.039432
-1.753300 0.039403
-1.755100 0.039373
-1.757000 0.039344
-1.759000 0.039314
-1.761000 0.039284
-1.762900 0.039255
-1.764800 0.039224
-1.766700 0.039194
-1.770600 0.039164
-1.772400 0.039133
-1.774500 0.039102
-1.776500 0.039071
-1.778400 0.039040
-1.780400 0.039009
-1.782400 0.038978
-1.786400 0.038946
-1.788400 0.038915
-1.790400 0.038883
-1.792500 0.038851
-1.794600 0.038819
-1.796700 0.038787
-1.798700 0.038755
-1.800900 0.038723
-1.803100 0.038690
-1.805100 0.038658
-1.807400 0.038625
-1.809600 0.038593
-1.813700 0.038560
-1.815900 0.038527
-1.818100 0.038494
-1.820400 0.038461
-1.822700 0.038427
-1.824900 0.038394
-1.827200 0.038361
-1.829600 0.038327
-1.831800 0.038294
-1.834200 0.038260
-1.836600 0.038226
-1.839000 0.038193
-1.841500 0.038159
-1.844100 0.038125
-1.846600 0.038091
-1.859500 0.038057
-1.862100 0.038022
-1.864800 0.037988
-1.867500 0.037954
-1.870100 0.037919
-1.872900 0.037885
-1.875600 0.037850
-1.878400 0.037815
-1.881300 0.037780
-1.884100 0.037745
-1.887100 0.037710
-1.890200 0.037675
-1.893200 0.037640
-1.896200 0.037604
-1.905800 0.037569
-1.909100 0.037533
-1.915600 0.037497
-1.919100 0.037461
-1.922500 0.037425
-1.926100 0.037388
-1.929800 0.037351
-1.933600 0.037314
-1.937400 0.037277
-1.941300 0.037242
-1.945500 0.037206
-1.949700 0.037171
-1.954000 0.037135
-1.958500 0.037100
-1.962800 0.037064
-1.967400 0.037028
-1.972400 0.036992
-1.977400 0.036956
-1.982800 0.036919
-1.987900 0.036883
-1.993600 0.036846
-1.999400 0.036809
-2.005500 0.036772
-2.012000 0.036735
-2.018100 0.036697
-2.024700 0.036660
-2.039400 0.036622
-2.047400 0.036584
-2.055500 0.036546
-2.064300 0.036508
-2.073700 0.036469
-2.084100 0.036430
-2.094500 0.036391
-2.107000 0.036351
-2.120500 0.036311
-2.134700 0.036271
-2.151300 0.036229
-2.169800 0.036188
-2.215000 0.036145
-2.241500 0.036101
-2.279500 0.036057
-2.385500 0.036010
-2.474500 0.035962
-2.624600 0.035912
-3.048000 0.035857
-7.375200 0.035794
