1.940700 0.324846
0.553420 0.324846
-0.185170 0.324846
-0.393540 0.324846
-0.539050 0.324846
-0.671590 0.324846
-0.777510 0.324846
-0.871080 0.324846
-0.952470 0.324846
-1.082500 0.324846
-1.129700 0.324846
-1.179500 0.324846
-1.214000 0.324846
-1.284400 0.324846
-1.316900 0.324846
-1.345900 0.324846
-1.370900 0.324846
-1.397700 0.324846
-1.419100 0.324846
-1.442400 0.324846
-1.463500 0.324846
-1.484100 0.324846
-1.501800 0.324846
-1.519100 0.324846
-1.534700 0.324846
-1.550300 0.324846
-1.565100 0.324846
-1.579900 0.324846
-1.591700 0.324846
-1.603900 0.324846
-1.614300 0.324846
-1.638000 0.324846
-1.648900 0.324846
-1.660100 0.324846
-1.668500 0.324846
-1.677200 0.324846
-1.695600 0.324846
-1.704100 0.324846
-1.714200 0.324846
-1.722200 0.324846
-1.729000 0.324846
-1.736600 0.324846
-1.743400 0.324846
-1.758400 0.324846
-1.764500 0.324846
-1.769700 0.324846
-1.775900 0.324846
-1.782100 0.324846
-1.787800 0.324846
-1.794000 0.324846
-1.799200 0.324846
-1.804100 0.324846
-1.810000 0.324846
-1.815800 0.324846
-1.820800 0.324846
-1.826300 0.324846
-1.831600 0.324846
-1.836500 0.324846
-1.842200 0.324846
-1.847100 0.324846
-1.852200 0.324846
-1.855900 0.324844
-1.865400 0.324828
-1.870700 0.324669
-1.875600 0.323080
-1.879600 0.321491
-1.883900 0.320049
-1.888100 0.318776
-1.892100 0.317660
-1.895800 0.316695
-1.899800 0.315868
-1.903900 0.315096
-1.907700 0.314367
-1.911700 0.313684
-1.915100 0.313048
-1.919000 0.312451
-1.922200 0.311885
-1.925800 0.311343
-1.929300 0.310815
-1.932800 0.310123
-1.936100 0.309472
-1.939500 0.308852
-1.943100 0.308264
-1.946300 0.307701
-1.949700 0.307158
-1.952700 0.306628
-1.955900 0.306109
-1.958900 0.305595
-1.961500 0.305082
-1.964700 0.304565
-1.967400 0.304041
-1.970300 0.303507
-1.973100 0.302972
-1.979100 0.302432
-1.981800 0.301887
-1.984400 0.301334
-1.987100 0.300773
-1.989500 0.300201
-1.992100 0.299619
-1.994500 0.299025
-1.997400 0.298420
-2.003000 0.297805
-2.005500 0.297179
-2.007900 0.296544
-2.010100 0.295901
-2.012500 0.295251
-2.015000 0.294594
-2.017400 0.293933
-2.019800 0.293269
-2.022100 0.292605
-2.024500 0.291942
-2.026800 0.291282
-2.029300 0.290628
-2.031900 0.289981
-2.034200 0.289345
-2.036300 0.288721
-2.038700 0.288111
-2.040800 0.287518
-2.043100 0.286943
-2.045500 0.286388
-2.047800 0.285855
-2.050000 0.285345
-2.051900 0.284859
-2.053900 0.284398
-2.056200 0.283963
-2.058500 0.283553
-2.060800 0.283169
-2.062200 0.282810
-2.064000 0.282476
-2.066100 0.282166
-2.068200 0.281878
-2.070200 0.281611
-2.072000 0.281363
-2.074100 0.281132
-2.076000 0.280916
-2.077700 0.280713
-2.079500 0.280518
-2.081400 0.280331
-2.083000 0.280147
-2.084900 0.279963
-2.086800 0.279776
-2.088700 0.279584
-2.090300 0.279382
-2.092000 0.279167
-2.095600 0.278936
-2.097600 0.278688
-2.099200 0.278417
-2.101000 0.278123
-2.102600 0.277803
-2.104400 0.277455
-2.106100 0.277078
-2.108000 0.276670
-2.109600 0.276230
-2.111300 0.275759
-2.113000 0.275256
-2.114800 0.274721
-2.116500 0.274155
-2.118200 0.273560
-2.119700 0.272937
-2.121200 0.272289
-2.122700 0.271616
-2.124200 0.270923
-2.125500 0.270212
-2.127400 0.269486
-2.129100 0.268749
-2.130600 0.268005
-2.132200 0.267257
-2.133800 0.266510
-2.135300 0.265766
-2.137000 0.265031
-2.138500 0.264307
-2.139900 0.263599
-2.141400 0.262909
-2.142900 0.262242
-2.144400 0.261600
-2.145600 0.260985
-2.147100 0.260400
-2.148500 0.259846
-2.150000 0.259326
-2.151300 0.258840
-2.152600 0.258388
-2.154000 0.257972
-2.155300 0.257590
-2.156700 0.257244
-2.158100 0.256930
-2.159400 0.256649
-2.161000 0.256399
-2.162300 0.256177
-2.163800 0.255982
-2.165200 0.255811
-2.173200 0.255661
-2.181100 0.255530
-2.188400 0.255414
-2.195800 0.255311
-2.203100 0.255217
-2.209700 0.255130
-2.216500 0.255045
-2.223000 0.254961
-2.229700 0.254873
-2.236300 0.254778
-2.242400 0.254675
-2.248500 0.254560
-2.254800 0.254431
-2.260500 0.254286
-2.266100 0.254122
-2.271600 0.253937
-2.277000 0.253730
-2.287900 0.253499
-2.293200 0.253244
-2.298500 0.252963
-2.303500 0.252654
-2.308600 0.252319
-2.313500 0.251956
-2.318200 0.251566
-2.322800 0.251148
-2.327600 0.250703
-2.332300 0.250231
-2.337100 0.249733
-2.341400 0.249210
-2.346200 0.248663
-2.350900 0.248093
-2.355200 0.247501
-2.359500 0.246889
-2.363600 0.246258
-2.368100 0.245609
-2.372500 0.244944
-2.376600 0.244265
-2.380900 0.243572
-2.385100 0.242869
-2.389000 0.242155
-2.393300 0.241434
-2.397200 0.240705
-2.401200 0.239972
-2.409100 0.239234
-2.412700 0.238494
-2.416500 0.237753
-2.420100 0.237012
-2.424100 0.236272
-2.427800 0.235534
-2.431600 0.234800
-2.435400 0.234069
-2.439000 0.233344
-2.442700 0.232623
-2.446100 0.231908
-2.453000 0.231199
-2.456300 0.230496
-2.459900 0.229800
-2.463300 0.229109
-2.466700 0.228426
-2.470100 0.227748
-2.473700 0.227077
-2.477100 0.226412
-2.480300 0.225753
-2.483700 0.225099
-2.487200 0.224452
-2.490300 0.223810
-2.493500 0.223174
-2.496600 0.222544
-2.499900 0.221920
-2.503000 0.221302
-2.506400 0.220691
-2.509500 0.220087
-2.512600 0.219490
-2.515800 0.218902
-2.519000 0.218322
-2.522300 0.217752
-2.525500 0.217192
-2.528600 0.216642
-2.531800 0.216105
-2.534800 0.215580
-2.538100 0.215069
-2.541200 0.214572
-2.544200 0.214090
-2.547500 0.213624
-2.550500 0.213174
-2.553600 0.212741
-2.556500 0.212325
-2.559700 0.211926
-2.562800 0.211545
-2.565800 0.211181
-2.569000 0.210833
-2.572100 0.210502
-2.575100 0.210186
-2.578200 0.209885
-2.581200 0.209597
-2.584400 0.209322
-2.587500 0.209057
-2.593400 0.208802
-2.596400 0.208554
-2.599500 0.208313
-2.602400 0.208075
-2.605500 0.207839
-2.608400 0.207603
-2.611400 0.207365
-2.614300 0.207124
-2.617300 0.206877
-2.620300 0.206623
-2.623200 0.206359
-2.626200 0.206085
-2.629200 0.205799
-2.632000 0.205500
-2.635000 0.205187
-2.638000 0.204858
-2.640900 0.204514
-2.643700 0.204153
-2.646700 0.203776
-2.649600 0.203382
-2.652500 0.202972
-2.655400 0.202545
-2.658400 0.202102
-2.661200 0.201644
-2.664200 0.201170
-2.667200 0.200683
-2.670100 0.200183
-2.673000 0.199670
-2.676000 0.199146
-2.679000 0.198612
-2.682000 0.198069
-2.685000 0.197518
-2.688000 0.196959
-2.691100 0.196395
-2.694000 0.195827
-2.696800 0.195254
-2.699900 0.194679
-2.702800 0.194101
-2.705900 0.193522
-2.708900 0.192943
-2.711600 0.192365
-2.714500 0.191787
-2.717700 0.191210
-2.720600 0.190635
-2.723800 0.190062
-2.726700 0.189492
-2.729600 0.188925
-2.732500 0.188360
-2.735600 0.187799
-2.738700 0.187241
-2.741700 0.186686
-2.747700 0.186135
-2.750600 0.185587
-2.753700 0.185043
-2.757100 0.184503
-2.760000 0.183967
-2.763100 0.183435
-2.766200 0.182907
-2.769200 0.182384
-2.775700 0.181865
-2.778900 0.181350
-2.781900 0.180840
-2.784700 0.180335
-2.787900 0.179835
-2.791000 0.179341
-2.797300 0.178851
-2.800600 0.178368
-2.803800 0.177889
-2.807100 0.177417
-2.810300 0.176950
-2.813500 0.176490
-2.816700 0.176036
-2.819900 0.175588
-2.823000 0.175146
-2.826200 0.174711
-2.829400 0.174282
-2.832700 0.173860
-2.835600 0.173445
-2.838800 0.173036
-2.842100 0.172633
-2.845500 0.172237
-2.848800 0.171848
-2.852000 0.171464
-2.855500 0.171087
-2.859100 0.170715
-2.862400 0.170350
-2.865800 0.169990
-2.869200 0.169635
-2.872700 0.169286
-2.876400 0.168941
-2.879800 0.168601
-2.883400 0.168265
-2.886900 0.167933
-2.890300 0.167604
-2.893900 0.167279
-2.897600 0.166957
-2.901100 0.166638
-2.904900 0.166321
-2.908400 0.166005
-2.912100 0.165692
-2.915500 0.165380
-2.919200 0.165068
-2.923000 0.164758
-2.930500 0.164447
-2.934400 0.164137
-2.938300 0.163827
-2.942300 0.163516
-2.946300 0.163204
-2.950400 0.162891
-2.954300 0.162577
-2.958500 0.162262
-2.962400 0.161945
-2.966700 0.161626
-2.975100 0.161305
-2.979200 0.160983
-2.983700 0.160658
-2.988200 0.160331
-2.992500 0.160002
-2.996800 0.159671
-3.001100 0.159338
-3.005400 0.159003
-3.010000 0.158666
-3.014900 0.158328
-3.019600 0.157988
-3.024500 0.157647
-3.033900 0.157305
-3.038900 0.156963
-3.044000 0.156620
-3.048900 0.156276
-3.054000 0.155933
-3.059100 0.155591
-3.064600 0.155249
-3.069900 0.154908
-3.075000 0.154569
-3.080400 0.154232
-3.086000 0.153896
-3.091400 0.153563
-3.097200 0.153233
-3.102900 0.152905
-3.108900 0.152581
-3.114900 0.152259
-3.120900 0.151942
-3.127400 0.151628
-3.133800 0.151317
-3.140300 0.151010
-3.146800 0.150708
-3.154000 0.150409
-3.161200 0.150113
-3.168300 0.149822
-3.175300 0.149533
-3.183000 0.149249
-3.190700 0.148967
-3.198600 0.148688
-3.206800 0.148412
-3.215000 0.148138
-3.223700 0.147867
-3.241700 0.147597
-3.250600 0.147329
-3.260400 0.147061
-3.270600 0.146795
-3.281800 0.146529
-3.293300 0.146264
-3.305300 0.145998
-3.330300 0.145733
-3.343100 0.145467
-3.356900 0.145200
-3.371900 0.144932
-3.386300 0.144662
-3.402000 0.144391
-3.419500 0.144119
-3.437700 0.143845
-3.458500 0.143569
-3.480200 0.143291
-3.504300 0.143012
-3.531800 0.142742
-3.594300 0.142468
-3.633500 0.142190
-3.680300 0.141909
-3.801700 0.141624
-3.888700 0.141335
-4.007200 0.141044
-4.162000 0.140749
-4.355400 0.140451
-4.585700 0.140150
-4.899500 0.139847
-5.452900 0.139546
-6.774500 0.139246
-17.148000 0.138950
