22.732000 0.314698
12.285000 0.314698
7.899400 0.314698
5.685000 0.314698
3.676300 0.314697
3.109900 0.314696
2.734100 0.314683
2.264600 0.314551
2.158400 0.313228
1.923900 0.300000
1.686700 0.286772
1.568900 0.278688
1.568900 0.273046
1.538400 0.268845
1.467600 0.265501
1.407300 0.262788
1.329800 0.260577
1.261900 0.258771
1.131500 0.257215
1.070100 0.255728
1.070100 0.254394
1.028600 0.253225
0.965940 0.252212
0.864800 0.251340
0.819640 0.250590
0.768400 0.249944
0.729980 0.249388
0.628570 0.248913
0.592620 0.248504
0.560730 0.246996
0.532530 0.245878
0.509270 0.245004
0.478010 0.244297
0.427850 0.243714
0.403680 0.243226
0.383080 0.242811
0.360090 0.242451
0.338770 0.242140
0.317390 0.241872
0.297880 0.241636
0.279520 0.241424
0.262970 0.241229
0.242060 0.241043
0.224770 0.240861
0.207830 0.240677
0.194450 0.240486
0.180250 0.240283
0.149530 0.240105
0.120690 0.239936
0.083552 0.239767
0.071482 0.239591
0.060481 0.239402
0.045603 0.239195
0.035014 0.238968
0.025828 0.238715
0.014094 0.238436
0.002543 0.238127
-0.009420 0.237786
-0.019674 0.237412
-0.028143 0.237003
-0.046667 0.236559
-0.055852 0.236077
-0.063818 0.235558
-0.072210 0.234999
-0.081426 0.234398
-0.104940 0.233757
-0.112000 0.233073
-0.119330 0.232348
-0.134570 0.231582
-0.147740 0.230774
-0.153940 0.229925
-0.160220 0.229036
-0.167150 0.228108
-0.173160 0.227141
-0.179980 0.226138
-0.185870 0.225097
-0.191720 0.224022
-0.197090 0.222914
-0.201820 0.221773
-0.207540 0.220602
-0.212100 0.219403
-0.218370 0.218176
-0.224130 0.216924
-0.234820 0.215648
-0.244940 0.214351
-0.250070 0.213033
-0.255440 0.211698
-0.260310 0.210347
-0.264780 0.208982
-0.270220 0.207604
-0.275110 0.206216
-0.279680 0.204820
-0.284760 0.203417
-0.293660 0.202009
-0.297900 0.200598
-0.302450 0.199185
-0.306980 0.197773
-0.316210 0.196363
-0.320140 0.194957
-0.328210 0.193556
-0.332390 0.192161
-0.336360 0.190775
-0.340140 0.189398
-0.343420 0.188032
-0.347170 0.186678
-0.350960 0.185338
-0.354560 0.184012
-0.357980 0.182701
-0.361520 0.181407
-0.365240 0.180130
-0.368750 0.178872
-0.372500 0.177632
-0.375560 0.176412
-0.378740 0.175212
-0.382250 0.174032
-0.385630 0.172874
-0.389170 0.171736
-0.392870 0.170621
-0.396520 0.169527
-0.399570 0.168456
-0.402780 0.167406
-0.405770 0.166379
-0.408620 0.165373
-0.411810 0.164390
-0.414430 0.163429
-0.417270 0.162489
-0.420190 0.161571
-0.423090 0.160674
-0.426090 0.159798
-0.429220 0.158943
-0.432030 0.158108
-0.434480 0.157293
-0.436910 0.156498
-0.439700 0.155722
-0.444600 0.154965
-0.447490 0.154226
-0.450200 0.153505
-0.452950 0.152801
-0.455530 0.152115
-0.458290 0.151445
-0.461050 0.150791
-0.463320 0.150154
-0.465670 0.149531
-0.467980 0.148923
-0.470270 0.148330
-0.472690 0.147751
-0.475440 0.147186
-0.477880 0.146634
-0.480370 0.146094
-0.482750 0.145567
-0.485330 0.145052
-0.487880 0.144548
-0.490130 0.144055
-0.492330 0.143573
-0.494620 0.143101
-0.496940 0.142639
-0.499120 0.142185
-0.501140 0.141741
-0.503330 0.141305
-0.505530 0.140877
-0.507740 0.140456
-0.509880 0.140042
-0.511910 0.139634
-0.516270 0.139232
-0.518560 0.138836
-0.520770 0.138444
-0.522790 0.138056
-0.524690 0.137672
-0.526430 0.137291
-0.528620 0.136912
-0.530740 0.136536
-0.532750 0.136161
-0.534440 0.135787
-0.546450 0.135413
-0.557300 0.135039
-0.567910 0.134664
-0.578070 0.134288
-0.587540 0.133910
-0.596820 0.133530
-0.605660 0.133148
-0.614650 0.132763
-0.622880 0.132374
-0.631200 0.131981
-0.639330 0.131585
-0.647050 0.131184
-0.655080 0.130778
-0.662390 0.130367
-0.669300 0.129952
-0.676030 0.129531
-0.682970 0.129105
-0.689790 0.128673
-0.696140 0.128236
-0.702520 0.127794
-0.708500 0.127346
-0.714470 0.126892
-0.720250 0.126434
-0.726200 0.125970
-0.731480 0.125501
-0.736970 0.125027
-0.742420 0.124549
-0.747850 0.124066
-0.753130 0.123579
-0.758700 0.123088
-0.764060 0.122594
-0.773850 0.122096
-0.783700 0.121596
-0.792700 0.121093
-0.797260 0.120587
-0.801410 0.120080
-0.805780 0.119571
-0.810250 0.119061
-0.814470 0.118550
-0.818530 0.118038
-0.822730 0.117527
-0.826790 0.117015
-0.830740 0.116504
-0.834810 0.115994
-0.838860 0.115485
-0.846460 0.114977
-0.854090 0.114471
-0.857820 0.113967
-0.861460 0.113465
-0.865380 0.112966
-0.868920 0.112469
-0.875980 0.111975
-0.879660 0.111484
-0.883180 0.110997
-0.886600 0.110513
-0.889900 0.110033
-0.893330 0.109556
-0.896520 0.109084
-0.899800 0.108615
-0.903160 0.108151
-0.906440 0.107691
-0.909730 0.107235
-0.912660 0.106784
-0.915840 0.106338
-0.918950 0.105896
-0.921930 0.105459
-0.924860 0.105027
-0.927710 0.104599
-0.930580 0.104177
-0.933460 0.103759
-0.936350 0.103347
-0.939120 0.102939
-0.942040 0.102537
-0.944810 0.102140
-0.947790 0.101748
-0.950740 0.101360
-0.953680 0.100978
-0.956490 0.100602
-0.959320 0.100230
-0.962040 0.099863
-0.964830 0.099502
-0.967470 0.099145
-0.970340 0.098793
-0.973060 0.098447
-0.975760 0.098105
-0.978570 0.097768
-0.981370 0.097436
-0.984030 0.097109
-0.986470 0.096786
-0.989160 0.096467
-0.991830 0.096154
-0.994450 0.095844
-0.999700 0.095538
-1.004900 0.095237
-1.007500 0.094940
-1.010000 0.094646
-1.012400 0.094356
-1.014900 0.094069
-1.017400 0.093786
-1.020000 0.093506
-1.022600 0.093228
-1.025200 0.092954
-1.027700 0.092682
-1.030200 0.092413
-1.032600 0.092146
-1.035000 0.091881
-1.037600 0.091618
-1.039900 0.091357
-1.042400 0.091097
-1.044700 0.090839
-1.047300 0.090583
-1.049700 0.090327
-1.052100 0.090072
-1.054600 0.089819
-1.057000 0.089566
-1.059400 0.089313
-1.061700 0.089061
-1.064200 0.088810
-1.066700 0.088559
-1.069000 0.088307
-1.071400 0.088057
-1.073900 0.087806
-1.076400 0.087555
-1.078800 0.087304
-1.081200 0.087053
-1.083600 0.086802
-1.085900 0.086550
-1.088300 0.086299
-1.090800 0.086047
-1.093300 0.085795
-1.095500 0.085543
-1.098000 0.085291
-1.100200 0.085038
-1.102700 0.084786
-1.105100 0.084534
-1.107500 0.084281
-1.109800 0.084029
-1.112100 0.083776
-1.114400 0.083524
-1.116700 0.083272
-1.118900 0.083020
-1.121300 0.082769
-1.123600 0.082518
-1.126000 0.082267
-1.128200 0.082017
-1.130500 0.081768
-1.132800 0.081519
-1.135100 0.081270
-1.137400 0.081023
-1.139800 0.080776
-1.142100 0.080530
-1.144400 0.080285
-1.146800 0.080041
-1.149100 0.079798
-1.151400 0.079556
-1.153800 0.079315
-1.156100 0.079075
-1.158400 0.078836
-1.160700 0.078599
-1.162900 0.078362
-1.165400 0.078127
-1.167600 0.077893
-1.170100 0.077661
-1.172500 0.077429
-1.174800 0.077199
-1.177100 0.076970
-1.181900 0.076742
-1.184500 0.076516
-1.186900 0.076291
-1.189200 0.076067
-1.191800 0.075844
-1.194300 0.075623
-1.196700 0.075403
-1.199100 0.075184
-1.204000 0.074967
-1.206400 0.074750
-1.208800 0.074535
-1.211200 0.074322
-1.216300 0.074109
-1.218900 0.073898
-1.221300 0.073688
-1.223800 0.073479
-1.226200 0.073271
-1.228700 0.073064
-1.231300 0.072859
-1.234000 0.072655
-1.236600 0.072452
-1.239300 0.072250
-1.241900 0.072049
-1.244700 0.071849
-1.247500 0.071650
-1.250100 0.071453
-1.252600 0.071256
-1.255300 0.071061
-1.260700 0.070867
-1.263600 0.070674
-1.266300 0.070481
-1.269000 0.070290
-1.272000 0.070100
-1.274800 0.069911
-1.277700 0.069723
-1.280600 0.069536
-1.283600 0.069350
-1.286500 0.069165
-1.289500 0.068981
-1.292500 0.068798
-1.295500 0.068616
-1.298800 0.068435
-1.301800 0.068255
-1.304900 0.068075
-1.308100 0.067897
-1.311100 0.067720
-1.314200 0.067543
-1.317500 0.067368
-1.320800 0.067193
-1.324000 0.067020
-1.327500 0.066847
-1.330800 0.066675
-1.334100 0.066504
-1.337600 0.066334
-1.341100 0.066165
-1.344700 0.065996
-1.348400 0.065829
-1.352000 0.065662
-1.359400 0.065496
-1.363500 0.065331
-1.367200 0.065167
-1.378600 0.065003
-1.382700 0.064841
-1.386800 0.064679
-1.391100 0.064518
-1.395200 0.064358
-1.403700 0.064198
-1.408300 0.064040
-1.418100 0.063882
-1.423000 0.063725
-1.428000 0.063568
-1.432800 0.063413
-1.438000 0.063258
-1.443400 0.063104
-1.454400 0.062950
-1.460000 0.062797
-1.466000 0.062645
-1.472100 0.062494
-1.491500 0.062343
-1.498700 0.062192
-1.505900 0.062043
-1.513500 0.061894
-1.521300 0.061745
-1.537700 0.061597
-1.546600 0.061450
-1.555700 0.061303
-1.565400 0.061157
-1.575400 0.061011
-1.586000 0.060866
-1.597800 0.060722
-1.610100 0.060578
-1.622700 0.060435
-1.636100 0.060292
-1.650400 0.060147
-1.665100 0.060002
-1.680900 0.059859
-1.697500 0.059715
-1.716600 0.059573
-1.736300 0.059431
-1.758400 0.059290
-1.782600 0.059150
-1.810300 0.059010
-1.841700 0.058870
-1.876600 0.058731
-1.917900 0.058592
-1.969400 0.058455
-2.031400 0.058318
-2.203500 0.058182
-2.349100 0.058047
-2.587400 0.057913
-3.033000 0.057781
-7.119800 0.057650
