6.793700 0.189114
5.680800 0.189114
3.709100 0.189114
2.226600 0.189114
1.889600 0.189114
1.139300 0.189114
0.917940 0.189114
0.738920 0.189114
0.586390 0.189114
0.476530 0.189114
0.360560 0.189114
0.203340 0.189114
0.058805 0.189114
0.003141 0.189114
-0.044649 0.189114
-0.090243 0.189114
-0.133030 0.189114
-0.172400 0.189114
-0.211760 0.189114
-0.245880 0.189114
-0.278780 0.189114
-0.308260 0.189114
-0.359410 0.189114
-0.381260 0.189114
-0.405310 0.189114
-0.430090 0.189114
-0.450720 0.189114
-0.472810 0.189114
-0.493930 0.189114
-0.510710 0.189114
-0.528660 0.189114
-0.545440 0.189114
-0.562660 0.189114
-0.579740 0.189114
-0.594640 0.189114
-0.610450 0.189114
-0.624060 0.189114
-0.636450 0.189114
-0.648290 0.189114
-0.661170 0.189114
-0.673620 0.189114
-0.688570 0.189114
-0.699920 0.189114
-0.711270 0.189114
-0.731230 0.189114
-0.741430 0.189114
-0.753570 0.189114
-0.763950 0.189114
-0.772370 0.189114
-0.783540 0.189114
-0.792880 0.189114
-0.802100 0.189114
-0.811310 0.189114
-0.819190 0.189114
-0.827180 0.189114
-0.834750 0.189114
-0.843170 0.189114
-0.850740 0.189114
-0.858740 0.189114
-0.866610 0.189114
-0.874480 0.189114
-0.881260 0.189114
-0.888770 0.189114
-0.896330 0.189114
-0.902560 0.189114
-0.915680 0.189114
-0.922580 0.189114
-0.929480 0.189114
-0.936130 0.189114
-0.942350 0.189114
-0.961030 0.189114
-0.966520 0.189114
-0.971590 0.189114
-0.977330 0.189114
-0.983310 0.189114
-0.988860 0.189114
-0.994970 0.189114
-1.000500 0.189114
-1.006100 0.189114
-1.011700 0.189114
-1.017400 0.189114
-1.022900 0.189114
-1.033600 0.189114
-1.038200 0.189114
-1.043200 0.189114
-1.047900 0.189114
-1.052900 0.189114
-1.057000 0.189114
-1.065300 0.189114
-1.070000 0.189114
-1.074200 0.189114
-1.078400 0.189114
-1.082700 0.189114
-1.087000 0.189114
-1.090600 0.189114
-1.094800 0.189114
-1.099200 0.189114
-1.111300 0.189114
-1.115200 0.189114
-1.119200 0.189114
-1.123000 0.189114
-1.126500 0.189114
-1.130100 0.189114
-1.133900 0.189114
-1.137800 0.189114
-1.141500 0.189114
-1.145000 0.189114
-1.147900 0.189114
-1.151300 0.189114
-1.154500 0.189114
-1.158100 0.189114
-1.161000 0.189114
-1.164600 0.189114
-1.167700 0.189114
-1.171700 0.189114
-1.174700 0.189114
-1.178200 0.189114
-1.181200 0.189114
-1.184200 0.189114
-1.187500 0.189114
-1.190300 0.189114
-1.193400 0.189114
-1.196400 0.189114
-1.202400 0.189114
-1.207500 0.189114
-1.210500 0.189114
-1.213100 0.189114
-1.215700 0.189114
-1.218700 0.189114
-1.222000 0.189114
-1.225100 0.189114
-1.227800 0.189114
-1.230600 0.189114
-1.233700 0.189114
-1.236400 0.189114
-1.239200 0.189114
-1.242000 0.189114
-1.245000 0.189114
-1.247800 0.189114
-1.250300 0.189114
-1.253000 0.189114
-1.255500 0.189114
-1.258500 0.189114
-1.261000 0.189114
-1.265700 0.189114
-1.268600 0.189114
-1.271100 0.189114
-1.273400 0.189114
-1.276400 0.189114
-1.278800 0.189114
-1.281300 0.189114
-1.283500 0.189114
-1.285900 0.189114
-1.288400 0.189114
-1.290900 0.189114
-1.293100 0.189114
-1.295400 0.189114
-1.297500 0.189114
-1.302200 0.189114
-1.304600 0.189114
-1.306900 0.189114
-1.309100 0.189114
-1.311400 0.189114
-1.313600 0.189114
-1.316000 0.189114
-1.318000 0.189114
-1.320200 0.189114
-1.322200 0.189114
-1.324300 0.189114
-1.326300 0.189114
-1.328400 0.189114
-1.330600 0.189114
-1.332500 0.189114
-1.334700 0.189114
-1.336600 0.189114
-1.338300 0.189114
-1.340200 0.189114
-1.352200 0.189114
-1.364400 0.189114
-1.375400 0.189114
-1.386100 0.189114
-1.396800 0.189114
-1.406700 0.189114
-1.416700 0.189114
-1.426000 0.189114
-1.435200 0.189114
-1.444400 0.189114
-1.453700 0.189114
-1.462300 0.189114
-1.471200 0.189114
-1.479300 0.189114
-1.487700 0.189114
-1.495200 0.189114
-1.510100 0.189114
-1.524500 0.189114
-1.531700 0.189114
-1.538800 0.189114
-1.545400 0.189114
-1.558800 0.189114
-1.565400 0.189114
-1.571500 0.189114
-1.577800 0.189114
-1.584000 0.189114
-1.589900 0.189114
-1.595700 0.189114
-1.601400 0.189114
-1.606800 0.189114
-1.612600 0.189114
-1.618200 0.189114
-1.623800 0.189114
-1.629000 0.189114
-1.634900 0.189114
-1.639900 0.189114
-1.644700 0.189114
-1.650200 0.189114
-1.655400 0.189114
-1.660600 0.189114
-1.665800 0.189114
-1.670800 0.189114
-1.675600 0.189114
-1.680500 0.189114
-1.685200 0.189114
-1.690000 0.189114
-1.694900 0.189114
-1.699700 0.189114
-1.704100 0.189114
-1.708800 0.189114
-1.713100 0.189114
-1.717400 0.189114
-1.721800 0.189114
-1.726100 0.189114
-1.730500 0.189114
-1.734400 0.189114
-1.738600 0.189114
-1.743100 0.189114
-1.747400 0.189114
-1.751600 0.189114
-1.755700 0.189114
-1.759900 0.189114
-1.764200 0.189114
-1.768500 0.189114
-1.776500 0.189114
-1.780600 0.189114
-1.784500 0.189114
-1.788300 0.189114
-1.792100 0.189114
-1.795900 0.189114
-1.799800 0.189114
-1.803700 0.189114
-1.807600 0.189114
-1.811300 0.189114
-1.815000 0.189114
-1.818800 0.189114
-1.822400 0.189114
-1.830100 0.189114
-1.833700 0.189114
-1.837200 0.189114
-1.840900 0.189114
-1.844400 0.189114
-1.851700 0.189114
-1.855300 0.189114
-1.859000 0.189114
-1.863000 0.189114
-1.866300 0.189114
-1.869800 0.189114
-1.873200 0.189114
-1.876600 0.189114
-1.879800 0.189114
-1.883400 0.189114
-1.886800 0.189114
-1.890300 0.189114
-1.893800 0.189114
-1.897300 0.189114
-1.900900 0.189114
-1.904200 0.189114
-1.907600 0.189114
-1.910900 0.189114
-1.914400 0.189114
-1.917600 0.189114
-1.921000 0.189114
-1.924200 0.189114
-1.927800 0.189114
-1.931100 0.189114
-1.934500 0.189114
-1.937700 0.189114
-1.941200 0.189114
-1.944600 0.189114
-1.947800 0.189114
-1.951000 0.189114
-1.954300 0.189114
-1.957700 0.189114
-1.961000 0.189114
-1.964500 0.189114
-1.967700 0.189114
-1.971000 0.189114
-1.974200 0.189114
-1.977500 0.189114
-1.980700 0.189114
-1.984000 0.189114
-1.987200 0.189114
-1.990300 0.189114
-1.993500 0.189114
-1.996700 0.189114
-2.003300 0.189114
-2.006700 0.189114
-2.009900 0.189114
-2.013200 0.189114
-2.016400 0.189114
-2.019600 0.189114
-2.022700 0.189114
-2.025800 0.189114
-2.029100 0.189114
-2.035800 0.189114
-2.038900 0.189114
-2.042100 0.189114
-2.045400 0.189114
-2.048600 0.189114
-2.051700 0.189114
-2.055100 0.189114
-2.058400 0.189114
-2.061900 0.189114
-2.065200 0.189114
-2.068600 0.189114
-2.071900 0.189114
-2.075300 0.189114
-2.078700 0.189114
-2.082100 0.189114
-2.085600 0.189114
-2.092400 0.189114
-2.095800 0.189114
-2.102600 0.189114
-2.106100 0.189114
-2.109400 0.189114
-2.116100 0.189114
-2.119400 0.189114
-2.122900 0.189114
-2.126200 0.189114
-2.129600 0.189114
-2.133100 0.189114
-2.136600 0.189114
-2.140200 0.189114
-2.143700 0.189114
-2.150800 0.189114
-2.154200 0.189114
-2.158000 0.189114
-2.161400 0.189114
-2.168200 0.189114
-2.171900 0.189114
-2.175600 0.189114
-2.179100 0.189114
-2.182700 0.189114
-2.186600 0.189114
-2.190300 0.189114
-2.194200 0.189114
-2.198000 0.189114
-2.205400 0.189114
-2.209400 0.189114
-2.213500 0.189114
-2.217400 0.189114
-2.221300 0.189114
-2.225200 0.189114
-2.229000 0.189114
-2.233100 0.189114
-2.237200 0.189114
-2.241200 0.189114
-2.245300 0.189114
-2.249400 0.189114
-2.253700 0.189114
-2.258000 0.189114
-2.261900 0.189114
-2.266400 0.189114
-2.270600 0.189114
-2.274900 0.189114
-2.283600 0.189114
-2.288100 0.189114
-2.292500 0.189114
-2.297000 0.189114
-2.301600 0.189114
-2.306000 0.189114
-2.310500 0.189114
-2.315300 0.189114
-2.320000 0.189114
-2.324800 0.189114
-2.329300 0.189114
-2.334400 0.189114
-2.339200 0.189114
-2.344100 0.189114
-2.349300 0.189114
-2.354300 0.189114
-2.359600 0.189114
-2.364700 0.189114
-2.369800 0.189114
-2.375200 0.189114
-2.380800 0.189114
-2.386400 0.189114
-2.391900 0.189114
-2.397400 0.189114
-2.403100 0.189114
-2.409100 0.189114
-2.414900 0.189114
-2.427200 0.189114
-2.433400 0.189114
-2.439700 0.189114
-2.446000 0.189114
-2.452700 0.189114
-2.459700 0.189114
-2.473000 0.189114
-2.480000 0.189114
-2.487100 0.189114
-2.494200 0.189114
-2.501300 0.189114
-2.509400 0.189114
-2.517200 0.189114
-2.524800 0.189114
-2.533100 0.189114
-2.541400 0.189114
-2.550300 0.189114
-2.559300 0.189114
-2.567800 0.189114
-2.586600 0.189114
-2.596700 0.189114
-2.606800 0.189114
-2.617500 0.189114
-2.628200 0.189114
-2.638900 0.189114
-2.651000 0.189114
-2.663300 0.189114
-2.675100 0.189114
-2.688400 0.189114
-2.701100 0.189114
-2.715100 0.189114
-2.729700 0.189114
-2.745000 0.189114
-2.779300 0.189114
-2.797500 0.189114
-2.816600 0.189114
-2.837200 0.189114
-2.858700 0.189109
-2.881700 0.189067
-2.907400 0.188640
-2.933500 0.188213
-2.960700 0.187872
-2.990100 0.187668
-3.023400 0.187566
-3.059500 0.187530
-3.098900 0.187513
-3.145900 0.187470
-3.198200 0.187349
-3.264200 0.187228
-3.342900 0.187109
-3.434000 0.186986
-3.556600 0.186949
-3.707200 0.186911
-3.888000 0.186827
-4.168700 0.186658
-4.589500 0.186379
-5.539100 0.185998
-26.936000 0.185590
