87.072000 0.277843
7.976800 0.277843
7.958100 0.277843
7.465800 0.277843
7.415900 0.277843
7.160700 0.277843
7.020900 0.277843
5.436900 0.277843
4.063800 0.277843
3.277900 0.277843
2.074900 0.277843
1.825300 0.277843
1.638200 0.277843
1.412900 0.277843
1.247800 0.277843
0.978300 0.277843
0.876430 0.277843
0.795980 0.277843
0.718410 0.277843
0.650080 0.277843
0.582180 0.277843
0.522330 0.277843
0.470330 0.277843
0.415190 0.277843
0.366110 0.277843
0.322020 0.277843
0.240750 0.277843
0.164820 0.277843
0.126610 0.277843
0.092004 0.277843
0.060510 0.277843
0.028192 0.277843
-0.001929 0.277843
-0.026587 0.277843
-0.052130 0.277843
-0.074896 0.277843
-0.097510 0.277843
-0.121220 0.277843
-0.146000 0.277843
-0.170290 0.277843
-0.193520 0.277843
-0.214210 0.277843
-0.231700 0.277843
-0.249920 0.277843
-0.268200 0.277843
-0.285560 0.277843
-0.303050 0.277843
-0.319280 0.277843
-0.332590 0.277843
-0.350900 0.277843
-0.366890 0.277843
-0.382940 0.277838
-0.397860 0.277792
-0.441170 0.277332
-0.466190 0.272730
-0.490730 0.268128
-0.502230 0.263950
-0.513160 0.260365
-0.525090 0.257181
-0.536840 0.254121
-0.547190 0.251210
-0.559240 0.248463
-0.570590 0.245877
-0.592570 0.243433
-0.602030 0.240655
-0.611820 0.238034
-0.622440 0.235563
-0.633190 0.233229
-0.643590 0.231016
-0.653910 0.228904
-0.664440 0.226885
-0.675050 0.224955
-0.685710 0.223147
-0.696630 0.221458
-0.705660 0.219885
-0.713450 0.218421
-0.722540 0.217059
-0.732090 0.215792
-0.742010 0.214612
-0.751140 0.213513
-0.759620 0.212493
-0.767860 0.211549
-0.775180 0.210676
-0.782780 0.209875
-0.799440 0.209141
-0.806460 0.208471
-0.813670 0.207860
-0.822550 0.207303
-0.837010 0.206794
-0.858980 0.206328
-0.867440 0.205902
-0.874180 0.205514
-0.888920 0.205162
-0.895850 0.204849
-0.902170 0.204574
-0.908970 0.204336
-0.921970 0.204132
-0.928080 0.203957
-0.934180 0.203808
-0.940470 0.203676
-0.947000 0.203557
-0.953350 0.203445
-0.959660 0.203333
-0.965280 0.203216
-0.971320 0.203087
-0.976840 0.202942
-0.982180 0.202774
-0.989200 0.202579
-0.994760 0.202351
-1.000300 0.202085
-1.006000 0.201775
-1.011300 0.201420
-1.015800 0.201021
-1.026900 0.200580
-1.036900 0.200104
-1.042100 0.199598
-1.047300 0.199068
-1.052500 0.198521
-1.057600 0.197963
-1.062500 0.197399
-1.067500 0.196832
-1.076800 0.196265
-1.081400 0.195702
-1.086000 0.195143
-1.090600 0.194590
-1.099400 0.194042
-1.104600 0.193498
-1.110100 0.192955
-1.114500 0.192409
-1.123700 0.191853
-1.128100 0.191281
-1.137200 0.190688
-1.146100 0.190068
-1.150500 0.189415
-1.153900 0.188730
-1.162100 0.188011
-1.170800 0.187259
-1.174600 0.186479
-1.178800 0.185675
-1.183000 0.184854
-1.187000 0.184021
-1.190900 0.183183
-1.194800 0.182348
-1.202200 0.181520
-1.206000 0.180705
-1.209800 0.179910
-1.213800 0.179139
-1.221900 0.178396
-1.225900 0.177686
-1.229800 0.177008
-1.233200 0.176364
-1.236400 0.175753
-1.239800 0.175170
-1.243000 0.174612
-1.246000 0.174073
-1.249600 0.173547
-1.253200 0.173028
-1.256800 0.172508
-1.263900 0.171981
-1.267500 0.171440
-1.271300 0.170881
-1.274900 0.170297
-1.278300 0.169686
-1.285000 0.169046
-1.288900 0.168374
-1.292200 0.167670
-1.295400 0.166935
-1.299200 0.166170
-1.302100 0.165378
-1.322600 0.164563
-1.340600 0.163725
-1.358700 0.162870
-1.376100 0.162002
-1.392500 0.161123
-1.408400 0.160239
-1.423700 0.159352
-1.439100 0.158466
-1.453600 0.157582
-1.467200 0.156704
-1.481100 0.155832
-1.494300 0.154968
-1.507600 0.154114
-1.520900 0.153269
-1.533300 0.152433
-1.545300 0.151606
-1.556900 0.150789
-1.568100 0.149979
-1.579400 0.149179
-1.589200 0.148387
-1.599900 0.147604
-1.610400 0.146828
-1.620300 0.146061
-1.629600 0.145302
-1.638900 0.144551
-1.648000 0.143807
-1.656800 0.143071
-1.665600 0.142342
-1.674100 0.141621
-1.682400 0.140908
-1.691300 0.140201
-1.699700 0.139501
-1.707800 0.138809
-1.715600 0.138123
-1.723400 0.137444
-1.731000 0.136772
-1.738500 0.136106
-1.746300 0.135447
-1.753600 0.134794
-1.767900 0.134147
-1.781000 0.133507
-1.787300 0.132873
-1.793900 0.132244
-1.800100 0.131622
-1.806400 0.131005
-1.812700 0.130394
-1.818900 0.129789
-1.824900 0.129190
-1.830600 0.128596
-1.836400 0.128007
-1.842400 0.127424
-1.848200 0.126846
-1.854100 0.126273
-1.860000 0.125705
-1.865200 0.125143
-1.875600 0.124585
-1.881100 0.124033
-1.886200 0.123485
-1.891400 0.122942
-1.896400 0.122404
-1.901300 0.121871
-1.906300 0.121342
-1.911100 0.120818
-1.916200 0.120298
-1.921100 0.119783
-1.925700 0.119272
-1.930400 0.118766
-1.934900 0.118264
-1.939300 0.117766
-1.943900 0.117272
-1.948400 0.116783
-1.952900 0.116297
-1.957600 0.115815
-1.962000 0.115338
-1.966500 0.114864
-1.975100 0.114395
-1.979200 0.113929
-1.983500 0.113467
-1.987800 0.113008
-1.992000 0.112554
-1.996000 0.112103
-2.000100 0.111655
-2.004200 0.111211
-2.008400 0.110771
-2.012600 0.110334
-2.016800 0.109901
-2.020900 0.109471
-2.028800 0.109044
-2.032700 0.108621
-2.036400 0.108200
-2.040300 0.107784
-2.044400 0.107370
-2.048200 0.106959
-2.056000 0.106552
-2.063600 0.106148
-2.067400 0.105746
-2.071300 0.105348
-2.075100 0.104953
-2.082500 0.104561
-2.086500 0.104171
-2.089900 0.103785
-2.093600 0.103401
-2.097100 0.103021
-2.100800 0.102643
-2.104900 0.102268
-2.108300 0.101895
-2.115400 0.101525
-2.122100 0.101158
-2.125600 0.100794
-2.129300 0.100432
-2.136300 0.100073
-2.140000 0.099716
-2.143600 0.099362
-2.147200 0.099011
-2.150600 0.098662
-2.153900 0.098315
-2.157200 0.097971
-2.160500 0.097629
-2.163800 0.097290
-2.167200 0.096952
-2.170400 0.096618
-2.174000 0.096285
-2.177400 0.095955
-2.180800 0.095627
-2.184200 0.095301
-2.187500 0.094978
-2.190600 0.094657
-2.193800 0.094337
-2.196900 0.094020
-2.200200 0.093706
-2.203500 0.093393
-2.206700 0.093082
-2.210100 0.092774
-2.213300 0.092467
-2.216800 0.092162
-2.220200 0.091860
-2.223600 0.091559
-2.226800 0.091261
-2.230100 0.090964
-2.233300 0.090669
-2.236600 0.090377
-2.240200 0.090086
-2.243500 0.089797
-2.246900 0.089509
-2.250300 0.089224
-2.253700 0.088940
-2.257100 0.088659
-2.260400 0.088379
-2.263800 0.088100
-2.267200 0.087824
-2.274000 0.087549
-2.277400 0.087276
-2.280700 0.087005
-2.284100 0.086735
-2.287500 0.086467
-2.290600 0.086201
-2.293900 0.085936
-2.297200 0.085673
-2.300400 0.085411
-2.303800 0.085151
-2.307200 0.084893
-2.310300 0.084636
-2.313600 0.084381
-2.316900 0.084128
-2.320000 0.083875
-2.323600 0.083625
-2.326900 0.083376
-2.330300 0.083128
-2.333700 0.082882
-2.340200 0.082637
-2.343500 0.082394
-2.350400 0.082152
-2.354000 0.081911
-2.357300 0.081672
-2.360900 0.081435
-2.367500 0.081198
-2.370900 0.080964
-2.374400 0.080730
-2.381400 0.080498
-2.384800 0.080267
-2.391900 0.080037
-2.395300 0.079809
-2.398800 0.079582
-2.402200 0.079357
-2.405700 0.079132
-2.409100 0.078909
-2.420000 0.078687
-2.423600 0.078467
-2.427200 0.078247
-2.430900 0.078029
-2.434700 0.077812
-2.438100 0.077596
-2.441800 0.077382
-2.445600 0.077169
-2.449400 0.076956
-2.453200 0.076745
-2.456900 0.076535
-2.460600 0.076327
-2.464100 0.076119
-2.467900 0.075913
-2.471700 0.075707
-2.479400 0.075503
-2.483300 0.075300
-2.487200 0.075098
-2.495300 0.074897
-2.499600 0.074697
-2.503800 0.074498
-2.507900 0.074301
-2.512400 0.074104
-2.516700 0.073908
-2.521100 0.073714
-2.525900 0.073520
-2.530200 0.073327
-2.534700 0.073136
-2.539400 0.072945
-2.543800 0.072755
-2.548500 0.072567
-2.553000 0.072379
-2.557800 0.072192
-2.562600 0.072007
-2.567600 0.071822
-2.573000 0.071638
-2.578400 0.071455
-2.583300 0.071273
-2.588500 0.071092
-2.593700 0.070912
-2.599000 0.070733
-2.604500 0.070555
-2.609900 0.070377
-2.615300 0.070201
-2.621000 0.070025
-2.626700 0.069850
-2.639200 0.069677
-2.645500 0.069504
-2.651900 0.069331
-2.658400 0.069160
-2.665100 0.068990
-2.671700 0.068820
-2.678000 0.068651
-2.692600 0.068483
-2.700300 0.068316
-2.715300 0.068150
-2.723800 0.067984
-2.732100 0.067820
-2.740900 0.067656
-2.749700 0.067492
-2.759200 0.067330
-2.768800 0.067169
-2.779000 0.067008
-2.789800 0.066848
-2.800200 0.066688
-2.811300 0.066530
-2.823300 0.066372
-2.849700 0.066215
-2.863900 0.066059
-2.878800 0.065903
-2.893100 0.065748
-2.909300 0.065594
-2.927800 0.065441
-2.947400 0.065288
-2.967300 0.065136
-2.988900 0.064984
-3.014300 0.064833
-3.042900 0.064683
-3.075200 0.064531
-3.111400 0.064381
-3.201000 0.064231
-3.257300 0.064082
-3.330600 0.063933
-3.426200 0.063786
-3.776900 0.063639
-4.338400 0.063493
-14.846000 0.063348
