16.159000 0.015592
-0.822670 0.015592
-0.945230 0.015592
-1.008400 0.015592
-1.052600 0.015592
-1.090000 0.015592
-1.113800 0.015592
-1.135400 0.015592
-1.169200 0.015592
-1.182400 0.015592
-1.195700 0.015592
-1.208600 0.015592
-1.220200 0.015592
-1.230000 0.015592
-1.239200 0.015592
-1.247300 0.015592
-1.256600 0.015592
-1.263200 0.015592
-1.270100 0.015592
-1.276400 0.015592
-1.282500 0.015592
-1.288100 0.015592
-1.293500 0.015592
-1.298700 0.015592
-1.303200 0.015592
-1.308300 0.015592
-1.312800 0.015592
-1.317000 0.015592
-1.321000 0.015592
-1.324800 0.015592
-1.328900 0.015592
-1.332600 0.015592
-1.336400 0.015592
-1.340100 0.015592
-1.343200 0.015592
-1.346100 0.015592
-1.349200 0.015592
-1.352200 0.015592
-1.354900 0.015592
-1.357500 0.015592
-1.360200 0.015592
-1.362700 0.015592
-1.365300 0.015592
-1.367700 0.015592
-1.370100 0.015592
-1.375200 0.015592
-1.377800 0.015592
-1.379800 0.015592
-1.382100 0.015592
-1.384500 0.015592
-1.386800 0.015592
-1.389200 0.015592
-1.391300 0.015592
-1.393500 0.015592
-1.395700 0.015592
-1.397700 0.015592
-1.399800 0.015592
-1.401900 0.015592
-1.403900 0.015592
-1.405900 0.015592
-1.407600 0.015592
-1.409500 0.015592
-1.411200 0.015590
-1.412900 0.015572
-1.414700 0.015385
-1.416400 0.015198
-1.418000 0.015028
-1.419400 0.014868
-1.421100 0.014718
-1.424400 0.014575
-1.425800 0.014440
-1.427300 0.014312
-1.429000 0.014188
-1.430500 0.014070
-1.432000 0.013957
-1.435000 0.013849
-1.436800 0.013746
-1.438300 0.013648
-1.439700 0.013554
-1.441300 0.013462
-1.442700 0.013371
-1.444000 0.013283
-1.445500 0.013198
-1.447000 0.013115
-1.449900 0.013036
-1.451300 0.012959
-1.452600 0.012885
-1.453700 0.012814
-1.454900 0.012747
-1.456100 0.012682
-1.457400 0.012620
-1.458800 0.012562
-1.460100 0.012506
-1.461300 0.012453
-1.462600 0.012377
-1.463800 0.012305
-1.464900 0.012235
-1.466200 0.012168
-1.467200 0.012104
-1.468600 0.012042
-1.469700 0.011983
-1.470800 0.011926
-1.471900 0.011872
-1.472900 0.011819
-1.474900 0.011769
-1.476000 0.011721
-1.477000 0.011675
-1.478100 0.011631
-1.479200 0.011588
-1.480200 0.011548
-1.481300 0.011509
-1.482200 0.011473
-1.483300 0.011437
-1.484500 0.011404
-1.485500 0.011372
-1.486600 0.011342
-1.487400 0.011314
-1.488400 0.011286
-1.489300 0.011260
-1.490300 0.011236
-1.491300 0.011212
-1.492100 0.011190
-1.493100 0.011169
-1.494000 0.011150
-1.494900 0.011132
-1.495800 0.011115
-1.496700 0.011100
-1.497700 0.011086
-1.498600 0.011073
-1.499600 0.011061
-1.500500 0.011050
-1.501300 0.011040
-1.502100 0.011031
-1.503000 0.011023
-1.503900 0.011015
-1.505700 0.011008
-1.506600 0.011002
-1.507400 0.010997
-1.508200 0.010991
-1.509000 0.010987
-1.509800 0.010982
-1.510800 0.010979
-1.511700 0.010975
-1.512400 0.010971
-1.513200 0.010968
-1.514000 0.010965
-1.514900 0.010962
-1.515700 0.010959
-1.516500 0.010955
-1.517400 0.010952
-1.518200 0.010949
-1.519000 0.010945
-1.519700 0.010941
-1.520500 0.010937
-1.521300 0.010933
-1.522100 0.010928
-1.522800 0.010922
-1.523600 0.010917
-1.524400 0.010910
-1.525200 0.010904
-1.525900 0.010896
-1.526700 0.010888
-1.527500 0.010880
-1.528300 0.010870
-1.528900 0.010860
-1.529700 0.010850
-1.530600 0.010838
-1.531400 0.010826
-1.532100 0.010813
-1.532800 0.010800
-1.533500 0.010785
-1.534900 0.010770
-1.535700 0.010754
-1.536400 0.010737
-1.537100 0.010720
-1.537800 0.010701
-1.538500 0.010682
-1.539200 0.010662
-1.540000 0.010641
-1.540700 0.010619
-1.541300 0.010597
-1.542000 0.010574
-1.542700 0.010550
-1.543400 0.010525
-1.544100 0.010499
-1.545500 0.010473
-1.546200 0.010446
-1.546900 0.010418
-1.548300 0.010390
-1.549100 0.010361
-1.553400 0.010331
-1.557500 0.010300
-1.565300 0.010269
-1.568900 0.010238
-1.572600 0.010206
-1.576000 0.010173
-1.579500 0.010140
-1.582800 0.010106
-1.586200 0.010072
-1.589600 0.010037
-1.593000 0.010002
-1.596200 0.009966
-1.599400 0.009931
-1.602700 0.009894
-1.605800 0.009858
-1.608900 0.009821
-1.611900 0.009784
-1.614900 0.009746
-1.617900 0.009708
-1.620800 0.009671
-1.623800 0.009633
-1.626500 0.009594
-1.629300 0.009556
-1.632200 0.009517
-1.635000 0.009479
-1.637800 0.009440
-1.640500 0.009401
-1.643100 0.009362
-1.645900 0.009323
-1.651100 0.009285
-1.656200 0.009246
-1.658600 0.009207
-1.661100 0.009168
-1.663700 0.009129
-1.668700 0.009091
-1.671200 0.009052
-1.673800 0.009014
-1.676100 0.008975
-1.678300 0.008937
-1.680600 0.008899
-1.682900 0.008861
-1.685300 0.008823
-1.687700 0.008785
-1.692200 0.008748
-1.694500 0.008711
-1.696700 0.008673
-1.699000 0.008636
-1.701000 0.008600
-1.705500 0.008563
-1.707700 0.008527
-1.710000 0.008491
-1.712200 0.008455
-1.714400 0.008419
-1.716600 0.008384
-1.718700 0.008349
-1.720800 0.008314
-1.722900 0.008279
-1.725000 0.008245
-1.727100 0.008211
-1.729200 0.008177
-1.731200 0.008143
-1.733400 0.008109
-1.735400 0.008076
-1.737400 0.008043
-1.739400 0.008011
-1.741400 0.007978
-1.743600 0.007946
-1.745700 0.007914
-1.747800 0.007882
-1.749800 0.007851
-1.751800 0.007819
-1.753800 0.007788
-1.755800 0.007758
-1.757800 0.007727
-1.759900 0.007697
-1.761900 0.007667
-1.763900 0.007637
-1.765800 0.007607
-1.767700 0.007578
-1.769700 0.007549
-1.771700 0.007520
-1.773700 0.007491
-1.775700 0.007463
-1.777500 0.007434
-1.783200 0.007406
-1.785100 0.007378
-1.787100 0.007351
-1.789000 0.007323
-1.791000 0.007296
-1.794800 0.007269
-1.796900 0.007242
-1.798900 0.007216
-1.800800 0.007189
-1.802800 0.007163
-1.804600 0.007137
-1.806500 0.007111
-1.808400 0.007086
-1.810300 0.007060
-1.812300 0.007035
-1.814100 0.007010
-1.816100 0.006985
-1.818000 0.006960
-1.819900 0.006936
-1.821800 0.006911
-1.823700 0.006887
-1.825700 0.006863
-1.827700 0.006839
-1.829800 0.006816
-1.831600 0.006792
-1.833700 0.006769
-1.835500 0.006745
-1.837500 0.006722
-1.839400 0.006700
-1.841300 0.006677
-1.843200 0.006654
-1.845200 0.006632
-1.847300 0.006610
-1.849400 0.006588
-1.851300 0.006566
-1.853300 0.006544
-1.855200 0.006522
-1.859200 0.006501
-1.861300 0.006479
-1.863400 0.006458
-1.865200 0.006437
-1.867200 0.006416
-1.869100 0.006395
-1.871000 0.006375
-1.875000 0.006354
-1.876900 0.006334
-1.878900 0.006313
-1.881000 0.006293
-1.882900 0.006273
-1.884800 0.006253
-1.887000 0.006234
-1.888900 0.006214
-1.893100 0.006194
-1.895100 0.006175
-1.897100 0.006156
-1.899200 0.006137
-1.901300 0.006118
-1.903400 0.006099
-1.905500 0.006080
-1.907700 0.006061
-1.909800 0.006043
-1.911900 0.006024
-1.914000 0.006006
-1.916100 0.005988
-1.918200 0.005970
-1.920400 0.005952
-1.922400 0.005934
-1.924700 0.005916
-1.926900 0.005898
-1.929000 0.005881
-1.931200 0.005863
-1.935600 0.005846
-1.937800 0.005829
-1.942500 0.005812
-1.945000 0.005795
-1.947200 0.005778
-1.949600 0.005761
-1.951800 0.005744
-1.954200 0.005728
-1.956500 0.005711
-1.958700 0.005695
-1.960900 0.005678
-1.965500 0.005662
-1.967900 0.005646
-1.970200 0.005630
-1.972600 0.005614
-1.975100 0.005598
-1.977400 0.005582
-1.979800 0.005566
-1.982400 0.005551
-1.984800 0.005535
-1.987300 0.005520
-1.989800 0.005504
-1.992300 0.005489
-1.995100 0.005474
-1.997700 0.005459
-2.000200 0.005444
-2.002700 0.005429
-2.005300 0.005414
-2.008000 0.005399
-2.010600 0.005385
-2.013500 0.005370
-2.016100 0.005356
-2.018800 0.005341
-2.021500 0.005327
-2.030100 0.005312
-2.032900 0.005298
-2.035800 0.005284
-2.038700 0.005270
-2.041500 0.005256
-2.044200 0.005242
-2.047300 0.005228
-2.050200 0.005214
-2.053300 0.005201
-2.056500 0.005187
-2.059500 0.005174
-2.062800 0.005160
-2.065900 0.005147
-2.069200 0.005133
-2.072400 0.005120
-2.075800 0.005107
-2.079300 0.005094
-2.082600 0.005081
-2.085900 0.005067
-2.089400 0.005055
-2.093100 0.005042
-2.096900 0.005029
-2.100600 0.005016
-2.104300 0.005003
-2.111600 0.004991
-2.115500 0.004978
-2.119500 0.004965
-2.127700 0.004953
-2.131900 0.004941
-2.136200 0.004928
-2.140500 0.004916
-2.144700 0.004904
-2.149200 0.004891
-2.153700 0.004879
-2.158200 0.004867
-2.162900 0.004855
-2.167600 0.004843
-2.172700 0.004831
-2.177600 0.004819
-2.182700 0.004807
-2.188000 0.004796
-2.193300 0.004784
-2.199100 0.004772
-2.204900 0.004760
-2.210300 0.004749
-2.216400 0.004737
-2.222100 0.004726
-2.228200 0.004714
-2.234700 0.004703
-2.241300 0.004691
-2.254300 0.004680
-2.262100 0.004668
-2.269600 0.004657
-2.277400 0.004646
-2.285000 0.004635
-2.293000 0.004624
-2.301600 0.004612
-2.310600 0.004601
-2.319700 0.004590
-2.329000 0.004579
-2.339500 0.004567
-2.350200 0.004556
-2.361300 0.004545
-2.372900 0.004534
-2.385000 0.004523
-2.397700 0.004512
-2.411800 0.004501
-2.426300 0.004490
-2.441600 0.004479
-2.458100 0.004468
-2.495800 0.004457
-2.518200 0.004446
-2.539900 0.004436
-2.562400 0.004425
-2.589600 0.004414
-2.652600 0.004404
-2.689700 0.004393
-2.732300 0.004383
-2.787700 0.004372
-2.853700 0.004362
-2.936100 0.004352
-3.162000 0.004341
-3.340300 0.004331
-3.641400 0.004321
-4.250300 0.004311
-6.255100 0.004301
-11.253000 0.004292
