5.846600 0.210357
5.684300 0.210357
5.520900 0.210357
5.272700 0.210357
5.271800 0.210357
5.017200 0.210357
2.826000 0.210357
1.785800 0.210357
0.863200 0.210357
0.223610 0.210357
-0.220360 0.210357
-0.671230 0.210357
-0.817530 0.210357
-0.955160 0.210357
-1.063600 0.210357
-1.165200 0.210357
-1.262100 0.210357
-1.344700 0.210357
-1.483900 0.210357
-1.544300 0.210357
-1.596900 0.210357
-1.651900 0.210357
-1.747800 0.210357
-1.798000 0.210357
-1.837000 0.210357
-1.876700 0.210357
-1.912300 0.210357
-1.947100 0.210357
-1.982600 0.210357
-2.015600 0.210357
-2.074100 0.210357
-2.100500 0.210357
-2.126600 0.210357
-2.146000 0.210357
-2.187900 0.210357
-2.206700 0.210357
-2.225900 0.210357
-2.241200 0.210357
-2.258700 0.210357
-2.275800 0.210357
-2.290900 0.210357
-2.306300 0.210357
-2.342000 0.210357
-2.353600 0.210357
-2.365300 0.210357
-2.374400 0.210357
-2.385900 0.210357
-2.395100 0.210357
-2.402600 0.210357
-2.411400 0.210357
-2.420800 0.210357
-2.428800 0.210357
-2.437700 0.210357
-2.445200 0.210357
-2.453200 0.210357
-2.460800 0.210357
-2.469900 0.210357
-2.476500 0.210357
-2.482800 0.210357
-2.497600 0.210357
-2.503400 0.210357
-2.510300 0.210357
-2.516400 0.210357
-2.522400 0.210357
-2.532900 0.210357
-2.538400 0.210357
-2.543800 0.210357
-2.547800 0.210357
-2.553000 0.210357
-2.558300 0.210357
-2.563200 0.210357
-2.568000 0.210357
-2.573100 0.210357
-2.578000 0.210357
-2.581900 0.210357
-2.586700 0.210357
-2.591300 0.210357
-2.595400 0.210357
-2.599500 0.210357
-2.607400 0.210357
-2.612100 0.210357
-2.615300 0.210357
-2.619200 0.210357
-2.626400 0.210357
-2.633400 0.210357
-2.636800 0.210357
-2.640300 0.210357
-2.646700 0.210357
-2.649500 0.210357
-2.652600 0.210357
-2.655400 0.210357
-2.658600 0.210357
-2.661500 0.210357
-2.664300 0.210357
-2.667000 0.210357
-2.670200 0.210357
-2.673000 0.210357
-2.675900 0.210357
-2.679200 0.210357
-2.681900 0.210357
-2.687700 0.210357
-2.690100 0.210357
-2.692400 0.210357
-2.695100 0.210357
-2.697800 0.210357
-2.702800 0.210357
-2.705400 0.210357
-2.707400 0.210357
-2.709400 0.210357
-2.711700 0.210357
-2.713900 0.210357
-2.718100 0.210355
-2.720200 0.210340
-2.722500 0.210191
-2.724500 0.208700
-2.726600 0.207209
-2.728500 0.206060
-2.730700 0.205071
-2.732700 0.204165
-2.736600 0.203316
-2.738700 0.202509
-2.740700 0.201715
-2.744400 0.200937
-2.747900 0.200180
-2.749800 0.199442
-2.751900 0.198724
-2.753800 0.198025
-2.755500 0.197347
-2.757400 0.196692
-2.759100 0.195948
-2.760900 0.195245
-2.762600 0.194570
-2.764400 0.193917
-2.766100 0.193284
-2.767700 0.192669
-2.769500 0.192072
-2.771000 0.191493
-2.772800 0.190933
-2.774400 0.190391
-2.776100 0.189868
-2.777800 0.189364
-2.779400 0.188880
-2.780900 0.188420
-2.784200 0.187982
-2.787300 0.187568
-2.790100 0.187175
-2.793000 0.186805
-2.794500 0.186457
-2.795900 0.186131
-2.799100 0.185826
-2.800400 0.185542
-2.801600 0.185278
-2.804300 0.185033
-2.805600 0.184806
-2.806900 0.184596
-2.808300 0.184400
-2.809600 0.184218
-2.811000 0.184048
-2.814900 0.183888
-2.816300 0.183735
-2.817600 0.183589
-2.818900 0.183447
-2.820500 0.183307
-2.821800 0.183167
-2.823000 0.183024
-2.824200 0.182876
-2.825600 0.182722
-2.826700 0.182559
-2.828000 0.182386
-2.835700 0.182200
-2.843000 0.182000
-2.855800 0.181785
-2.861900 0.181554
-2.868500 0.181304
-2.874300 0.181036
-2.880200 0.180749
-2.886000 0.180441
-2.891500 0.180114
-2.896800 0.179767
-2.901800 0.179400
-2.906900 0.179013
-2.911900 0.178608
-2.916800 0.178186
-2.926300 0.177746
-2.930800 0.177290
-2.935300 0.176820
-2.939800 0.176337
-2.944200 0.175842
-2.948200 0.175336
-2.952600 0.174822
-2.956500 0.174301
-2.960400 0.173774
-2.964100 0.173244
-2.968000 0.172711
-2.971600 0.172178
-2.975300 0.171645
-2.979000 0.171114
-2.982500 0.170587
-2.986000 0.170064
-2.989300 0.169547
-2.992400 0.169037
-2.995700 0.168533
-2.999200 0.168038
-3.002700 0.167552
-3.005900 0.167075
-3.012300 0.166607
-3.015500 0.166149
-3.018500 0.165700
-3.021800 0.165261
-3.024800 0.164832
-3.027800 0.164411
-3.031000 0.164000
-3.037000 0.163596
-3.039900 0.163201
-3.042800 0.162813
-3.045500 0.162432
-3.048300 0.162058
-3.051100 0.161689
-3.053700 0.161325
-3.056400 0.160966
-3.059200 0.160611
-3.061900 0.160259
-3.064600 0.159910
-3.067000 0.159564
-3.069700 0.159219
-3.072200 0.158876
-3.074800 0.158535
-3.077300 0.158194
-3.079800 0.157855
-3.082200 0.157516
-3.084600 0.157177
-3.087200 0.156839
-3.089600 0.156502
-3.092000 0.156164
-3.094500 0.155828
-3.096900 0.155491
-3.099300 0.155155
-3.101600 0.154820
-3.103900 0.154485
-3.106200 0.154152
-3.108600 0.153819
-3.111000 0.153486
-3.113300 0.153155
-3.115700 0.152825
-3.117900 0.152495
-3.120200 0.152167
-3.122500 0.151839
-3.124700 0.151511
-3.126900 0.151184
-3.129100 0.150857
-3.131300 0.150530
-3.133600 0.150202
-3.135700 0.149874
-3.137900 0.149544
-3.140000 0.149212
-3.142200 0.148878
-3.144500 0.148542
-3.146700 0.148202
-3.148700 0.147858
-3.150700 0.147511
-3.152700 0.147159
-3.156800 0.146803
-3.158900 0.146441
-3.161100 0.146074
-3.163100 0.145701
-3.165200 0.145323
-3.167400 0.144939
-3.169400 0.144550
-3.171400 0.144156
-3.173500 0.143758
-3.175600 0.143355
-3.177700 0.142948
-3.179600 0.142538
-3.181700 0.142127
-3.183800 0.141714
-3.185700 0.141300
-3.187800 0.140888
-3.189900 0.140477
-3.192000 0.140068
-3.194000 0.139664
-3.196100 0.139265
-3.198100 0.138872
-3.200200 0.138486
-3.202200 0.138109
-3.204200 0.137740
-3.206100 0.137382
-3.208100 0.137035
-3.210100 0.136700
-3.212100 0.136377
-3.214000 0.136067
-3.216100 0.135770
-3.218000 0.135486
-3.219900 0.135215
-3.222000 0.134958
-3.224100 0.134713
-3.228100 0.134482
-3.230300 0.134262
-3.232200 0.134053
-3.234200 0.133854
-3.236200 0.133665
-3.238100 0.133485
-3.240100 0.133311
-3.242200 0.133144
-3.244200 0.132982
-3.246200 0.132822
-3.248100 0.132666
-3.252100 0.132509
-3.257900 0.132353
-3.259900 0.132195
-3.261900 0.132034
-3.263900 0.131869
-3.265900 0.131699
-3.268000 0.131523
-3.270000 0.131340
-3.272100 0.131150
-3.274100 0.130951
-3.276100 0.130744
-3.278100 0.130528
-3.280100 0.130302
-3.282200 0.130068
-3.284300 0.129824
-3.286500 0.129572
-3.288500 0.129311
-3.290500 0.129042
-3.292600 0.128765
-3.294700 0.128482
-3.296700 0.128192
-3.298800 0.127897
-3.300800 0.127598
-3.302900 0.127295
-3.304900 0.126989
-3.309100 0.126682
-3.311300 0.126375
-3.313400 0.126068
-3.315500 0.125762
-3.317700 0.125458
-3.319700 0.125157
-3.321900 0.124860
-3.324100 0.124568
-3.326300 0.124282
-3.328400 0.124001
-3.330600 0.123726
-3.332800 0.123458
-3.334900 0.123197
-3.337300 0.122943
-3.339400 0.122696
-3.341700 0.122456
-3.344000 0.122224
-3.346300 0.121998
-3.348700 0.121779
-3.351000 0.121566
-3.353100 0.121359
-3.355600 0.121157
-3.357700 0.120960
-3.360200 0.120767
-3.362400 0.120578
-3.364800 0.120393
-3.367200 0.120210
-3.369700 0.120030
-3.372000 0.119851
-3.374400 0.119674
-3.376800 0.119498
-3.379200 0.119322
-3.381600 0.119147
-3.384000 0.118972
-3.386500 0.118797
-3.389100 0.118622
-3.391600 0.118447
-3.394300 0.118271
-3.396700 0.118095
-3.399300 0.117919
-3.401800 0.117742
-3.404400 0.117566
-3.407000 0.117390
-3.409500 0.117216
-3.412200 0.117042
-3.415100 0.116869
-3.417600 0.116699
-3.420300 0.116531
-3.423300 0.116366
-3.426200 0.116204
-3.428900 0.116045
-3.431700 0.115891
-3.434600 0.115742
-3.437300 0.115597
-3.440300 0.115459
-3.443300 0.115325
-3.446400 0.115199
-3.449600 0.115078
-3.452600 0.114965
-3.455500 0.114858
-3.458500 0.114758
-3.461600 0.114665
-3.464700 0.114580
-3.467800 0.114501
-3.474300 0.114430
-3.477500 0.114365
-3.480800 0.114308
-3.484200 0.114256
-3.487700 0.114211
-3.494700 0.114171
-3.498300 0.114137
-3.502100 0.114108
-3.509900 0.114083
-3.513800 0.114063
-3.518200 0.114046
-3.522300 0.114032
-3.526600 0.114021
-3.530800 0.114012
-3.535300 0.114004
-3.539800 0.113997
-3.544200 0.113991
-3.548900 0.113985
-3.553600 0.113978
-3.558300 0.113970
-3.563000 0.113960
-3.568100 0.113948
-3.578800 0.113933
-3.583700 0.113915
-3.589200 0.113894
-3.594800 0.113869
-3.600800 0.113840
-3.606600 0.113806
-3.612700 0.113768
-3.618900 0.113724
-3.625500 0.113676
-3.632900 0.113622
-3.640000 0.113564
-3.647500 0.113500
-3.655500 0.113430
-3.663700 0.113356
-3.671700 0.113276
-3.680600 0.113192
-3.690100 0.113102
-3.700000 0.113007
-3.733800 0.112905
-3.745700 0.112795
-3.758600 0.112705
-3.772800 0.112606
-3.789000 0.112500
-3.806400 0.112385
-3.825900 0.112263
-3.848200 0.112135
-3.903500 0.112002
-3.938100 0.111864
-3.976200 0.111724
-4.030500 0.111579
-4.097100 0.111430
-4.202300 0.111272
-4.380600 0.111091
-4.797000 0.110860
