54.705000 0.809877
6.217200 0.809877
4.243500 0.809877
3.450000 0.809877
3.029700 0.809877
2.773400 0.809876
2.544400 0.809867
2.397900 0.809778
2.258300 0.808889
2.134600 0.800000
2.015000 0.791111
1.913200 0.785765
1.826400 0.781659
1.759800 0.778260
1.697200 0.775417
1.645500 0.773061
1.590400 0.770897
1.541800 0.768951
1.496100 0.767235
1.455200 0.765745
1.421400 0.764465
1.385400 0.763380
1.352700 0.762469
1.323200 0.761706
1.293400 0.760040
1.265300 0.758744
1.244300 0.757644
1.214500 0.756697
1.193300 0.755874
1.172700 0.755156
1.150100 0.754532
1.126400 0.753985
1.104900 0.753501
1.081300 0.753066
1.061800 0.752664
1.043700 0.752282
1.026200 0.751905
1.006300 0.751566
0.989720 0.751243
0.976540 0.750922
0.959140 0.750595
0.945100 0.750252
0.929110 0.749884
0.915380 0.749484
0.901310 0.749046
0.890630 0.748564
0.877110 0.748035
0.864690 0.747454
0.851260 0.746818
0.837350 0.746126
0.825170 0.745376
0.811960 0.744569
0.797950 0.743707
0.786200 0.742791
0.774570 0.741823
0.762760 0.740808
0.751070 0.739749
0.741000 0.738652
0.730020 0.737520
0.717780 0.736360
0.708620 0.735178
0.699040 0.733978
0.689280 0.732767
0.680090 0.731550
0.670140 0.730332
0.658940 0.729119
0.641210 0.727913
0.632300 0.726721
0.622900 0.725545
0.613590 0.724388
0.604280 0.723252
0.588050 0.722138
0.580970 0.721048
0.572390 0.719983
0.564950 0.718940
0.556890 0.717920
0.550090 0.716920
0.541880 0.715940
0.534700 0.714975
0.527380 0.714024
0.519630 0.713083
0.511910 0.712149
0.505100 0.711218
0.498270 0.710288
0.490970 0.709353
0.483890 0.708412
0.476690 0.707459
0.469060 0.706493
0.462160 0.705510
0.455850 0.704508
0.448920 0.703484
0.442020 0.702437
0.435860 0.701365
0.429360 0.700267
0.423130 0.699143
0.416600 0.697993
0.410740 0.696817
0.398900 0.695616
0.393410 0.694391
0.387520 0.693144
0.381140 0.691876
0.374550 0.690590
0.368450 0.689288
0.362740 0.687972
0.356630 0.686645
0.351390 0.685309
0.345920 0.683967
0.341250 0.682621
0.336100 0.681275
0.331520 0.679929
0.322180 0.678587
0.317420 0.677250
0.307840 0.675921
0.302680 0.674601
0.298130 0.673293
0.289370 0.671997
0.284490 0.670715
0.279670 0.669449
0.275670 0.668199
0.271550 0.666967
0.266580 0.665754
0.262150 0.664560
0.257270 0.663387
0.252660 0.662234
0.248020 0.661102
0.242740 0.659991
0.237800 0.658902
0.233310 0.657835
0.228490 0.656790
0.224710 0.655767
0.220190 0.654767
0.216010 0.653789
0.211680 0.652834
0.207650 0.651901
0.203160 0.650991
0.198860 0.650104
0.194560 0.649239
0.190400 0.648397
0.185950 0.647577
0.177470 0.646779
0.172710 0.646002
0.168370 0.645247
0.160100 0.644512
0.156320 0.643796
0.152110 0.643100
0.147890 0.642421
0.143560 0.641759
0.139840 0.641112
0.135690 0.640479
0.131810 0.639859
0.127970 0.639249
0.124430 0.638649
0.120730 0.638056
0.117040 0.637470
0.109720 0.636887
0.106150 0.636306
0.102300 0.635725
0.098669 0.635143
0.095129 0.634557
0.091406 0.633966
0.087897 0.633368
0.084296 0.632761
0.081244 0.632143
0.077856 0.631514
0.074164 0.630871
0.067389 0.630214
0.063818 0.629540
0.060522 0.628848
0.057623 0.628138
0.054205 0.627408
0.050543 0.626656
0.047156 0.625882
0.040930 0.625085
0.037421 0.624264
0.034094 0.623417
0.031012 0.622545
0.027625 0.621645
0.023718 0.620717
0.020544 0.619761
0.017737 0.618776
0.014227 0.617760
0.010535 0.616714
0.007727 0.615636
0.004553 0.614526
0.001227 0.613384
-0.001886 0.612209
-0.004907 0.611000
-0.007776 0.609757
-0.010645 0.608480
-0.013422 0.607168
-0.032556 0.605820
-0.049005 0.604438
-0.065698 0.603019
-0.081934 0.601565
-0.097620 0.600075
-0.113120 0.598550
-0.128010 0.596990
-0.143150 0.595395
-0.157400 0.593765
-0.171690 0.592102
-0.199430 0.590405
-0.213950 0.588677
-0.227350 0.586918
-0.240470 0.585129
-0.252830 0.583312
-0.265800 0.581468
-0.278590 0.579598
-0.291070 0.577705
-0.335810 0.575789
-0.357110 0.573853
-0.367980 0.571898
-0.378810 0.569926
-0.389520 0.567938
-0.399620 0.565938
-0.410060 0.563926
-0.420680 0.561904
-0.430570 0.559874
-0.440030 0.557838
-0.449240 0.555798
-0.458730 0.553756
-0.486350 0.551712
-0.495350 0.549669
-0.504690 0.547628
-0.513300 0.545590
-0.521510 0.543557
-0.530210 0.541529
-0.538780 0.539509
-0.546990 0.537495
-0.555600 0.535491
-0.564020 0.533495
-0.571980 0.531509
-0.587980 0.529532
-0.596060 0.527566
-0.603390 0.525610
-0.610890 0.523664
-0.618550 0.521729
-0.626430 0.519804
-0.641050 0.517889
-0.648250 0.515985
-0.655540 0.514090
-0.662780 0.512205
-0.669920 0.510330
-0.676750 0.508464
-0.690760 0.506609
-0.697690 0.504763
-0.704710 0.502927
-0.718010 0.501100
-0.724330 0.499285
-0.731230 0.497479
-0.738090 0.495685
-0.744410 0.493902
-0.751000 0.492131
-0.757810 0.490373
-0.764460 0.488628
-0.770810 0.486897
-0.776940 0.485181
-0.782920 0.483480
-0.789090 0.481796
-0.795530 0.480128
-0.801570 0.478479
-0.807460 0.476848
-0.813590 0.475236
-0.825310 0.473645
-0.831600 0.472074
-0.837610 0.470525
-0.843680 0.468997
-0.849600 0.467492
-0.855520 0.466008
-0.861690 0.464548
-0.867580 0.463109
-0.873310 0.461693
-0.879140 0.460298
-0.884880 0.458925
-0.890590 0.457572
-0.896330 0.456239
-0.901880 0.454925
-0.907130 0.453628
-0.918390 0.452349
-0.923700 0.451084
-0.929710 0.449834
-0.935450 0.448596
-0.940700 0.447369
-0.945950 0.446152
-0.951500 0.444943
-0.962000 0.443741
-0.967370 0.442544
-0.972410 0.441351
-0.977660 0.440160
-0.983030 0.438971
-0.988340 0.437782
-0.998680 0.436591
-1.003900 0.435399
-1.009000 0.434204
-1.014200 0.433005
-1.019600 0.431802
-1.024700 0.430594
-1.030000 0.429381
-1.035200 0.428163
-1.045800 0.426940
-1.051200 0.425711
-1.056300 0.424477
-1.061600 0.423238
-1.066600 0.421994
-1.071500 0.420746
-1.076300 0.419494
-1.081200 0.418238
-1.086200 0.416979
-1.091100 0.415718
-1.096200 0.414455
-1.101200 0.413191
-1.106400 0.411926
-1.111500 0.410662
-1.121200 0.409399
-1.126000 0.408137
-1.131000 0.406877
-1.136100 0.405619
-1.140800 0.404365
-1.146000 0.403115
-1.151100 0.401868
-1.156100 0.400626
-1.161200 0.399389
-1.166200 0.398157
-1.171100 0.396931
-1.176000 0.395710
-1.181300 0.394495
-1.186000 0.393287
-1.190800 0.392084
-1.195600 0.390888
-1.200600 0.389699
-1.205400 0.388516
-1.210300 0.387340
-1.220000 0.386170
-1.224900 0.385007
-1.230000 0.383851
-1.235000 0.382702
-1.239900 0.381560
-1.244800 0.380424
-1.250100 0.379295
-1.254700 0.378173
-1.259600 0.377057
-1.265000 0.375948
-1.270000 0.374845
-1.275000 0.373749
-1.279900 0.372659
-1.285200 0.371576
-1.290400 0.370498
-1.295300 0.369427
-1.300200 0.368363
-1.305300 0.367304
-1.310300 0.366252
-1.315600 0.365205
-1.320600 0.364165
-1.325900 0.363130
-1.331300 0.362101
-1.336400 0.361078
-1.341600 0.360061
-1.346800 0.359050
-1.351700 0.358044
-1.356800 0.357044
-1.361800 0.356049
-1.378000 0.355060
-1.383500 0.354077
-1.388900 0.353099
-1.394400 0.352126
-1.399800 0.351159
-1.405100 0.350197
-1.410800 0.349240
-1.416100 0.348288
-1.421500 0.347342
-1.426900 0.346401
-1.432400 0.345465
-1.437800 0.344534
-1.443300 0.343607
-1.448600 0.342686
-1.454400 0.341770
-1.460100 0.340859
-1.465700 0.339953
-1.471200 0.339051
-1.476700 0.338154
-1.482300 0.337262
-1.488100 0.336375
-1.493700 0.335492
-1.499500 0.334614
-1.505600 0.333740
-1.517200 0.332871
-1.523100 0.332007
-1.529500 0.331147
-1.535600 0.330292
-1.541300 0.329440
-1.547600 0.328594
-1.553900 0.327751
-1.560400 0.326913
-1.567000 0.326080
-1.573600 0.325250
-1.580100 0.324425
-1.586900 0.323604
-1.593500 0.322787
-1.600200 0.321974
-1.607100 0.321165
-1.613600 0.320360
-1.620800 0.319560
-1.628400 0.318763
-1.643100 0.317970
-1.650900 0.317182
-1.658300 0.316397
-1.665600 0.315616
-1.673500 0.314838
-1.681300 0.314065
-1.689000 0.313296
-1.697400 0.312530
-1.705900 0.311768
-1.714100 0.311009
-1.722800 0.310255
-1.732100 0.309504
-1.750300 0.308757
-1.759400 0.308013
-1.768300 0.307273
-1.787700 0.306536
-1.797600 0.305803
-1.807900 0.305073
-1.819100 0.304347
-1.830400 0.303624
-1.841900 0.302905
-1.853700 0.302189
-1.876900 0.301477
-1.889900 0.300768
-1.901900 0.300062
-1.915500 0.299359
-1.929200 0.298660
-1.943300 0.297963
-1.957700 0.297270
-1.972900 0.296580
-1.989200 0.295894
-2.006600 0.295210
-2.024000 0.294529
-2.042900 0.293850
-2.063300 0.293175
-2.083600 0.292502
-2.127200 0.291832
-2.151500 0.291164
-2.178200 0.290499
-2.205700 0.289837
-2.233500 0.289177
-2.266700 0.288520
-2.301400 0.287865
-2.378100 0.287214
-2.421100 0.286553
-2.470400 0.285897
-2.592400 0.285243
-2.663500 0.284593
-2.754800 0.283946
-2.862800 0.283302
-2.999100 0.282660
-3.171000 0.282020
-3.390800 0.281383
-3.716100 0.280750
-4.153000 0.280120
-4.938400 0.279495
-10.152000 0.278875
-17.599000 0.278260
