0.758940 0.158686
-0.251900 0.158686
-0.648320 0.158686
-1.213800 0.158686
-1.344100 0.158686
-1.422100 0.158686
-1.494500 0.158686
-1.556700 0.158686
-1.610600 0.158686
-1.653000 0.158686
-1.691800 0.158686
-1.725200 0.158686
-1.751600 0.158686
-1.773700 0.158686
-1.794700 0.158686
-1.816100 0.158686
-1.831700 0.158686
-1.847800 0.158686
-1.862500 0.158686
-1.877200 0.158686
-1.889500 0.158686
-1.902000 0.158686
-1.913000 0.158686
-1.924400 0.158686
-1.934900 0.158686
-1.945300 0.158686
-1.954500 0.158686
-1.970000 0.158686
-1.979900 0.158686
-1.986900 0.158686
-1.995900 0.158686
-2.002500 0.158686
-2.009300 0.158686
-2.015200 0.158686
-2.021100 0.158686
-2.026800 0.158686
-2.032600 0.158686
-2.038100 0.158686
-2.044200 0.158686
-2.049800 0.158686
-2.055700 0.158686
-2.061000 0.158686
-2.065800 0.158686
-2.070500 0.158686
-2.075100 0.158686
-2.079700 0.158686
-2.084100 0.158686
-2.088700 0.158686
-2.093100 0.158686
-2.097000 0.158686
-2.101600 0.158686
-2.110000 0.158686
-2.114300 0.158686
-2.117900 0.158686
-2.121400 0.158686
-2.124800 0.158686
-2.128600 0.158686
-2.132400 0.158686
-2.136200 0.158686
-2.139200 0.158686
-2.142900 0.158686
-2.146500 0.158686
-2.150200 0.158686
-2.153800 0.158686
-2.157000 0.158686
-2.159800 0.158686
-2.162800 0.158686
-2.165600 0.158686
-2.168700 0.158686
-2.171500 0.158686
-2.174800 0.158686
-2.177800 0.158686
-2.180800 0.158686
-2.183900 0.158686
-2.186700 0.158686
-2.189400 0.158686
-2.192000 0.158686
-2.194500 0.158686
-2.197000 0.158686
-2.199500 0.158686
-2.201800 0.158686
-2.204100 0.158686
-2.209200 0.158686
-2.211900 0.158686
-2.214100 0.158686
-2.216700 0.158686
-2.219000 0.158686
-2.221600 0.158686
-2.226200 0.158686
-2.228700 0.158686
-2.230600 0.158686
-2.233000 0.158686
-2.235200 0.158686
-2.237300 0.158686
-2.239100 0.158686
-2.241100 0.158686
-2.243100 0.158686
-2.245300 0.158686
-2.247400 0.158686
-2.249700 0.158686
-2.251800 0.158686
-2.255800 0.158686
-2.258300 0.158686
-2.260200 0.158686
-2.261900 0.158686
-2.263800 0.158686
-2.265800 0.158686
-2.267800 0.158686
-2.271600 0.158686
-2.273600 0.158686
-2.275300 0.158686
-2.277300 0.158686
-2.278900 0.158686
-2.280500 0.158686
-2.282400 0.158686
-2.284300 0.158686
-2.286200 0.158686
-2.288300 0.158686
-2.290300 0.158686
-2.292100 0.158686
-2.293800 0.158686
-2.295500 0.158686
-2.297300 0.158686
-2.298600 0.158686
-2.300400 0.158686
-2.303400 0.158686
-2.305000 0.158686
-2.306600 0.158686
-2.308200 0.158686
-2.311400 0.158686
-2.312600 0.158686
-2.314100 0.158686
-2.316700 0.158686
-2.318200 0.158686
-2.319500 0.158686
-2.321200 0.158686
-2.322900 0.158686
-2.324400 0.158686
-2.326000 0.158686
-2.330400 0.158686
-2.331900 0.158686
-2.333200 0.158686
-2.334500 0.158686
-2.336000 0.158686
-2.337300 0.158686
-2.338800 0.158686
-2.341500 0.158686
-2.342600 0.158686
-2.343800 0.158686
-2.345400 0.158686
-2.346800 0.158686
-2.348200 0.158686
-2.349500 0.158686
-2.350800 0.158686
-2.352200 0.158686
-2.354800 0.158686
-2.356100 0.158686
-2.357400 0.158686
-2.358700 0.158686
-2.360000 0.158686
-2.361200 0.158686
-2.362600 0.158686
-2.363800 0.158686
-2.366300 0.158686
-2.367400 0.158686
-2.368700 0.158686
-2.370000 0.158686
-2.371200 0.158686
-2.372300 0.158686
-2.373500 0.158686
-2.374700 0.158686
-2.375800 0.158686
-2.377000 0.158686
-2.378200 0.158686
-2.379400 0.158686
-2.380400 0.158686
-2.381600 0.158686
-2.382700 0.158686
-2.384000 0.158686
-2.385100 0.158686
-2.386200 0.158686
-2.387200 0.158686
-2.388300 0.158686
-2.389300 0.158686
-2.390600 0.158686
-2.397300 0.158686
-2.403600 0.158685
-2.409500 0.158678
-2.415900 0.158606
-2.421600 0.157890
-2.427300 0.157174
-2.432900 0.156581
-2.438600 0.156061
-2.449200 0.155592
-2.454100 0.155161
-2.459300 0.154762
-2.463900 0.154394
-2.468400 0.154039
-2.473300 0.153697
-2.478000 0.153372
-2.482600 0.153063
-2.487100 0.152772
-2.491700 0.152497
-2.496400 0.152238
-2.501000 0.151995
-2.505600 0.151768
-2.509900 0.151555
-2.514200 0.151270
-2.518700 0.151004
-2.522800 0.150754
-2.530500 0.150517
-2.534400 0.150294
-2.538400 0.150081
-2.542200 0.149879
-2.545800 0.149687
-2.549500 0.149504
-2.553300 0.149329
-2.557000 0.149163
-2.560500 0.149004
-2.564200 0.148851
-2.567700 0.148705
-2.571300 0.148564
-2.574700 0.148430
-2.578500 0.148303
-2.581600 0.148182
-2.585000 0.148065
-2.591900 0.147954
-2.595100 0.147846
-2.598500 0.147742
-2.602000 0.147640
-2.605300 0.147540
-2.608500 0.147443
-2.611700 0.147346
-2.615000 0.147250
-2.618200 0.147155
-2.621400 0.147059
-2.624600 0.146962
-2.627800 0.146864
-2.630900 0.146765
-2.637000 0.146663
-2.640100 0.146558
-2.643200 0.146450
-2.646300 0.146339
-2.649400 0.146224
-2.655400 0.146105
-2.658400 0.145982
-2.661300 0.145853
-2.664300 0.145719
-2.667100 0.145580
-2.670300 0.145436
-2.673100 0.145285
-2.676000 0.145129
-2.679000 0.144966
-2.681800 0.144796
-2.684700 0.144620
-2.687600 0.144438
-2.690300 0.144248
-2.693000 0.144052
-2.695900 0.143848
-2.698700 0.143638
-2.701500 0.143420
-2.704200 0.143195
-2.707100 0.142963
-2.709800 0.142724
-2.712600 0.142478
-2.715300 0.142224
-2.718000 0.141964
-2.720700 0.141696
-2.723300 0.141422
-2.728700 0.141141
-2.731400 0.140854
-2.734200 0.140560
-2.736900 0.140260
-2.739500 0.139955
-2.742000 0.139644
-2.744500 0.139328
-2.747000 0.139007
-2.749600 0.138682
-2.752200 0.138354
-2.754700 0.138022
-2.757200 0.137687
-2.759700 0.137350
-2.762200 0.137012
-2.764800 0.136673
-2.767400 0.136333
-2.770000 0.135993
-2.772700 0.135655
-2.775300 0.135318
-2.778100 0.134984
-2.780700 0.134653
-2.783300 0.134326
-2.785900 0.134003
-2.788700 0.133686
-2.791200 0.133375
-2.793900 0.133070
-2.796400 0.132773
-2.801600 0.132483
-2.804200 0.132202
-2.806800 0.131930
-2.809400 0.131668
-2.812100 0.131415
-2.814600 0.131173
-2.817100 0.130941
-2.819600 0.130721
-2.822200 0.130511
-2.824500 0.130312
-2.827200 0.130124
-2.829800 0.129948
-2.832500 0.129782
-2.835200 0.129627
-2.837900 0.129482
-2.840500 0.129347
-2.843100 0.129222
-2.845500 0.129105
-2.848200 0.128997
-2.850800 0.128897
-2.853100 0.128805
-2.858300 0.128718
-2.860700 0.128637
-2.863400 0.128561
-2.866100 0.128489
-2.868900 0.128420
-2.871500 0.128353
-2.874100 0.128288
-2.876800 0.128223
-2.879300 0.128158
-2.881800 0.128092
-2.887000 0.128023
-2.892500 0.127951
-2.895100 0.127876
-2.897900 0.127796
-2.900600 0.127711
-2.903200 0.127620
-2.906000 0.127523
-2.908700 0.127419
-2.911500 0.127307
-2.914300 0.127187
-2.917000 0.127059
-2.919800 0.126923
-2.922600 0.126778
-2.925300 0.126624
-2.928100 0.126460
-2.933600 0.126288
-2.939500 0.126107
-2.942200 0.125917
-2.945000 0.125718
-2.947900 0.125510
-2.950800 0.125295
-2.953600 0.125071
-2.956400 0.124840
-2.959400 0.124601
-2.962300 0.124356
-2.965200 0.124104
-2.968200 0.123847
-2.971100 0.123584
-2.974100 0.123316
-2.977000 0.123043
-2.980100 0.122767
-2.983300 0.122488
-2.986400 0.122205
-2.989400 0.121920
-2.992500 0.121634
-2.995500 0.121346
-3.001800 0.121057
-3.005000 0.120767
-3.008200 0.120478
-3.011500 0.120189
-3.014800 0.119901
-3.018000 0.119614
-3.021300 0.119328
-3.024500 0.119044
-3.027800 0.118762
-3.031100 0.118482
-3.034400 0.118204
-3.037900 0.117929
-3.041500 0.117656
-3.045000 0.117386
-3.048600 0.117119
-3.052100 0.116855
-3.055600 0.116594
-3.059500 0.116335
-3.063100 0.116079
-3.066700 0.115827
-3.070300 0.115576
-3.074000 0.115329
-3.077700 0.115084
-3.081600 0.114841
-3.085400 0.114601
-3.089300 0.114363
-3.101400 0.114127
-3.105700 0.113893
-3.109600 0.113660
-3.114000 0.113430
-3.118100 0.113201
-3.122400 0.112973
-3.126400 0.112747
-3.131100 0.112522
-3.140100 0.112298
-3.144600 0.112075
-3.154000 0.111852
-3.158700 0.111631
-3.163800 0.111411
-3.168800 0.111191
-3.173600 0.110971
-3.178800 0.110753
-3.184200 0.110535
-3.189500 0.110318
-3.195000 0.110101
-3.200500 0.109885
-3.205900 0.109669
-3.211500 0.109455
-3.217800 0.109241
-3.223800 0.109027
-3.230000 0.108815
-3.236000 0.108604
-3.242600 0.108393
-3.249100 0.108184
-3.256000 0.107976
-3.262600 0.107769
-3.269800 0.107563
-3.277000 0.107358
-3.284300 0.107155
-3.292100 0.106953
-3.299800 0.106752
-3.308200 0.106553
-3.317000 0.106355
-3.325900 0.106159
-3.335200 0.105964
-3.344900 0.105770
-3.354600 0.105577
-3.364400 0.105386
-3.375000 0.105195
-3.386400 0.105007
-3.397900 0.104819
-3.409100 0.104633
-3.433700 0.104447
-3.447500 0.104263
-3.462200 0.104079
-3.478200 0.103896
-3.494300 0.103713
-3.511400 0.103530
-3.527900 0.103347
-3.546800 0.103163
-3.567800 0.102979
-3.589900 0.102794
-3.613900 0.102608
-3.639700 0.102429
-3.667200 0.102251
-3.697500 0.102072
-3.731200 0.101894
-3.766300 0.101714
-3.805400 0.101534
-3.848500 0.101352
-3.899200 0.101168
-3.954100 0.100983
-4.016700 0.100795
-4.535400 0.100606
-4.738900 0.100411
-5.063300 0.100211
-5.647000 0.100004
-7.473000 0.099790
-12.017000 0.099571
-15.237000 0.099352
