9.402400 0.302953
4.732000 0.302953
3.991700 0.302953
3.218300 0.302953
2.978700 0.302953
2.766300 0.302953
2.616100 0.302953
2.497200 0.302953
2.409800 0.302953
2.329800 0.302953
2.251600 0.302953
2.187900 0.302953
2.134600 0.302953
2.080700 0.302953
2.031700 0.302953
1.985900 0.302953
1.940800 0.302953
1.904300 0.302953
1.871200 0.302953
1.834700 0.302953
1.801600 0.302953
1.774300 0.302953
1.743800 0.302953
1.715800 0.302953
1.693400 0.302953
1.667000 0.302953
1.641100 0.302953
1.603000 0.302953
1.584800 0.302953
1.566400 0.302953
1.529500 0.302953
1.499300 0.302953
1.484200 0.302953
1.470600 0.302953
1.457900 0.302953
1.443400 0.302953
1.431800 0.302953
1.420000 0.302953
1.408300 0.302953
1.396000 0.302953
1.383500 0.302953
1.372600 0.302953
1.360800 0.302953
1.348500 0.302953
1.336800 0.302953
1.324500 0.302953
1.314500 0.302950
1.305600 0.302924
1.287100 0.302658
1.277900 0.300000
1.268700 0.297342
1.260100 0.295815
1.252300 0.294740
1.244000 0.293905
1.234600 0.293201
1.227400 0.292584
1.217400 0.292026
1.210300 0.291509
1.202700 0.291006
1.195800 0.290504
1.189000 0.290014
1.181400 0.289535
1.174200 0.289066
1.160900 0.288602
1.155600 0.288141
1.142800 0.287680
1.130100 0.287217
1.124100 0.286752
1.118200 0.286284
1.112100 0.285691
1.101000 0.285164
1.096200 0.284669
1.091600 0.284190
1.086200 0.283721
1.076300 0.283257
1.070900 0.282795
1.061800 0.282333
1.057100 0.281871
1.052900 0.281407
1.044900 0.280942
1.040200 0.280475
1.035800 0.280005
1.031000 0.279533
1.026500 0.279058
1.022500 0.278582
1.018300 0.278104
1.014100 0.277625
1.010600 0.277150
1.006400 0.276677
1.002800 0.276205
0.998250 0.275734
0.994670 0.275265
0.990920 0.274798
0.987470 0.274333
0.983930 0.273871
0.980520 0.273411
0.977130 0.272956
0.973280 0.272506
0.969440 0.272060
0.965810 0.271621
0.962200 0.271188
0.952320 0.270763
0.949450 0.270345
0.945850 0.269936
0.942890 0.269536
0.935590 0.269146
0.932540 0.268765
0.929490 0.268395
0.926410 0.268036
0.923390 0.267689
0.920300 0.267353
0.917410 0.267030
0.914630 0.266719
0.911550 0.266422
0.908830 0.266137
0.906360 0.265866
0.903340 0.265608
0.898120 0.265363
0.895740 0.265131
0.893390 0.264913
0.887890 0.264708
0.885030 0.264516
0.882400 0.264337
0.877310 0.264170
0.874620 0.264015
0.872300 0.263871
0.869740 0.263739
0.867480 0.263617
0.865010 0.263506
0.862780 0.263404
0.857710 0.263311
0.853260 0.263226
0.851150 0.263148
0.849050 0.263078
0.846700 0.263013
0.844410 0.262953
0.842390 0.262898
0.840440 0.262847
0.838420 0.262799
0.836200 0.262752
0.833910 0.262707
0.831960 0.262662
0.830130 0.262617
0.828050 0.262571
0.825910 0.262523
0.823620 0.262472
0.821370 0.262418
0.817520 0.262360
0.815690 0.262297
0.813830 0.262229
0.811480 0.262154
0.809710 0.262073
0.807850 0.261986
0.805710 0.261890
0.803790 0.261787
0.801870 0.261675
0.800250 0.261554
0.798290 0.261424
0.796370 0.261285
0.794630 0.261136
0.792860 0.260978
0.789290 0.260810
0.785510 0.260632
0.783650 0.260443
0.781690 0.260245
0.779680 0.260037
0.777790 0.259818
0.776200 0.259590
0.774250 0.259352
0.772630 0.259105
0.770830 0.258848
0.769120 0.258582
0.767560 0.258307
0.765730 0.258023
0.763960 0.257730
0.762160 0.257430
0.751450 0.257121
0.741900 0.256804
0.732380 0.256480
0.723470 0.256148
0.715200 0.255810
0.706740 0.255464
0.698750 0.255112
0.691060 0.254754
0.683430 0.254389
0.675860 0.254018
0.668690 0.253641
0.661360 0.253259
0.654340 0.252870
0.647690 0.252476
0.641250 0.252077
0.634450 0.251672
0.627920 0.251261
0.621350 0.250845
0.615710 0.250423
0.609600 0.249996
0.603810 0.249563
0.597700 0.249125
0.591900 0.248680
0.586080 0.248230
0.580920 0.247773
0.575820 0.247311
0.570790 0.246842
0.565600 0.246367
0.560620 0.245886
0.555590 0.245398
0.550400 0.244903
0.545400 0.244402
0.540570 0.243894
0.536000 0.243379
0.531540 0.242857
0.527180 0.242329
0.523210 0.241794
0.518820 0.241252
0.514510 0.240703
0.510480 0.240148
0.506360 0.239587
0.502150 0.239019
0.498030 0.238445
0.494130 0.237865
0.486160 0.237279
0.482250 0.236688
0.471060 0.236092
0.467210 0.235491
0.463420 0.234885
0.459490 0.234276
0.455890 0.233662
0.452530 0.233045
0.448870 0.232424
0.445180 0.231801
0.441510 0.231176
0.437880 0.230548
0.434430 0.229919
0.430990 0.229289
0.427660 0.228658
0.424120 0.228026
0.420730 0.227395
0.417280 0.226764
0.413740 0.226133
0.410480 0.225504
0.407270 0.224876
0.404160 0.224249
0.400920 0.223625
0.397570 0.223002
0.394460 0.222382
0.391190 0.221765
0.388260 0.221150
0.385210 0.220538
0.382070 0.219929
0.379110 0.219323
0.376050 0.218720
0.372910 0.218121
0.369710 0.217525
0.366620 0.216932
0.363690 0.216342
0.360700 0.215756
0.357740 0.215173
0.354840 0.214593
0.351970 0.214016
0.349170 0.213442
0.346180 0.212870
0.343280 0.212302
0.340440 0.211736
0.337690 0.211172
0.334790 0.210611
0.332110 0.210053
0.329360 0.209496
0.326680 0.208941
0.323900 0.208389
0.318310 0.207838
0.312880 0.207288
0.310230 0.206741
0.307420 0.206195
0.304770 0.205651
0.302050 0.205108
0.299390 0.204566
0.296680 0.204026
0.294140 0.203487
0.291460 0.202950
0.288860 0.202414
0.286150 0.201880
0.283340 0.201347
0.280630 0.200816
0.277970 0.200287
0.275440 0.199759
0.272630 0.199234
0.270100 0.198711
0.267590 0.198189
0.265060 0.197670
0.262530 0.197154
0.259970 0.196640
0.257250 0.196130
0.254810 0.195622
0.252210 0.195117
0.249530 0.194616
0.246960 0.194118
0.244430 0.193624
0.241750 0.193134
0.239330 0.192648
0.236680 0.192167
0.234120 0.191689
0.231640 0.191217
0.229050 0.190749
0.226550 0.190286
0.224010 0.189828
0.221420 0.189375
0.218860 0.188928
0.216450 0.188486
0.213700 0.188049
0.211170 0.187618
0.208420 0.187193
0.205830 0.186773
0.203230 0.186359
0.200700 0.185951
0.198170 0.185549
0.195600 0.185152
0.193040 0.184762
0.190600 0.184377
0.188070 0.183999
0.185530 0.183626
0.183150 0.183259
0.180590 0.182898
0.178090 0.182543
0.175460 0.182193
0.172720 0.181850
0.170030 0.181512
0.167410 0.181179
0.164870 0.180852
0.162160 0.180531
0.159440 0.180215
0.156850 0.179904
0.154250 0.179599
0.151600 0.179299
0.148910 0.179004
0.146160 0.178714
0.143420 0.178429
0.140700 0.178149
0.138110 0.177873
0.135330 0.177602
0.132620 0.177336
0.129720 0.177074
0.127090 0.176816
0.124470 0.176563
0.121630 0.176313
0.116200 0.176067
0.113540 0.175826
0.110610 0.175587
0.107900 0.175353
0.105060 0.175121
0.102220 0.174893
0.099351 0.174668
0.096696 0.174445
0.093888 0.174226
0.091172 0.174009
0.088242 0.173794
0.085404 0.173581
0.082505 0.173370
0.079728 0.173161
0.076920 0.172954
0.073929 0.172748
0.070908 0.172543
0.068070 0.172340
0.065110 0.172137
0.062119 0.171935
0.056016 0.171734
0.053086 0.171533
0.049912 0.171332
0.046738 0.171131
0.043534 0.170930
0.040482 0.170729
0.037430 0.170528
0.031449 0.170326
0.028123 0.170124
0.024979 0.169922
0.021775 0.169718
0.018296 0.169515
0.014970 0.169310
0.011704 0.169105
0.008469 0.168899
0.005082 0.168692
-0.001876 0.168485
-0.005721 0.168276
-0.009231 0.168068
-0.012710 0.167859
-0.016372 0.167649
-0.020126 0.167439
-0.023757 0.167228
-0.027694 0.167018
-0.031509 0.166807
-0.035262 0.166597
-0.039138 0.166386
-0.043136 0.166176
-0.047042 0.165966
-0.050796 0.165757
-0.054885 0.165548
-0.058883 0.165340
-0.062881 0.165133
-0.067092 0.164927
-0.071243 0.164722
-0.075576 0.164518
-0.080093 0.164315
-0.084640 0.164114
-0.089187 0.163914
-0.093703 0.163715
-0.098342 0.163518
-0.103160 0.163322
-0.107800 0.163128
-0.112410 0.162935
-0.117360 0.162743
-0.122150 0.162553
-0.127000 0.162364
-0.131910 0.162177
-0.137130 0.161990
-0.147630 0.161804
-0.153210 0.161620
-0.158920 0.161436
-0.164440 0.161253
-0.169910 0.161070
-0.175800 0.160888
-0.181810 0.160706
-0.187820 0.160524
-0.194050 0.160342
-0.206890 0.160159
-0.214130 0.159976
-0.221270 0.159792
-0.228500 0.159608
-0.236160 0.159422
-0.243790 0.159235
-0.250960 0.159047
-0.259440 0.158857
-0.267780 0.158667
-0.276140 0.158474
-0.285480 0.158280
-0.294970 0.158084
-0.304460 0.157886
-0.314280 0.157685
-0.324840 0.157482
-0.335800 0.157276
-0.347460 0.157067
-0.359630 0.156855
-0.373060 0.156640
-0.386000 0.156421
-0.399980 0.156198
-0.415730 0.155971
-0.432450 0.155740
-0.448380 0.155531
-0.466110 0.155317
-0.484630 0.155099
-0.505970 0.154876
-0.528980 0.154648
-0.553420 0.154415
-0.611310 0.154178
-0.646840 0.153935
-0.684650 0.153689
-0.733200 0.153438
-0.788530 0.153185
-0.860520 0.152925
-0.944870 0.152657
-1.073800 0.152382
-1.285100 0.152099
-1.657100 0.151807
-2.913000 0.151504
-4.753600 0.151189
-11.697000 0.150860
