4.002200 0.281747
2.036600 0.281747
1.437900 0.281747
1.220800 0.281747
1.074500 0.281747
0.942680 0.281747
0.834260 0.281747
0.758230 0.281747
0.700950 0.281747
0.638010 0.281747
0.585960 0.281747
0.542320 0.281747
0.466590 0.281747
0.436070 0.281747
0.411400 0.281747
0.389070 0.281747
0.362220 0.281747
0.324090 0.281747
0.285760 0.281747
0.252760 0.281747
0.236960 0.281747
0.221750 0.281747
0.207340 0.281747
0.195780 0.281747
0.183400 0.281747
0.170420 0.281747
0.158760 0.281747
0.138050 0.281747
0.128210 0.281747
0.108890 0.281747
0.100560 0.281747
0.083821 0.281747
0.075413 0.281747
0.058552 0.281747
0.050679 0.281747
0.044102 0.281747
0.029973 0.281741
0.022755 0.281680
0.016484 0.281073
0.009755 0.275000
0.003071 0.268927
-0.003993 0.263636
-0.009471 0.259307
-0.016368 0.255920
-0.022609 0.253263
-0.029033 0.250910
-0.034328 0.248922
-0.039562 0.247296
-0.045589 0.245978
-0.057964 0.244908
-0.063701 0.244021
-0.068675 0.243247
-0.073299 0.241598
-0.078136 0.240174
-0.082317 0.238951
-0.087612 0.237899
-0.097545 0.236973
-0.101720 0.236143
-0.106300 0.235375
-0.111230 0.234637
-0.120200 0.233896
-0.125220 0.233129
-0.129020 0.232376
-0.133360 0.231619
-0.137490 0.230845
-0.141470 0.230040
-0.145790 0.229192
-0.149740 0.228292
-0.153700 0.227334
-0.157850 0.226316
-0.161070 0.225234
-0.164350 0.224086
-0.168420 0.222875
-0.171380 0.221600
-0.174980 0.220266
-0.178840 0.218876
-0.182670 0.217435
-0.186530 0.215949
-0.189850 0.214423
-0.193020 0.212865
-0.196420 0.211281
-0.199810 0.209677
-0.203300 0.208059
-0.206230 0.206435
-0.209300 0.204809
-0.212670 0.203187
-0.216040 0.201572
-0.221740 0.199969
-0.224930 0.198382
-0.227900 0.196812
-0.230780 0.195262
-0.233520 0.193735
-0.236110 0.192232
-0.238900 0.190756
-0.241500 0.189308
-0.244210 0.187889
-0.247130 0.186501
-0.252220 0.185145
-0.254530 0.183823
-0.257150 0.182535
-0.259500 0.181283
-0.262080 0.180068
-0.264290 0.178891
-0.266960 0.177751
-0.269630 0.176650
-0.272010 0.175587
-0.274590 0.174562
-0.277080 0.173573
-0.279420 0.172620
-0.281720 0.171701
-0.284390 0.170813
-0.286800 0.169956
-0.289060 0.169126
-0.291090 0.168321
-0.293450 0.167539
-0.295770 0.166776
-0.299970 0.166032
-0.304060 0.165302
-0.306210 0.164586
-0.308530 0.163880
-0.310680 0.163182
-0.312690 0.162492
-0.315040 0.161808
-0.317260 0.161129
-0.319380 0.160455
-0.321420 0.159785
-0.323530 0.159120
-0.325850 0.158460
-0.327710 0.157806
-0.329400 0.157160
-0.331360 0.156523
-0.335290 0.155895
-0.337170 0.155279
-0.338950 0.154676
-0.340710 0.154087
-0.342680 0.153512
-0.344540 0.152953
-0.346290 0.152410
-0.349850 0.151884
-0.351830 0.151373
-0.353920 0.150879
-0.356030 0.150399
-0.357770 0.149933
-0.359450 0.149479
-0.361390 0.149034
-0.363090 0.148598
-0.365020 0.148168
-0.368650 0.147740
-0.370200 0.147313
-0.372110 0.146883
-0.373610 0.146449
-0.375220 0.146008
-0.377340 0.145557
-0.379090 0.145095
-0.380980 0.144619
-0.382720 0.144129
-0.386390 0.143625
-0.388040 0.143104
-0.389800 0.142568
-0.391600 0.142017
-0.393150 0.141452
-0.394600 0.140874
-0.396050 0.140285
-0.397560 0.139687
-0.399140 0.139083
-0.400830 0.138474
-0.402420 0.137863
-0.403960 0.137254
-0.405210 0.136648
-0.406980 0.136050
-0.409710 0.135461
-0.411300 0.134885
-0.412550 0.134324
-0.415480 0.133781
-0.416940 0.133259
-0.419770 0.132758
-0.421240 0.132282
-0.429750 0.131832
-0.438550 0.131409
-0.446650 0.131014
-0.454680 0.130647
-0.462490 0.130309
-0.469920 0.129998
-0.477520 0.129715
-0.484770 0.129459
-0.499390 0.129229
-0.506190 0.129023
-0.513040 0.128840
-0.519680 0.128679
-0.526100 0.128538
-0.532120 0.128416
-0.538490 0.128311
-0.544640 0.128221
-0.550960 0.128146
-0.556800 0.128082
-0.562880 0.128028
-0.568810 0.127982
-0.574260 0.127943
-0.579780 0.127909
-0.585260 0.127878
-0.590850 0.127848
-0.596170 0.127817
-0.606530 0.127784
-0.611510 0.127747
-0.616510 0.127704
-0.621610 0.127654
-0.626420 0.127595
-0.631430 0.127525
-0.636320 0.127443
-0.641160 0.127348
-0.645610 0.127240
-0.650310 0.127117
-0.655040 0.126979
-0.659510 0.126825
-0.664390 0.126656
-0.668910 0.126471
-0.673310 0.126270
-0.677580 0.126053
-0.681820 0.125821
-0.686050 0.125574
-0.690120 0.125313
-0.694450 0.125040
-0.698540 0.124754
-0.702890 0.124457
-0.707060 0.124151
-0.711120 0.123836
-0.715150 0.123513
-0.719100 0.123185
-0.723120 0.122852
-0.726970 0.122515
-0.734840 0.122175
-0.738510 0.121834
-0.746210 0.121492
-0.750010 0.121151
-0.753570 0.120809
-0.757180 0.120469
-0.760720 0.120128
-0.764190 0.119789
-0.767730 0.119449
-0.771430 0.119109
-0.775020 0.118769
-0.778450 0.118426
-0.781930 0.118083
-0.785630 0.117737
-0.788950 0.117388
-0.792540 0.117035
-0.796050 0.116679
-0.799630 0.116319
-0.806600 0.115955
-0.809890 0.115586
-0.813300 0.115212
-0.816570 0.114833
-0.819960 0.114450
-0.823340 0.114063
-0.826700 0.113672
-0.830240 0.113278
-0.833720 0.112882
-0.836740 0.112485
-0.839980 0.112088
-0.843100 0.111692
-0.846230 0.111297
-0.849610 0.110906
-0.852780 0.110519
-0.855890 0.110137
-0.859130 0.109761
-0.862420 0.109392
-0.865400 0.109030
-0.871730 0.108677
-0.874840 0.108333
-0.877910 0.107999
-0.880990 0.107673
-0.887250 0.107358
-0.890280 0.107051
-0.896140 0.106754
-0.899120 0.106465
-0.902020 0.106185
-0.904870 0.105912
-0.907700 0.105647
-0.910720 0.105388
-0.913580 0.105135
-0.916350 0.104887
-0.919280 0.104645
-0.922210 0.104406
-0.925090 0.104170
-0.928080 0.103938
-0.930890 0.103709
-0.933780 0.103481
-0.936660 0.103255
-0.939510 0.103031
-0.942270 0.102809
-0.945080 0.102587
-0.947890 0.102367
-0.950820 0.102147
-0.953780 0.101929
-0.956720 0.101712
-0.965630 0.101497
-0.968390 0.101282
-0.971190 0.101069
-0.973950 0.100858
-0.976800 0.100648
-0.979750 0.100440
-0.982620 0.100234
-0.988180 0.100029
-0.991020 0.099826
-0.996610 0.099624
-0.999510 0.099423
-1.002300 0.099223
-1.005100 0.099023
-1.007900 0.098824
-1.010700 0.098624
-1.013600 0.098423
-1.016400 0.098221
-1.019200 0.098017
-1.021900 0.097811
-1.024700 0.097603
-1.027300 0.097391
-1.030100 0.097175
-1.032900 0.096955
-1.035800 0.096732
-1.038700 0.096503
-1.041400 0.096270
-1.044200 0.096032
-1.047000 0.095789
-1.049900 0.095542
-1.052800 0.095290
-1.055600 0.095035
-1.058400 0.094775
-1.061300 0.094513
-1.064100 0.094247
-1.067000 0.093979
-1.069700 0.093710
-1.072600 0.093438
-1.075500 0.093166
-1.078300 0.092893
-1.081100 0.092620
-1.083900 0.092347
-1.086700 0.092074
-1.089400 0.091803
-1.092400 0.091532
-1.095200 0.091263
-1.098100 0.090995
-1.100900 0.090728
-1.103800 0.090463
-1.106800 0.090200
-1.109600 0.089938
-1.112600 0.089677
-1.115500 0.089418
-1.118400 0.089161
-1.121400 0.088905
-1.124300 0.088651
-1.127200 0.088398
-1.130100 0.088146
-1.133100 0.087896
-1.135900 0.087647
-1.139000 0.087400
-1.141800 0.087154
-1.144800 0.086909
-1.147700 0.086666
-1.150700 0.086424
-1.153800 0.086184
-1.156900 0.085945
-1.159900 0.085707
-1.163100 0.085470
-1.166100 0.085235
-1.169100 0.085001
-1.172400 0.084769
-1.175900 0.084537
-1.178900 0.084307
-1.182300 0.084078
-1.185600 0.083851
-1.188900 0.083625
-1.192300 0.083399
-1.195700 0.083175
-1.198900 0.082953
-1.202300 0.082731
-1.205700 0.082511
-1.209100 0.082292
-1.212500 0.082073
-1.216000 0.081857
-1.219400 0.081641
-1.223000 0.081426
-1.226600 0.081213
-1.230000 0.081000
-1.237100 0.080789
-1.240800 0.080579
-1.244200 0.080370
-1.251800 0.080162
-1.255500 0.079955
-1.263200 0.079749
-1.266900 0.079544
-1.271000 0.079341
-1.274900 0.079138
-1.279000 0.078936
-1.283200 0.078736
-1.287200 0.078536
-1.291300 0.078338
-1.295600 0.078140
-1.304000 0.077943
-1.308600 0.077748
-1.313000 0.077553
-1.317800 0.077359
-1.322300 0.077167
-1.331800 0.076975
-1.336300 0.076784
-1.341100 0.076594
-1.346100 0.076405
-1.351000 0.076217
-1.356100 0.076030
-1.361300 0.075844
-1.366800 0.075659
-1.377300 0.075475
-1.382700 0.075291
-1.388400 0.075109
-1.393900 0.074927
-1.399600 0.074746
-1.405700 0.074566
-1.411600 0.074387
-1.418000 0.074209
-1.424400 0.074032
-1.431200 0.073855
-1.438000 0.073680
-1.444800 0.073505
-1.452100 0.073331
-1.459900 0.073158
-1.467500 0.072985
-1.475400 0.072814
-1.483300 0.072643
-1.491900 0.072473
-1.500400 0.072304
-1.509600 0.072136
-1.519100 0.071968
-1.529100 0.071801
-1.539100 0.071635
-1.550100 0.071470
-1.562200 0.071306
-1.574500 0.071142
-1.587300 0.070979
-1.601000 0.070816
-1.614200 0.070654
-1.629900 0.070493
-1.646900 0.070333
-1.663400 0.070173
-1.683100 0.070014
-1.703500 0.069855
-1.726700 0.069698
-1.749900 0.069540
-1.776500 0.069381
-1.806800 0.069223
-1.840500 0.069066
-1.878200 0.068910
-1.922300 0.068754
-1.976600 0.068599
-2.046300 0.068445
-2.133700 0.068291
-2.269500 0.068138
-2.498600 0.067986
-2.719900 0.067835
-2.932400 0.067686
