6.008600 0.101329
5.948600 0.101329
5.928500 0.101329
5.791300 0.101329
5.791300 0.101329
5.719500 0.101329
5.410300 0.101329
3.426500 0.101329
1.812400 0.101329
1.562000 0.101329
1.372800 0.101329
1.254800 0.101329
1.130300 0.101329
1.026400 0.101329
0.922890 0.101329
0.771510 0.101329
0.712810 0.101329
0.659420 0.101329
0.608220 0.101329
0.527030 0.101329
0.491780 0.101329
0.448890 0.101329
0.377550 0.101329
0.349560 0.101329
0.321070 0.101329
0.291620 0.101329
0.261540 0.101329
0.236900 0.101329
0.212590 0.101329
0.190670 0.101329
0.166710 0.101329
0.145550 0.101329
0.125000 0.101329
0.082475 0.101329
0.047395 0.101329
0.028985 0.101329
0.012582 0.101327
-0.015578 0.101316
-0.030021 0.101196
-0.042960 0.100000
-0.055144 0.098804
-0.066726 0.097830
-0.077895 0.096985
-0.092300 0.096227
-0.105760 0.095535
-0.127290 0.094893
-0.136630 0.094293
-0.146200 0.093728
-0.155100 0.093190
-0.163460 0.092674
-0.172960 0.092178
-0.181680 0.091701
-0.190160 0.091241
-0.199780 0.090797
-0.206310 0.090369
-0.215380 0.089956
-0.222520 0.089547
-0.236530 0.089143
-0.243420 0.088744
-0.251070 0.088352
-0.257420 0.087968
-0.263660 0.087591
-0.269360 0.087222
-0.275190 0.086861
-0.280360 0.086508
-0.286510 0.086163
-0.292110 0.085825
-0.298390 0.085494
-0.304220 0.085171
-0.310010 0.084854
-0.315860 0.084545
-0.321490 0.084241
-0.327800 0.083945
-0.332890 0.083655
-0.343540 0.083273
-0.348590 0.082907
-0.353480 0.082554
-0.357680 0.082212
-0.362300 0.081879
-0.366840 0.081555
-0.371550 0.081238
-0.376070 0.080928
-0.381060 0.080625
-0.385240 0.080329
-0.393150 0.080038
-0.397390 0.079752
-0.401600 0.079472
-0.405350 0.079197
-0.409940 0.078926
-0.414350 0.078661
-0.417720 0.078399
-0.421280 0.078142
-0.425240 0.077890
-0.428820 0.077641
-0.432980 0.077397
-0.436580 0.077157
-0.439860 0.076921
-0.442690 0.076688
-0.446020 0.076459
-0.449200 0.076234
-0.452660 0.076012
-0.458980 0.075793
-0.462070 0.075577
-0.465370 0.075365
-0.468310 0.075155
-0.471430 0.074949
-0.474470 0.074745
-0.477580 0.074545
-0.483230 0.074350
-0.486250 0.074158
-0.489350 0.073971
-0.491840 0.073786
-0.494610 0.073606
-0.497470 0.073428
-0.500070 0.073254
-0.502280 0.073083
-0.504710 0.072916
-0.509730 0.072751
-0.512180 0.072589
-0.514690 0.072429
-0.517100 0.072273
-0.519420 0.072119
-0.521450 0.071968
-0.523920 0.071820
-0.526010 0.071674
-0.528270 0.071531
-0.530820 0.071390
-0.533060 0.071251
-0.535450 0.071115
-0.537900 0.070981
-0.540020 0.070850
-0.542050 0.070720
-0.544310 0.070593
-0.546170 0.070468
-0.548330 0.070345
-0.552310 0.070225
-0.554310 0.070106
-0.558320 0.069989
-0.560370 0.069875
-0.562390 0.069762
-0.563980 0.069651
-0.565660 0.069542
-0.567520 0.069435
-0.569300 0.069330
-0.571330 0.069226
-0.573130 0.069125
-0.574970 0.069024
-0.576790 0.068926
-0.578750 0.068829
-0.580470 0.068734
-0.582180 0.068641
-0.583960 0.068549
-0.585840 0.068459
-0.589360 0.068370
-0.591260 0.068283
-0.592830 0.068198
-0.596150 0.068114
-0.597790 0.068031
-0.599560 0.067950
-0.601040 0.067871
-0.602670 0.067792
-0.604070 0.067716
-0.605640 0.067640
-0.607060 0.067567
-0.608570 0.067494
-0.609860 0.067423
-0.611500 0.067353
-0.612910 0.067285
-0.614260 0.067218
-0.615760 0.067152
-0.617380 0.067087
-0.618920 0.067024
-0.620130 0.066962
-0.621430 0.066901
-0.622760 0.066841
-0.624240 0.066783
-0.625650 0.066726
-0.626940 0.066670
-0.635560 0.066615
-0.643260 0.066561
-0.650530 0.066508
-0.657700 0.066457
-0.664340 0.066406
-0.671040 0.066357
-0.677370 0.066308
-0.683390 0.066260
-0.689360 0.066214
-0.694980 0.066168
-0.700580 0.066123
-0.705910 0.066079
-0.710840 0.066035
-0.716090 0.065993
-0.721140 0.065951
-0.726000 0.065910
-0.730690 0.065870
-0.735370 0.065830
-0.739960 0.065791
-0.744380 0.065752
-0.748870 0.065714
-0.757280 0.065677
-0.761310 0.065640
-0.765350 0.065603
-0.769190 0.065567
-0.773070 0.065531
-0.776760 0.065496
-0.780400 0.065460
-0.784090 0.065425
-0.787540 0.065390
-0.790820 0.065356
-0.794180 0.065321
-0.797290 0.065286
-0.800670 0.065252
-0.803840 0.065217
-0.806850 0.065183
-0.809970 0.065148
-0.813000 0.065113
-0.815980 0.065078
-0.821700 0.065043
-0.824450 0.065007
-0.827340 0.064971
-0.830210 0.064935
-0.833020 0.064899
-0.835660 0.064862
-0.838390 0.064825
-0.841020 0.064787
-0.843800 0.064749
-0.846380 0.064710
-0.849040 0.064670
-0.851610 0.064630
-0.854160 0.064590
-0.856680 0.064549
-0.859150 0.064507
-0.861440 0.064464
-0.863690 0.064421
-0.866050 0.064377
-0.870450 0.064332
-0.874970 0.064286
-0.877180 0.064240
-0.879380 0.064193
-0.881500 0.064145
-0.883860 0.064096
-0.886020 0.064046
-0.888280 0.063995
-0.890420 0.063943
-0.892560 0.063891
-0.894680 0.063838
-0.896690 0.063783
-0.898700 0.063728
-0.900730 0.063672
-0.902810 0.063615
-0.904890 0.063557
-0.906840 0.063498
-0.908850 0.063438
-0.910910 0.063377
-0.912850 0.063316
-0.914950 0.063253
-0.916890 0.063190
-0.918840 0.063125
-0.920660 0.063060
-0.922560 0.062994
-0.924400 0.062927
-0.926360 0.062859
-0.928310 0.062791
-0.930230 0.062721
-0.932170 0.062651
-0.934110 0.062580
-0.935920 0.062509
-0.937670 0.062436
-0.939520 0.062363
-0.941440 0.062289
-0.943120 0.062215
-0.944910 0.062139
-0.946690 0.062064
-0.948560 0.061987
-0.950510 0.061910
-0.952320 0.061832
-0.954040 0.061754
-0.955810 0.061676
-0.957490 0.061597
-0.960940 0.061517
-0.962710 0.061437
-0.964480 0.061356
-0.966170 0.061276
-0.967930 0.061194
-0.969590 0.061113
-0.971390 0.061031
-0.973010 0.060949
-0.974720 0.060866
-0.976440 0.060783
-0.978190 0.060701
-0.979800 0.060617
-0.981570 0.060534
-0.983210 0.060451
-0.984870 0.060367
-0.986490 0.060283
-0.988180 0.060200
-0.989890 0.060116
-0.991710 0.060032
-0.993380 0.059948
-0.995190 0.059864
-0.996770 0.059780
-0.998450 0.059696
-1.000100 0.059612
-1.001700 0.059528
-1.003400 0.059445
-1.005000 0.059361
-1.006600 0.059278
-1.008400 0.059194
-1.010100 0.059111
-1.011700 0.059028
-1.013400 0.058945
-1.015100 0.058862
-1.016800 0.058780
-1.018400 0.058697
-1.020100 0.058615
-1.021700 0.058533
-1.023300 0.058451
-1.026600 0.058370
-1.030000 0.058288
-1.031700 0.058207
-1.033400 0.058126
-1.035100 0.058046
-1.036700 0.057965
-1.038400 0.057885
-1.039900 0.057806
-1.041600 0.057726
-1.043300 0.057647
-1.044800 0.057568
-1.046500 0.057489
-1.048100 0.057411
-1.049700 0.057332
-1.053100 0.057254
-1.054800 0.057177
-1.056500 0.057099
-1.058100 0.057022
-1.059700 0.056945
-1.061400 0.056869
-1.063100 0.056792
-1.066400 0.056716
-1.068100 0.056641
-1.069800 0.056565
-1.071500 0.056490
-1.073100 0.056415
-1.074800 0.056340
-1.076500 0.056266
-1.078200 0.056191
-1.079800 0.056117
-1.081600 0.056044
-1.083400 0.055970
-1.084900 0.055897
-1.086600 0.055824
-1.088300 0.055751
-1.090100 0.055679
-1.091800 0.055606
-1.093600 0.055534
-1.095300 0.055463
-1.097000 0.055391
-1.098700 0.055320
-1.100500 0.055248
-1.102300 0.055178
-1.104000 0.055107
-1.105800 0.055036
-1.107500 0.054966
-1.109300 0.054896
-1.111100 0.054826
-1.112700 0.054757
-1.114400 0.054688
-1.116300 0.054619
-1.119900 0.054550
-1.121900 0.054481
-1.123700 0.054413
-1.125500 0.054345
-1.127300 0.054277
-1.129200 0.054209
-1.131100 0.054142
-1.133000 0.054075
-1.134900 0.054008
-1.136700 0.053941
-1.138600 0.053875
-1.140500 0.053808
-1.142500 0.053742
-1.144400 0.053677
-1.146400 0.053611
-1.148300 0.053546
-1.150300 0.053481
-1.152400 0.053417
-1.154400 0.053352
-1.156400 0.053288
-1.160500 0.053225
-1.162400 0.053161
-1.164400 0.053098
-1.166300 0.053035
-1.168600 0.052972
-1.170700 0.052910
-1.173100 0.052848
-1.175400 0.052787
-1.177700 0.052725
-1.179800 0.052664
-1.182200 0.052604
-1.184500 0.052544
-1.186800 0.052484
-1.189200 0.052424
-1.191600 0.052364
-1.194200 0.052305
-1.196600 0.052246
-1.199000 0.052188
-1.201500 0.052130
-1.204100 0.052072
-1.206800 0.052014
-1.209400 0.051957
-1.212100 0.051900
-1.214600 0.051844
-1.217200 0.051787
-1.220000 0.051732
-1.222900 0.051676
-1.225800 0.051621
-1.228700 0.051566
-1.231400 0.051512
-1.234300 0.051458
-1.237300 0.051405
-1.240400 0.051351
-1.243500 0.051299
-1.246700 0.051247
-1.249800 0.051195
-1.253100 0.051144
-1.256400 0.051093
-1.259800 0.051043
-1.263400 0.050993
-1.267300 0.050944
-1.271200 0.050896
-1.275100 0.050849
-1.278800 0.050795
-1.282500 0.050743
-1.286600 0.050691
-1.290800 0.050639
-1.295500 0.050588
-1.300100 0.050538
-1.304800 0.050488
-1.309500 0.050439
-1.314700 0.050390
-1.319700 0.050342
-1.325000 0.050294
-1.330600 0.050247
-1.336400 0.050201
-1.342700 0.050155
-1.349800 0.050109
-1.357300 0.050064
-1.364700 0.050020
-1.372800 0.049975
-1.381500 0.049931
-1.390300 0.049888
-1.400200 0.049846
-1.410900 0.049805
-1.422600 0.049765
-1.436100 0.049726
-1.451200 0.049688
-1.468200 0.049652
-1.486600 0.049617
-1.510700 0.049583
-1.538500 0.049552
-1.574400 0.049523
-1.619800 0.049498
-1.679700 0.049477
-1.771200 0.049463
-2.291200 0.049462
