92.716000 0.342477
4.875100 0.342477
2.860500 0.342477
1.947300 0.342477
1.506100 0.342477
1.247000 0.342477
1.066800 0.342477
0.895270 0.342477
0.748730 0.342477
0.631080 0.342477
0.526900 0.342477
0.437600 0.342477
0.348280 0.342477
0.266580 0.342477
0.198830 0.342477
0.128860 0.342477
0.061564 0.342477
0.005961 0.342477
-0.043904 0.342477
-0.090383 0.342477
-0.132280 0.342477
-0.241720 0.342477
-0.275080 0.342477
-0.311670 0.342477
-0.340410 0.342477
-0.373160 0.342477
-0.409750 0.342477
-0.438100 0.342477
-0.469720 0.342477
-0.495440 0.342477
-0.518120 0.342477
-0.541830 0.342477
-0.563440 0.342477
-0.583940 0.342477
-0.605370 0.342477
-0.624500 0.342477
-0.662740 0.342477
-0.677110 0.342477
-0.694140 0.342477
-0.709740 0.342477
-0.724690 0.342477
-0.740010 0.342477
-0.756400 0.342477
-0.770710 0.342477
-0.799490 0.342477
-0.826440 0.342477
-0.839350 0.342475
-0.852960 0.342452
-0.865530 0.342230
-0.877980 0.340000
-0.889180 0.337770
-0.900620 0.335865
-0.912920 0.334223
-0.924520 0.332788
-0.937150 0.331530
-0.947410 0.330408
-0.957330 0.329392
-0.968620 0.328474
-0.979270 0.327646
-0.989310 0.326904
-0.998340 0.326241
-1.006900 0.325609
-1.016300 0.325003
-1.035700 0.324431
-1.044600 0.323897
-1.054100 0.323403
-1.071800 0.322948
-1.080300 0.322532
-1.098200 0.322154
-1.107300 0.321811
-1.115300 0.321501
-1.131800 0.321223
-1.139800 0.320974
-1.147400 0.320752
-1.154600 0.320256
-1.161600 0.319810
-1.169300 0.319408
-1.176900 0.319045
-1.183800 0.318717
-1.198300 0.318421
-1.204600 0.318153
-1.212200 0.317912
-1.218200 0.317693
-1.224600 0.317496
-1.231900 0.317318
-1.237600 0.317158
-1.243900 0.317014
-1.250400 0.316887
-1.257100 0.316773
-1.269900 0.316672
-1.276100 0.316582
-1.282900 0.316502
-1.289100 0.316430
-1.294100 0.316364
-1.300100 0.316304
-1.305400 0.316248
-1.311800 0.316195
-1.318100 0.316151
-1.323700 0.316114
-1.329700 0.316083
-1.335300 0.316056
-1.340400 0.316033
-1.351400 0.316011
-1.362400 0.315990
-1.368000 0.315969
-1.373100 0.315946
-1.379200 0.315920
-1.384100 0.315891
-1.389700 0.315857
-1.395100 0.315818
-1.400100 0.315773
-1.405400 0.315720
-1.411100 0.315660
-1.416300 0.315591
-1.421200 0.315513
-1.426400 0.315425
-1.431000 0.315327
-1.441600 0.315218
-1.446500 0.315098
-1.451000 0.314965
-1.455400 0.314820
-1.459400 0.314661
-1.464600 0.314489
-1.468800 0.314304
-1.473800 0.314104
-1.478400 0.313889
-1.482400 0.313660
-1.486900 0.313416
-1.492400 0.313156
-1.496600 0.312882
-1.500000 0.312592
-1.504100 0.312287
-1.508800 0.311966
-1.513100 0.311630
-1.517200 0.311279
-1.521100 0.310912
-1.524800 0.310530
-1.529000 0.310133
-1.532500 0.309721
-1.536600 0.309295
-1.540400 0.308853
-1.544800 0.308398
-1.548900 0.307928
-1.552800 0.307444
-1.556700 0.306946
-1.560400 0.306435
-1.564000 0.305910
-1.567900 0.305372
-1.571600 0.304822
-1.579100 0.304259
-1.582600 0.303684
-1.585900 0.303097
-1.590100 0.302498
-1.593900 0.301888
-1.597800 0.301267
-1.601400 0.300635
-1.605700 0.299992
-1.609100 0.299339
-1.616300 0.298676
-1.619900 0.298003
-1.623500 0.297320
-1.627100 0.296628
-1.630600 0.295927
-1.634300 0.295217
-1.637600 0.294498
-1.640700 0.293771
-1.643700 0.293036
-1.647300 0.292292
-1.650300 0.291541
-1.654000 0.290782
-1.657100 0.290016
-1.660300 0.289242
-1.663200 0.288461
-1.666500 0.287673
-1.669700 0.286879
-1.672500 0.286078
-1.675600 0.285270
-1.678600 0.284457
-1.681400 0.283637
-1.683900 0.282811
-1.686600 0.281980
-1.689400 0.281143
-1.692300 0.280301
-1.695100 0.279453
-1.698100 0.278601
-1.715100 0.277743
-1.732800 0.276881
-1.748900 0.276015
-1.763700 0.275144
-1.778400 0.274269
-1.794000 0.273390
-1.808600 0.272508
-1.822000 0.271621
-1.835200 0.270732
-1.848000 0.269840
-1.860200 0.268944
-1.872800 0.268046
-1.884900 0.267146
-1.896000 0.266243
-1.907600 0.265338
-1.918700 0.264432
-1.929000 0.263524
-1.939300 0.262615
-1.949100 0.261704
-1.958900 0.260793
-1.968900 0.259881
-1.977900 0.258969
-1.987400 0.258057
-1.996600 0.257144
-2.005200 0.256232
-2.014300 0.255321
-2.023000 0.254410
-2.031500 0.253501
-2.040200 0.252593
-2.048400 0.251686
-2.056400 0.250781
-2.072200 0.249877
-2.079700 0.248976
-2.086800 0.248078
-2.094100 0.247182
-2.101300 0.246288
-2.108200 0.245398
-2.115200 0.244510
-2.122200 0.243626
-2.129100 0.242746
-2.135800 0.241869
-2.142200 0.240996
-2.148600 0.240127
-2.155000 0.239262
-2.161400 0.238401
-2.167700 0.237545
-2.173700 0.236693
-2.179400 0.235846
-2.185500 0.235004
-2.191800 0.234167
-2.197200 0.233335
-2.202900 0.232508
-2.208800 0.231687
-2.214400 0.230870
-2.220000 0.230059
-2.231100 0.229254
-2.236700 0.228454
-2.242300 0.227660
-2.247500 0.226872
-2.253000 0.226089
-2.258300 0.225312
-2.263500 0.224541
-2.274200 0.223776
-2.279500 0.223017
-2.284700 0.222264
-2.289600 0.221517
-2.294300 0.220775
-2.299200 0.220040
-2.308800 0.219311
-2.313300 0.218588
-2.317900 0.217871
-2.322500 0.217160
-2.327000 0.216455
-2.331600 0.215756
-2.336000 0.215063
-2.340500 0.214376
-2.344700 0.213695
-2.349300 0.213020
-2.353500 0.212350
-2.357700 0.211687
-2.362000 0.211029
-2.366300 0.210377
-2.370500 0.209730
-2.374800 0.209089
-2.378900 0.208454
-2.383100 0.207824
-2.387200 0.207200
-2.391500 0.206581
-2.395400 0.205967
-2.399400 0.205358
-2.403300 0.204754
-2.407200 0.204155
-2.411200 0.203561
-2.415200 0.202972
-2.419000 0.202388
-2.422700 0.201808
-2.426500 0.201233
-2.430300 0.200662
-2.434200 0.200095
-2.437800 0.199532
-2.441500 0.198974
-2.445200 0.198419
-2.449000 0.197869
-2.456300 0.197322
-2.460000 0.196778
-2.463600 0.196239
-2.467200 0.195702
-2.470900 0.195169
-2.474300 0.194639
-2.477900 0.194112
-2.481400 0.193588
-2.484600 0.193067
-2.488200 0.192549
-2.491700 0.192034
-2.495100 0.191521
-2.498700 0.191010
-2.502100 0.190502
-2.505600 0.189996
-2.509100 0.189493
-2.512500 0.188992
-2.523100 0.188492
-2.529900 0.187995
-2.533400 0.187500
-2.536600 0.187006
-2.539800 0.186515
-2.543300 0.186025
-2.546600 0.185537
-2.549900 0.185051
-2.553200 0.184566
-2.556400 0.184083
-2.559700 0.183601
-2.563100 0.183121
-2.566200 0.182642
-2.569500 0.182165
-2.572700 0.181690
-2.576000 0.181215
-2.579200 0.180743
-2.582500 0.180271
-2.585700 0.179801
-2.592300 0.179333
-2.595600 0.178865
-2.598900 0.178400
-2.602100 0.177935
-2.605300 0.177472
-2.608600 0.177011
-2.611900 0.176550
-2.615200 0.176092
-2.618500 0.175634
-2.621700 0.175178
-2.624800 0.174723
-2.627900 0.174270
-2.631100 0.173818
-2.634300 0.173368
-2.637500 0.172919
-2.640800 0.172472
-2.646800 0.172026
-2.650200 0.171581
-2.657000 0.171138
-2.660100 0.170697
-2.663300 0.170256
-2.666300 0.169818
-2.669600 0.169380
-2.672900 0.168945
-2.676200 0.168510
-2.679300 0.168078
-2.682600 0.167646
-2.686000 0.167216
-2.689200 0.166788
-2.692500 0.166361
-2.699100 0.165935
-2.702300 0.165511
-2.705600 0.165088
-2.708900 0.164667
-2.712300 0.164247
-2.715600 0.163828
-2.718800 0.163411
-2.722400 0.162995
-2.725500 0.162581
-2.729000 0.162167
-2.732400 0.161756
-2.735800 0.161345
-2.742600 0.160936
-2.746100 0.160528
-2.749800 0.160121
-2.753200 0.159716
-2.756500 0.159312
-2.760100 0.158909
-2.763900 0.158508
-2.767700 0.158108
-2.771200 0.157709
-2.774900 0.157311
-2.778700 0.156914
-2.789700 0.156519
-2.793600 0.156125
-2.797000 0.155732
-2.800800 0.155341
-2.804500 0.154950
-2.808000 0.154561
-2.815700 0.154173
-2.823400 0.153787
-2.827200 0.153401
-2.831200 0.153017
-2.835400 0.152634
-2.839600 0.152252
-2.843900 0.151872
-2.848100 0.151493
-2.852400 0.151115
-2.856600 0.150738
-2.860900 0.150363
-2.864900 0.149989
-2.869300 0.149616
-2.873700 0.149244
-2.878000 0.148874
-2.882400 0.148505
-2.886600 0.148138
-2.891400 0.147772
-2.896300 0.147407
-2.901100 0.147043
-2.911000 0.146681
-2.916300 0.146321
-2.921400 0.145961
-2.926400 0.145603
-2.931500 0.145247
-2.937000 0.144891
-2.942600 0.144537
-2.948500 0.144185
-2.954000 0.143834
-2.959300 0.143484
-2.965000 0.143135
-2.970500 0.142788
-2.976800 0.142443
-2.983000 0.142098
-2.989300 0.141756
-2.995700 0.141414
-3.002100 0.141074
-3.008700 0.140735
-3.014800 0.140397
-3.021500 0.140060
-3.028400 0.139725
-3.035600 0.139391
-3.043100 0.139058
-3.051100 0.138726
-3.059200 0.138396
-3.067500 0.138066
-3.075900 0.137738
-3.084100 0.137412
-3.093200 0.137086
-3.101800 0.136761
-3.111700 0.136438
-3.121900 0.136116
-3.131900 0.135795
-3.142800 0.135476
-3.154000 0.135157
-3.165700 0.134840
-3.177700 0.134524
-3.190600 0.134209
-3.203500 0.133887
-3.218800 0.133566
-3.234000 0.133247
-3.250000 0.132930
-3.267300 0.132614
-3.287000 0.132299
-3.306900 0.131986
-3.328500 0.131674
-3.352400 0.131364
-3.378300 0.131054
-3.406600 0.130746
-3.437400 0.130438
-3.467700 0.130132
-3.506600 0.129826
-3.549500 0.129522
-3.603100 0.129220
-3.730000 0.128920
-3.809300 0.128621
-3.904000 0.128325
-4.036000 0.128030
-4.207400 0.127737
-4.456000 0.127448
-4.692900 0.127162
-11.528000 0.126880
