3.713300 0.073690
3.695100 0.073690
3.447700 0.073690
3.447700 0.073690
3.447700 0.073690
2.989500 0.073690
2.408600 0.073690
1.914900 0.073690
1.637500 0.073690
1.172400 0.073690
0.994400 0.073690
0.828960 0.073690
0.694110 0.073690
0.591260 0.073690
0.492650 0.073690
0.410610 0.073690
0.348650 0.073690
0.293460 0.073690
0.255690 0.073690
0.212330 0.073690
0.166420 0.073690
0.124120 0.073690
0.093204 0.073690
0.057697 0.073690
0.027324 0.073690
-0.001233 0.073690
-0.023850 0.073690
-0.046510 0.073690
-0.067063 0.073690
-0.087586 0.073690
-0.105530 0.073690
-0.123620 0.073690
-0.138700 0.073690
-0.152210 0.073690
-0.166070 0.073690
-0.179130 0.073690
-0.193470 0.073690
-0.205500 0.073690
-0.227210 0.073690
-0.238650 0.073690
-0.248000 0.073690
-0.257270 0.073690
-0.275010 0.073690
-0.290470 0.073690
-0.298380 0.073690
-0.305400 0.073690
-0.312590 0.073690
-0.320020 0.073690
-0.327160 0.073690
-0.332930 0.073690
-0.339080 0.073690
-0.344840 0.073689
-0.356310 0.073681
-0.361380 0.073594
-0.365940 0.072727
-0.371580 0.071860
-0.377000 0.071116
-0.386470 0.070459
-0.392210 0.069866
-0.397390 0.069326
-0.401410 0.068829
-0.406190 0.068367
-0.410310 0.067936
-0.414740 0.067534
-0.422770 0.067154
-0.430730 0.066793
-0.434250 0.066450
-0.441970 0.066122
-0.445650 0.065810
-0.449170 0.065512
-0.452170 0.065228
-0.455970 0.064958
-0.459490 0.064700
-0.462160 0.064453
-0.464730 0.064208
-0.467750 0.063967
-0.470590 0.063732
-0.473300 0.063502
-0.476180 0.063279
-0.478700 0.063062
-0.481510 0.062853
-0.484200 0.062650
-0.487300 0.062454
-0.490140 0.062266
-0.492960 0.062084
-0.495400 0.061909
-0.497980 0.061740
-0.500610 0.061578
-0.505380 0.061422
-0.507670 0.061273
-0.510170 0.061129
-0.512650 0.060992
-0.515020 0.060860
-0.517190 0.060733
-0.519140 0.060520
-0.521240 0.060317
-0.523080 0.060125
-0.527380 0.059941
-0.529090 0.059766
-0.531070 0.059598
-0.533120 0.059437
-0.534840 0.059282
-0.536800 0.059134
-0.538750 0.058991
-0.540620 0.058853
-0.542450 0.058721
-0.543950 0.058594
-0.545710 0.058471
-0.547280 0.058353
-0.548950 0.058240
-0.550610 0.058130
-0.552200 0.058024
-0.554050 0.057922
-0.555740 0.057824
-0.557400 0.057729
-0.559050 0.057638
-0.560710 0.057551
-0.562430 0.057467
-0.564070 0.057386
-0.565560 0.057308
-0.567070 0.057233
-0.568440 0.057162
-0.570000 0.057093
-0.571500 0.057026
-0.573210 0.056962
-0.574850 0.056901
-0.577880 0.056841
-0.579390 0.056784
-0.580850 0.056729
-0.582210 0.056676
-0.583600 0.056624
-0.585060 0.056575
-0.586390 0.056528
-0.587560 0.056484
-0.588560 0.056442
-0.589900 0.056403
-0.591270 0.056366
-0.592740 0.056331
-0.593980 0.056299
-0.595140 0.056268
-0.596370 0.056239
-0.597660 0.056211
-0.599040 0.056186
-0.600270 0.056161
-0.601530 0.056138
-0.602700 0.056116
-0.603860 0.056095
-0.604830 0.056075
-0.605800 0.056056
-0.607090 0.056037
-0.608410 0.056020
-0.609710 0.056003
-0.612000 0.055986
-0.613190 0.055970
-0.614510 0.055954
-0.615530 0.055939
-0.616640 0.055923
-0.617670 0.055908
-0.618790 0.055893
-0.620010 0.055877
-0.621160 0.055862
-0.622540 0.055846
-0.623570 0.055830
-0.624710 0.055813
-0.625660 0.055796
-0.626790 0.055779
-0.627630 0.055760
-0.628780 0.055742
-0.629860 0.055722
-0.630720 0.055702
-0.631680 0.055681
-0.632720 0.055658
-0.633650 0.055635
-0.634670 0.055611
-0.635730 0.055585
-0.636730 0.055559
-0.637740 0.055531
-0.638680 0.055501
-0.639750 0.055471
-0.640760 0.055439
-0.641650 0.055405
-0.643270 0.055370
-0.644160 0.055333
-0.655310 0.055295
-0.660450 0.055255
-0.670300 0.055214
-0.675290 0.055171
-0.680040 0.055126
-0.684590 0.055079
-0.688820 0.055031
-0.693000 0.054981
-0.697300 0.054929
-0.701190 0.054875
-0.705060 0.054819
-0.708750 0.054762
-0.712350 0.054702
-0.715860 0.054641
-0.719110 0.054578
-0.722470 0.054513
-0.725840 0.054446
-0.729120 0.054377
-0.732320 0.054307
-0.735490 0.054234
-0.738740 0.054160
-0.741980 0.054083
-0.744910 0.054005
-0.747810 0.053925
-0.753430 0.053844
-0.756180 0.053760
-0.759010 0.053675
-0.761590 0.053587
-0.764280 0.053499
-0.767070 0.053408
-0.769610 0.053315
-0.772200 0.053221
-0.774720 0.053126
-0.777210 0.053028
-0.779730 0.052930
-0.782120 0.052829
-0.784610 0.052727
-0.786980 0.052624
-0.789280 0.052519
-0.791740 0.052412
-0.794100 0.052304
-0.796250 0.052195
-0.800850 0.052085
-0.803120 0.051973
-0.805160 0.051860
-0.807300 0.051746
-0.809510 0.051631
-0.811660 0.051514
-0.813720 0.051397
-0.815790 0.051278
-0.817930 0.051159
-0.820000 0.051038
-0.822060 0.050917
-0.823970 0.050795
-0.825940 0.050672
-0.827790 0.050548
-0.829710 0.050424
-0.831570 0.050298
-0.833530 0.050173
-0.835330 0.050046
-0.837110 0.049920
-0.838980 0.049792
-0.840760 0.049664
-0.842580 0.049536
-0.844430 0.049408
-0.846300 0.049279
-0.848100 0.049150
-0.849900 0.049020
-0.851630 0.048891
-0.853390 0.048761
-0.855090 0.048632
-0.856820 0.048502
-0.858650 0.048372
-0.860270 0.048242
-0.863590 0.048113
-0.865260 0.047983
-0.866860 0.047854
-0.868450 0.047725
-0.870140 0.047596
-0.873280 0.047467
-0.874970 0.047338
-0.876530 0.047210
-0.878110 0.047083
-0.879670 0.046955
-0.881280 0.046829
-0.884420 0.046702
-0.885980 0.046576
-0.887690 0.046451
-0.889250 0.046326
-0.890750 0.046202
-0.892210 0.046079
-0.893820 0.045956
-0.895290 0.045834
-0.898290 0.045712
-0.901330 0.045591
-0.902860 0.045471
-0.904400 0.045352
-0.907390 0.045234
-0.908870 0.045116
-0.910330 0.044999
-0.911800 0.044883
-0.913260 0.044768
-0.914720 0.044654
-0.916240 0.044541
-0.917790 0.044429
-0.919210 0.044318
-0.920700 0.044207
-0.922270 0.044098
-0.923730 0.043989
-0.926490 0.043882
-0.927940 0.043776
-0.929390 0.043670
-0.930880 0.043566
-0.932310 0.043463
-0.933740 0.043361
-0.935100 0.043259
-0.936610 0.043159
-0.938050 0.043060
-0.939440 0.042962
-0.940820 0.042865
-0.942270 0.042770
-0.943710 0.042675
-0.945110 0.042581
-0.946550 0.042489
-0.949300 0.042397
-0.950700 0.042307
-0.952120 0.042217
-0.953440 0.042129
-0.956230 0.042042
-0.957680 0.041956
-0.959180 0.041871
-0.960530 0.041787
-0.961870 0.041704
-0.963270 0.041622
-0.964630 0.041541
-0.966040 0.041461
-0.967460 0.041383
-0.968840 0.041305
-0.970220 0.041228
-0.971670 0.041153
-0.973080 0.041078
-0.974470 0.041004
-0.975960 0.040932
-0.977450 0.040860
-0.978830 0.040789
-0.980200 0.040719
-0.981600 0.040650
-0.983060 0.040582
-0.984400 0.040515
-0.985770 0.040449
-0.987210 0.040384
-0.988600 0.040320
-0.990060 0.040256
-0.991520 0.040193
-0.994330 0.040132
-0.995760 0.040071
-0.997190 0.040010
-0.998640 0.039951
-1.000100 0.039892
-1.001600 0.039834
-1.003000 0.039777
-1.004400 0.039721
-1.005700 0.039665
-1.007100 0.039610
-1.008600 0.039556
-1.009900 0.039502
-1.011300 0.039449
-1.012800 0.039397
-1.014200 0.039345
-1.015600 0.039294
-1.017100 0.039243
-1.018600 0.039193
-1.020100 0.039144
-1.021700 0.039095
-1.023100 0.039047
-1.024700 0.038999
-1.026200 0.038952
-1.029300 0.038905
-1.030800 0.038858
-1.032400 0.038812
-1.034100 0.038767
-1.035700 0.038722
-1.037100 0.038677
-1.038800 0.038632
-1.040300 0.038588
-1.042000 0.038545
-1.043600 0.038501
-1.045200 0.038458
-1.046800 0.038416
-1.048600 0.038373
-1.050200 0.038331
-1.051800 0.038289
-1.053500 0.038248
-1.055200 0.038206
-1.056900 0.038165
-1.058500 0.038124
-1.060200 0.038084
-1.061800 0.038043
-1.063500 0.038003
-1.065200 0.037962
-1.066900 0.037922
-1.068700 0.037882
-1.070500 0.037842
-1.072300 0.037802
-1.074200 0.037763
-1.076000 0.037723
-1.077800 0.037683
-1.079600 0.037644
-1.083200 0.037605
-1.085100 0.037565
-1.087000 0.037526
-1.089000 0.037487
-1.090900 0.037448
-1.092800 0.037408
-1.094600 0.037369
-1.096700 0.037330
-1.098800 0.037291
-1.100800 0.037252
-1.105100 0.037212
-1.107200 0.037173
-1.109300 0.037134
-1.111400 0.037095
-1.113600 0.037055
-1.115800 0.037016
-1.118100 0.036976
-1.120300 0.036936
-1.122700 0.036897
-1.125000 0.036857
-1.127500 0.036817
-1.129800 0.036777
-1.132300 0.036736
-1.134800 0.036696
-1.137300 0.036655
-1.139800 0.036615
-1.142400 0.036574
-1.145100 0.036532
-1.147800 0.036491
-1.150900 0.036449
-1.153700 0.036408
-1.156600 0.036365
-1.159500 0.036323
-1.162600 0.036280
-1.165500 0.036237
-1.168800 0.036197
-1.172100 0.036157
-1.175500 0.036116
-1.178900 0.036076
-1.182400 0.036035
-1.185900 0.035994
-1.189600 0.035953
-1.193300 0.035912
-1.197000 0.035870
-1.200900 0.035828
-1.205100 0.035786
-1.209800 0.035744
-1.214100 0.035701
-1.219000 0.035658
-1.223700 0.035615
-1.228800 0.035571
-1.234200 0.035527
-1.239600 0.035483
-1.245800 0.035439
-1.252100 0.035395
-1.258900 0.035350
-1.265600 0.035305
-1.273400 0.035260
-1.281700 0.035214
-1.289900 0.035167
-1.299300 0.035120
-1.310100 0.035072
-1.321200 0.035024
-1.334100 0.034975
-1.348800 0.034925
-1.365200 0.034875
-1.384500 0.034823
-1.438900 0.034770
-1.474800 0.034716
-1.524900 0.034660
-1.594800 0.034602
-1.713100 0.034542
-2.046700 0.034478
-6.077400 0.034409
