17.483000 0.625651
1.278300 0.625651
0.553960 0.625651
0.304950 0.625651
0.076600 0.625651
-0.108660 0.625649
-0.264730 0.625626
-0.398960 0.625395
-0.492320 0.623086
-0.579310 0.600000
-0.664320 0.576914
-0.745970 0.558161
-0.817510 0.544979
-0.884700 0.535931
-0.948410 0.528418
-1.002100 0.522672
-1.043700 0.518522
-1.092900 0.515647
-1.132600 0.513635
-1.173200 0.508237
-1.205300 0.504078
-1.243700 0.501026
-1.276500 0.498823
-1.309400 0.497199
-1.334000 0.495884
-1.364500 0.494637
-1.395600 0.493276
-1.418900 0.492012
-1.444500 0.490725
-1.469400 0.489299
-1.494000 0.487634
-1.517700 0.485659
-1.540000 0.483309
-1.564200 0.480536
-1.610000 0.477312
-1.632700 0.473627
-1.653000 0.469489
-1.673900 0.464928
-1.688600 0.459984
-1.708400 0.454712
-1.726700 0.449177
-1.742600 0.443448
-1.760600 0.437598
-1.778200 0.431696
-1.793000 0.425806
-1.805900 0.419991
-1.819800 0.414305
-1.848600 0.408799
-1.861100 0.403514
-1.872900 0.398486
-1.897300 0.393739
-1.908200 0.389289
-1.920500 0.385144
-1.931000 0.381306
-1.941800 0.377766
-1.962000 0.374509
-1.973200 0.371509
-1.981400 0.368732
-1.991900 0.366138
-2.002000 0.363684
-2.011100 0.361325
-2.029800 0.359015
-2.039200 0.356711
-2.049200 0.354374
-2.057500 0.351971
-2.065200 0.349475
-2.073800 0.346867
-2.082600 0.344139
-2.089400 0.341287
-2.096000 0.338311
-2.103600 0.335222
-2.111000 0.332031
-2.118400 0.328756
-2.124600 0.325417
-2.131700 0.322035
-2.138200 0.318632
-2.145900 0.315226
-2.152500 0.311840
-2.159100 0.308492
-2.166700 0.305196
-2.173000 0.301968
-2.178900 0.298816
-2.185200 0.295744
-2.191300 0.292753
-2.201300 0.289840
-2.206900 0.287001
-2.212700 0.284228
-2.218500 0.281511
-2.223200 0.278844
-2.227900 0.276217
-2.232900 0.273623
-2.237800 0.271056
-2.242700 0.268511
-2.247300 0.265986
-2.252100 0.263479
-2.256600 0.260986
-2.261400 0.258509
-2.267200 0.256044
-2.271800 0.253595
-2.276700 0.251161
-2.280500 0.248746
-2.285400 0.246352
-2.290800 0.243984
-2.295100 0.241645
-2.299500 0.239339
-2.304500 0.237073
-2.308400 0.234851
-2.312600 0.232677
-2.321000 0.230555
-2.325000 0.228488
-2.329000 0.226479
-2.333300 0.224530
-2.337400 0.222645
-2.341600 0.220826
-2.345800 0.219077
-2.349300 0.217400
-2.352800 0.215796
-2.355900 0.214268
-2.359700 0.212817
-2.367100 0.211442
-2.370400 0.210143
-2.374200 0.208917
-2.378000 0.207759
-2.381400 0.206666
-2.385400 0.205630
-2.388700 0.204647
-2.392100 0.203709
-2.394700 0.202812
-2.398100 0.201948
-2.401000 0.201114
-2.404300 0.200302
-2.407300 0.199509
-2.410600 0.198729
-2.413800 0.197956
-2.416500 0.197186
-2.419400 0.196416
-2.422500 0.195641
-2.426000 0.194859
-2.428600 0.194069
-2.431200 0.193272
-2.434300 0.192471
-2.437100 0.191668
-2.439600 0.190867
-2.442400 0.190070
-2.445000 0.189278
-2.447900 0.188495
-2.450800 0.187721
-2.453500 0.186957
-2.456200 0.186202
-2.461200 0.185457
-2.464400 0.184719
-2.467400 0.183989
-2.470200 0.183267
-2.472800 0.182552
-2.475600 0.181844
-2.478100 0.181142
-2.480800 0.180445
-2.483200 0.179751
-2.485900 0.179058
-2.488300 0.178366
-2.490600 0.177674
-2.492900 0.176980
-2.495100 0.176286
-2.497900 0.175593
-2.500500 0.174901
-2.505800 0.174213
-2.508200 0.173529
-2.510300 0.172850
-2.512400 0.172179
-2.515200 0.171514
-2.519500 0.170855
-2.521900 0.170202
-2.523900 0.169554
-2.526300 0.168909
-2.528200 0.168267
-2.530200 0.167629
-2.532600 0.166994
-2.534600 0.166363
-2.536900 0.165738
-2.538900 0.165120
-2.541000 0.164514
-2.543300 0.163920
-2.545300 0.163343
-2.547500 0.162783
-2.549500 0.162244
-2.551500 0.161725
-2.553500 0.161228
-2.555500 0.160754
-2.557500 0.160303
-2.559700 0.159875
-2.572500 0.159469
-2.584100 0.159086
-2.595500 0.158724
-2.607000 0.158381
-2.618000 0.158054
-2.627600 0.157741
-2.637500 0.157435
-2.647400 0.157132
-2.656200 0.156826
-2.665200 0.156512
-2.683400 0.156184
-2.700500 0.155838
-2.708200 0.155468
-2.716600 0.155074
-2.724700 0.154651
-2.732500 0.154200
-2.739700 0.153720
-2.747100 0.153210
-2.755000 0.152672
-2.762200 0.152107
-2.769600 0.151516
-2.776800 0.150904
-2.783500 0.150272
-2.790200 0.149625
-2.796400 0.148967
-2.802700 0.148301
-2.809100 0.147631
-2.815100 0.146961
-2.821400 0.146292
-2.827600 0.145627
-2.833500 0.144967
-2.839100 0.144312
-2.845200 0.143664
-2.850600 0.143021
-2.856200 0.142384
-2.862000 0.141752
-2.867400 0.141126
-2.872700 0.140506
-2.878000 0.139891
-2.883300 0.139281
-2.888200 0.138677
-2.893200 0.138078
-2.898000 0.137484
-2.902800 0.136895
-2.908000 0.136311
-2.912900 0.135732
-2.918000 0.135158
-2.923000 0.134589
-2.927700 0.134025
-2.932200 0.133465
-2.936900 0.132910
-2.941400 0.132360
-2.946000 0.131814
-2.950500 0.131273
-2.955400 0.130736
-2.959900 0.130203
-2.964400 0.129675
-2.968900 0.129151
-2.973500 0.128632
-2.977700 0.128116
-2.982100 0.127605
-2.986200 0.127098
-2.990300 0.126594
-2.994600 0.126095
-3.003000 0.125600
-3.007200 0.125108
-3.011400 0.124621
-3.015700 0.124137
-3.019800 0.123657
-3.023700 0.123181
-3.027800 0.122708
-3.031800 0.122239
-3.035800 0.121773
-3.039800 0.121312
-3.043800 0.120853
-3.047500 0.120398
-3.051500 0.119947
-3.055500 0.119498
-3.059200 0.119054
-3.062900 0.118612
-3.066500 0.118174
-3.070300 0.117739
-3.074100 0.117307
-3.078200 0.116878
-3.085600 0.116453
-3.089200 0.116030
-3.092600 0.115611
-3.100200 0.115194
-3.103900 0.114781
-3.107500 0.114370
-3.111200 0.113963
-3.118800 0.113558
-3.122300 0.113156
-3.126000 0.112757
-3.129800 0.112361
-3.133400 0.111967
-3.136900 0.111577
-3.140400 0.111188
-3.143900 0.110803
-3.147500 0.110420
-3.151100 0.110040
-3.154900 0.109663
-3.158400 0.109288
-3.161900 0.108916
-3.169200 0.108546
-3.172600 0.108179
-3.176000 0.107814
-3.179400 0.107452
-3.182900 0.107092
-3.186400 0.106734
-3.189800 0.106379
-3.193100 0.106027
-3.196600 0.105676
-3.199800 0.105328
-3.203400 0.104983
-3.206800 0.104639
-3.210200 0.104298
-3.213600 0.103959
-3.216800 0.103622
-3.220200 0.103288
-3.223500 0.102955
-3.227000 0.102625
-3.230300 0.102297
-3.233800 0.101971
-3.237000 0.101646
-3.240500 0.101324
-3.243900 0.101004
-3.247300 0.100686
-3.250900 0.100370
-3.254200 0.100056
-3.257700 0.099744
-3.261300 0.099434
-3.264800 0.099126
-3.268000 0.098820
-3.271500 0.098515
-3.275000 0.098213
-3.278800 0.097912
-3.282100 0.097613
-3.285500 0.097316
-3.289100 0.097021
-3.292500 0.096727
-3.295900 0.096436
-3.299400 0.096146
-3.302700 0.095858
-3.306100 0.095571
-3.309500 0.095287
-3.312800 0.095003
-3.316200 0.094722
-3.319400 0.094442
-3.323100 0.094164
-3.326400 0.093888
-3.329800 0.093613
-3.333200 0.093340
-3.336500 0.093068
-3.339800 0.092798
-3.343200 0.092530
-3.346500 0.092263
-3.356600 0.091999
-3.360000 0.091737
-3.363400 0.091479
-3.366800 0.091225
-3.370400 0.090978
-3.373800 0.090737
-3.377200 0.090503
-3.380800 0.090279
-3.384400 0.090064
-3.391200 0.089859
-3.394700 0.089665
-3.398500 0.089482
-3.402100 0.089312
-3.405700 0.089154
-3.409300 0.089010
-3.412800 0.088879
-3.416600 0.088763
-3.420200 0.088662
-3.423800 0.088575
-3.427600 0.088501
-3.431400 0.088440
-3.434800 0.088390
-3.438500 0.088349
-3.442300 0.088314
-3.446100 0.088286
-3.449900 0.088260
-3.453800 0.088237
-3.457400 0.088214
-3.461200 0.088190
-3.465200 0.088164
-3.468800 0.088133
-3.476400 0.088096
-3.480400 0.088051
-3.484400 0.087997
-3.488400 0.087932
-3.492400 0.087855
-3.496400 0.087765
-3.500500 0.087663
-3.504500 0.087548
-3.508700 0.087421
-3.512500 0.087283
-3.516500 0.087134
-3.520300 0.086976
-3.529200 0.086809
-3.533600 0.086634
-3.542100 0.086451
-3.546600 0.086261
-3.550900 0.086065
-3.555000 0.085864
-3.559600 0.085659
-3.568600 0.085451
-3.572900 0.085241
-3.577300 0.085029
-3.582000 0.084818
-3.586600 0.084607
-3.596000 0.084397
-3.601400 0.084188
-3.606200 0.083980
-3.611500 0.083773
-3.616500 0.083567
-3.621200 0.083362
-3.626500 0.083158
-3.637000 0.082955
-3.642200 0.082753
-3.647600 0.082552
-3.653000 0.082352
-3.658500 0.082153
-3.664000 0.081955
-3.669400 0.081758
-3.675600 0.081562
-3.681500 0.081366
-3.687800 0.081172
-3.693800 0.080979
-3.699700 0.080786
-3.706000 0.080595
-3.712600 0.080404
-3.719000 0.080214
-3.726200 0.080025
-3.733300 0.079837
-3.740100 0.079650
-3.747400 0.079464
-3.755500 0.079279
-3.763300 0.079094
-3.771500 0.078911
-3.779700 0.078728
-3.788200 0.078546
-3.796700 0.078365
-3.805500 0.078185
-3.814300 0.078005
-3.823200 0.077827
-3.833200 0.077649
-3.852800 0.077472
-3.862900 0.077296
-3.873500 0.077120
-3.884800 0.076946
-3.896500 0.076772
-3.908700 0.076599
-3.921500 0.076427
-3.934100 0.076255
-3.947700 0.076085
-3.961700 0.075915
-3.976100 0.075745
-3.992300 0.075577
-4.008300 0.075409
-4.025600 0.075242
-4.044100 0.075076
-4.064500 0.074911
-4.086600 0.074746
-4.109700 0.074582
-4.135200 0.074418
-4.165200 0.074255
-4.233800 0.074093
-4.275800 0.073931
-4.321800 0.073770
-4.376800 0.073608
-4.529000 0.073447
-4.627000 0.073287
-4.750700 0.073127
-4.919300 0.072968
-5.213100 0.072810
-5.799900 0.072652
-8.467100 0.072496
-17.799000 0.072340
