458.930000 0.485372
10.778000 0.485372
5.734000 0.485372
4.604500 0.485372
2.911000 0.485372
1.699800 0.485372
1.401900 0.485372
1.174600 0.485372
1.067300 0.485372
1.025500 0.485372
0.979500 0.485372
0.931280 0.485372
0.842510 0.485372
0.697920 0.485372
0.583660 0.485372
0.335150 0.485372
0.269720 0.485372
0.203470 0.485372
0.146920 0.485372
0.099680 0.485372
0.060312 0.485372
0.019998 0.485372
-0.023215 0.485372
-0.053305 0.485372
-0.085043 0.485372
-0.115200 0.485372
-0.139360 0.485372
-0.163960 0.485372
-0.182820 0.485372
-0.203020 0.485372
-0.219900 0.485372
-0.237200 0.485372
-0.254600 0.485372
-0.270680 0.485372
-0.284290 0.485372
-0.297290 0.485372
-0.309560 0.485372
-0.321070 0.485372
-0.331590 0.485372
-0.342490 0.485372
-0.352010 0.485372
-0.361750 0.485372
-0.370900 0.485372
-0.379320 0.485372
-0.388240 0.485372
-0.406460 0.485372
-0.416010 0.485372
-0.424800 0.485372
-0.433100 0.485372
-0.441030 0.485372
-0.449120 0.485372
-0.455130 0.485372
-0.462520 0.485372
-0.470050 0.485372
-0.477250 0.485372
-0.484490 0.485372
-0.491050 0.485372
-0.498040 0.485372
-0.504020 0.485372
-0.509120 0.485372
-0.514030 0.485372
-0.525380 0.485372
-0.531090 0.485372
-0.536250 0.485372
-0.546620 0.485372
-0.556540 0.485372
-0.561700 0.485372
-0.570980 0.485372
-0.575400 0.485372
-0.580190 0.485372
-0.584620 0.485372
-0.589710 0.485372
-0.593830 0.485372
-0.597770 0.485372
-0.601680 0.485372
-0.605920 0.485372
-0.609300 0.485372
-0.612910 0.485372
-0.620410 0.485372
-0.624010 0.485372
-0.628320 0.485372
-0.632280 0.485372
-0.635610 0.485372
-0.638940 0.485372
-0.642480 0.485372
-0.645930 0.485372
-0.649190 0.485372
-0.652400 0.485372
-0.655720 0.485372
-0.658560 0.485372
-0.661610 0.485372
-0.664970 0.485372
-0.667960 0.485372
-0.671100 0.485372
-0.674060 0.485372
-0.676380 0.485372
-0.679460 0.485372
-0.682090 0.485372
-0.684840 0.485372
-0.687640 0.485372
-0.690300 0.485372
-0.693020 0.485372
-0.695550 0.485372
-0.700460 0.485372
-0.703240 0.485372
-0.708980 0.485372
-0.711690 0.485372
-0.714130 0.485372
-0.717030 0.485372
-0.719470 0.485372
-0.721880 0.485372
-0.724510 0.485372
-0.727070 0.485372
-0.729420 0.485372
-0.731620 0.485372
-0.733790 0.485372
-0.736140 0.485372
-0.740810 0.485372
-0.743120 0.485372
-0.745410 0.485372
-0.747670 0.485372
-0.749840 0.485372
-0.752070 0.485372
-0.754050 0.485372
-0.755820 0.485372
-0.757830 0.485372
-0.759970 0.485371
-0.761860 0.485364
-0.763850 0.485296
-0.765830 0.484620
-0.767940 0.483944
-0.770010 0.483309
-0.772150 0.482650
-0.774310 0.481984
-0.778430 0.481326
-0.780390 0.480692
-0.782280 0.480097
-0.784260 0.479529
-0.786120 0.478986
-0.787920 0.478471
-0.789730 0.477988
-0.791280 0.477538
-0.793110 0.477125
-0.794730 0.476750
-0.796290 0.476413
-0.798180 0.476111
-0.799640 0.475844
-0.801380 0.475467
-0.802970 0.475112
-0.804650 0.474774
-0.806570 0.474454
-0.808220 0.474152
-0.809990 0.473870
-0.811820 0.473606
-0.813500 0.473360
-0.815150 0.473130
-0.816820 0.472915
-0.818440 0.472713
-0.820090 0.472522
-0.821560 0.472341
-0.825000 0.472165
-0.826560 0.471992
-0.828210 0.471823
-0.829980 0.471656
-0.831660 0.471488
-0.833120 0.471317
-0.834590 0.471141
-0.836200 0.470959
-0.837700 0.470767
-0.838980 0.470565
-0.840510 0.470348
-0.842250 0.470117
-0.843830 0.469868
-0.845050 0.469600
-0.846430 0.469310
-0.847740 0.468999
-0.849080 0.468664
-0.850550 0.468303
-0.852040 0.467918
-0.853420 0.467505
-0.854940 0.467065
-0.858020 0.466598
-0.866350 0.466103
-0.874500 0.465581
-0.882220 0.465031
-0.890370 0.464454
-0.897910 0.463852
-0.905050 0.463223
-0.912130 0.462571
-0.919460 0.461895
-0.926200 0.461197
-0.932850 0.460479
-0.939200 0.459742
-0.945430 0.458988
-0.951620 0.458218
-0.957540 0.457435
-0.963670 0.456640
-0.969380 0.455835
-0.975060 0.455021
-0.980640 0.454201
-0.986110 0.453377
-0.991570 0.452549
-0.996760 0.451720
-1.001900 0.450892
-1.007000 0.450064
-1.012100 0.449240
-1.016800 0.448420
-1.022000 0.447604
-1.027200 0.446795
-1.036400 0.445992
-1.041400 0.445197
-1.046000 0.444409
-1.050600 0.443629
-1.059300 0.442857
-1.063900 0.442093
-1.068200 0.441337
-1.072700 0.440588
-1.076900 0.439846
-1.081000 0.439111
-1.085300 0.438382
-1.093900 0.437657
-1.097800 0.436937
-1.101900 0.436220
-1.105700 0.435505
-1.109800 0.434792
-1.113700 0.434079
-1.117400 0.433365
-1.121400 0.432649
-1.125100 0.431931
-1.128700 0.431208
-1.132400 0.430480
-1.136100 0.429747
-1.139700 0.429007
-1.143600 0.428259
-1.147200 0.427503
-1.150800 0.426738
-1.154400 0.425963
-1.157900 0.425179
-1.161400 0.424384
-1.164700 0.423578
-1.168100 0.422761
-1.171300 0.421933
-1.174800 0.421095
-1.181300 0.420245
-1.184500 0.419385
-1.187800 0.418515
-1.191100 0.417634
-1.194600 0.416744
-1.197900 0.415845
-1.201100 0.414938
-1.204300 0.414023
-1.207500 0.413102
-1.210700 0.412174
-1.214000 0.411241
-1.217200 0.410304
-1.220300 0.409363
-1.223300 0.408420
-1.226500 0.407475
-1.229500 0.406530
-1.232800 0.405584
-1.236000 0.404640
-1.239100 0.403697
-1.242300 0.402758
-1.245400 0.401821
-1.248400 0.400889
-1.251500 0.399962
-1.254300 0.399040
-1.257300 0.398124
-1.260400 0.397215
-1.266400 0.396312
-1.269400 0.395417
-1.272100 0.394529
-1.275300 0.393649
-1.278200 0.392777
-1.281200 0.391912
-1.284300 0.391055
-1.287200 0.390206
-1.290100 0.389365
-1.292900 0.388531
-1.296100 0.387704
-1.299000 0.386883
-1.301900 0.386070
-1.304800 0.385262
-1.307800 0.384461
-1.310600 0.383664
-1.313600 0.382873
-1.316300 0.382087
-1.319100 0.381304
-1.321900 0.380525
-1.324900 0.379750
-1.327800 0.378978
-1.330700 0.378208
-1.333500 0.377441
-1.336400 0.376676
-1.339300 0.375913
-1.342100 0.375151
-1.344900 0.374392
-1.348000 0.373634
-1.350700 0.372877
-1.353300 0.372122
-1.356300 0.371368
-1.359000 0.370616
-1.361900 0.369866
-1.364800 0.369117
-1.367700 0.368371
-1.370700 0.367627
-1.373500 0.366885
-1.376400 0.366147
-1.379200 0.365411
-1.382200 0.364679
-1.384900 0.363950
-1.387700 0.363226
-1.390500 0.362506
-1.393500 0.361790
-1.396300 0.361079
-1.402100 0.360373
-1.404800 0.359672
-1.407600 0.358977
-1.410500 0.358287
-1.413300 0.357603
-1.416200 0.356924
-1.419000 0.356251
-1.421800 0.355584
-1.424600 0.354923
-1.427400 0.354267
-1.430300 0.353616
-1.433200 0.352971
-1.436100 0.352331
-1.439000 0.351696
-1.441900 0.351066
-1.444700 0.350440
-1.447600 0.349817
-1.450600 0.349199
-1.453500 0.348584
-1.456500 0.347971
-1.459500 0.347362
-1.462600 0.346754
-1.465500 0.346149
-1.468300 0.345545
-1.471300 0.344942
-1.474300 0.344339
-1.477300 0.343737
-1.480300 0.343135
-1.483200 0.342533
-1.486100 0.341931
-1.489100 0.341327
-1.492300 0.340722
-1.495500 0.340116
-1.498600 0.339508
-1.501700 0.338898
-1.504800 0.338287
-1.508000 0.337673
-1.511200 0.337057
-1.514200 0.336438
-1.517500 0.335817
-1.520800 0.335194
-1.524400 0.334568
-1.527700 0.333939
-1.530900 0.333308
-1.534100 0.332674
-1.537300 0.332038
-1.540600 0.331400
-1.543700 0.330759
-1.547100 0.330115
-1.550400 0.329470
-1.557100 0.328823
-1.560200 0.328173
-1.563400 0.327522
-1.566600 0.326869
-1.570100 0.326214
-1.573500 0.325558
-1.576800 0.324900
-1.580300 0.324241
-1.597600 0.323581
-1.601200 0.322921
-1.604700 0.322259
-1.608300 0.321596
-1.611800 0.320933
-1.615600 0.320270
-1.619300 0.319606
-1.622900 0.318942
-1.626800 0.318279
-1.630800 0.317615
-1.634400 0.316952
-1.638500 0.316290
-1.642100 0.315628
-1.646100 0.314967
-1.650400 0.314307
-1.654500 0.313649
-1.658300 0.312992
-1.662400 0.312337
-1.666500 0.311683
-1.670400 0.311032
-1.674500 0.310383
-1.678300 0.309737
-1.682400 0.309093
-1.686800 0.308452
-1.690900 0.307814
-1.695200 0.307180
-1.699600 0.306549
-1.704100 0.305922
-1.708600 0.305299
-1.713000 0.304681
-1.717400 0.304066
-1.722000 0.303457
-1.726600 0.302852
-1.731500 0.302252
-1.736400 0.301658
-1.741400 0.301069
-1.746700 0.300486
-1.751400 0.299908
-1.756500 0.299337
-1.761800 0.298771
-1.772800 0.298212
-1.777700 0.297659
-1.783200 0.297112
-1.788900 0.296572
-1.794300 0.296037
-1.800600 0.295510
-1.806300 0.294989
-1.812300 0.294474
-1.818500 0.293965
-1.824500 0.293463
-1.830400 0.292967
-1.837000 0.292477
-1.843700 0.291993
-1.857000 0.291515
-1.864200 0.291043
-1.871700 0.290576
-1.879100 0.290115
-1.887100 0.289659
-1.894900 0.289208
-1.903400 0.288761
-1.911600 0.288319
-1.920200 0.287880
-1.929000 0.287444
-1.938000 0.287013
-1.947700 0.286585
-1.967500 0.286161
-1.977000 0.285740
-1.987500 0.285321
-1.999000 0.284905
-2.011500 0.284491
-2.024000 0.284078
-2.036200 0.283666
-2.049000 0.283253
-2.063800 0.282840
-2.078800 0.282424
-2.094300 0.282005
-2.110000 0.281581
-2.128600 0.281174
-2.146800 0.280770
-2.166000 0.280367
-2.187100 0.279963
-2.210100 0.279560
-2.236800 0.279154
-2.266000 0.278746
-2.298800 0.278334
-2.334100 0.277918
-2.375400 0.277499
-2.421900 0.277077
-2.479200 0.276644
-2.553200 0.276196
-2.644800 0.275728
-2.772600 0.275227
-2.974000 0.274679
-3.399600 0.274090
