2.829400 0.089380
1.432600 0.089380
1.069400 0.089380
0.939770 0.089380
0.836730 0.089380
0.764160 0.089380
0.717300 0.089380
0.681500 0.089380
0.650160 0.089380
0.624980 0.089380
0.605570 0.089380
0.586540 0.089380
0.568280 0.089380
0.553810 0.089380
0.539130 0.089380
0.527000 0.089380
0.514980 0.089380
0.504130 0.089380
0.494490 0.089380
0.484710 0.089380
0.476570 0.089380
0.469220 0.089380
0.460400 0.089380
0.454280 0.089380
0.446760 0.089380
0.439630 0.089380
0.432870 0.089380
0.426750 0.089380
0.420830 0.089380
0.414680 0.089380
0.409880 0.089380
0.404520 0.089380
0.395180 0.089380
0.390040 0.089380
0.386030 0.089380
0.381420 0.089380
0.377530 0.089380
0.373790 0.089380
0.369640 0.089380
0.365930 0.089380
0.362440 0.089380
0.359540 0.089380
0.356150 0.089380
0.352660 0.089380
0.348340 0.089380
0.345520 0.089380
0.341810 0.089380
0.338630 0.089380
0.335240 0.089380
0.332470 0.089380
0.329630 0.089380
0.326670 0.089380
0.324020 0.089380
0.320930 0.089380
0.318350 0.089380
0.315910 0.089380
0.313330 0.089380
0.310940 0.089380
0.308470 0.089380
0.306340 0.089380
0.304040 0.089380
0.301710 0.089380
0.299050 0.089380
0.296720 0.089380
0.294470 0.089380
0.292550 0.089380
0.290420 0.089380
0.288440 0.089380
0.286130 0.089380
0.283900 0.089380
0.281700 0.089380
0.279640 0.089380
0.277770 0.089380
0.275570 0.089380
0.273520 0.089380
0.270080 0.089380
0.268310 0.089380
0.266620 0.089380
0.264810 0.089380
0.263130 0.089380
0.261210 0.089380
0.259420 0.089380
0.257940 0.089380
0.256450 0.089380
0.254970 0.089380
0.253200 0.089380
0.251720 0.089379
0.250220 0.089375
0.248910 0.089331
0.247200 0.088889
0.245390 0.088447
0.243800 0.088026
0.242430 0.087621
0.239590 0.087233
0.238180 0.086860
0.236860 0.086499
0.235610 0.086151
0.232890 0.085815
0.231800 0.085490
0.230520 0.085174
0.229260 0.084866
0.227900 0.084566
0.226370 0.084274
0.225210 0.083990
0.223830 0.083714
0.222390 0.083447
0.221290 0.083187
0.220080 0.082930
0.218850 0.082677
0.217600 0.082427
0.216290 0.082180
0.215190 0.081938
0.212640 0.081701
0.211650 0.081468
0.210460 0.081240
0.209190 0.081017
0.208210 0.080799
0.207070 0.080586
0.206000 0.080378
0.204870 0.080176
0.203810 0.079979
0.201700 0.079787
0.200570 0.079601
0.199590 0.079420
0.198440 0.079244
0.197370 0.079074
0.196450 0.078908
0.195370 0.078694
0.194290 0.078484
0.193230 0.078279
0.192320 0.078080
0.191520 0.077885
0.190460 0.077694
0.189540 0.077508
0.188490 0.077327
0.187480 0.077150
0.186410 0.076976
0.185450 0.076808
0.184550 0.076643
0.183510 0.076482
0.181730 0.076325
0.180870 0.076172
0.179970 0.076022
0.178150 0.075876
0.177300 0.075734
0.176300 0.075596
0.175180 0.075461
0.174370 0.075330
0.173600 0.075202
0.172560 0.075078
0.171620 0.074957
0.170830 0.074839
0.169930 0.074725
0.168990 0.074614
0.167370 0.074506
0.166650 0.074402
0.165830 0.074300
0.165000 0.074202
0.164190 0.074106
0.163400 0.074013
0.162640 0.073923
0.161690 0.073836
0.160820 0.073752
0.160030 0.073671
0.159170 0.073594
0.158370 0.073519
0.157620 0.073448
0.156900 0.073380
0.156140 0.073314
0.155480 0.073252
0.154720 0.073192
0.153910 0.073135
0.152450 0.073080
0.151620 0.073028
0.150800 0.072979
0.150100 0.072932
0.149330 0.072887
0.148620 0.072845
0.147930 0.072804
0.147320 0.072766
0.145880 0.072730
0.145090 0.072696
0.144370 0.072663
0.143660 0.072633
0.142900 0.072604
0.142220 0.072577
0.141600 0.072551
0.140920 0.072526
0.140230 0.072504
0.135940 0.072482
0.131860 0.072461
0.127800 0.072442
0.119990 0.072424
0.116330 0.072407
0.112860 0.072390
0.109320 0.072375
0.105720 0.072360
0.102300 0.072346
0.092097 0.072332
0.089045 0.072319
0.085970 0.072306
0.083185 0.072294
0.080256 0.072281
0.074351 0.072269
0.071573 0.072257
0.068857 0.072245
0.066073 0.072233
0.063212 0.072220
0.060580 0.072207
0.057841 0.072194
0.052592 0.072181
0.049906 0.072167
0.047281 0.072152
0.044627 0.072137
0.042231 0.072121
0.039820 0.072105
0.037363 0.072087
0.034899 0.072069
0.032381 0.072049
0.030039 0.072029
0.027689 0.072007
0.025355 0.071985
0.023104 0.071961
0.018755 0.071936
0.016642 0.071909
0.014460 0.071882
0.012339 0.071853
0.010287 0.071822
0.008127 0.071790
0.006037 0.071756
0.004008 0.071721
0.001963 0.071684
-0.000204 0.071646
-0.002279 0.071606
-0.004370 0.071564
-0.006445 0.071520
-0.008428 0.071475
-0.010412 0.071428
-0.012472 0.071379
-0.014456 0.071328
-0.016355 0.071275
-0.018316 0.071221
-0.020254 0.071164
-0.022253 0.071106
-0.024236 0.071046
-0.026029 0.070983
-0.027975 0.070919
-0.029821 0.070853
-0.031729 0.070785
-0.033605 0.070715
-0.037428 0.070643
-0.039251 0.070570
-0.040998 0.070494
-0.042753 0.070416
-0.048155 0.070336
-0.049993 0.070255
-0.051809 0.070171
-0.053633 0.070086
-0.055441 0.069999
-0.057180 0.069910
-0.058950 0.069819
-0.060751 0.069726
-0.064329 0.069631
-0.066107 0.069535
-0.067800 0.069436
-0.069601 0.069336
-0.073065 0.069235
-0.074728 0.069131
-0.076467 0.069026
-0.078146 0.068919
-0.079824 0.068811
-0.081564 0.068701
-0.083334 0.068589
-0.085028 0.068476
-0.088430 0.068361
-0.090132 0.068245
-0.091863 0.068127
-0.093572 0.068008
-0.095205 0.067888
-0.096883 0.067766
-0.098547 0.067643
-0.100200 0.067518
-0.101930 0.067392
-0.103640 0.067265
-0.105260 0.067137
-0.107020 0.067007
-0.108790 0.066877
-0.110450 0.066745
-0.112110 0.066612
-0.113810 0.066479
-0.115470 0.066344
-0.118860 0.066208
-0.120550 0.066071
-0.122180 0.065934
-0.123840 0.065795
-0.125580 0.065656
-0.127220 0.065516
-0.130420 0.065375
-0.132100 0.065233
-0.133670 0.065091
-0.135440 0.064948
-0.137070 0.064804
-0.138850 0.064660
-0.140460 0.064515
-0.142080 0.064369
-0.143770 0.064223
-0.147300 0.064077
-0.149110 0.063930
-0.150790 0.063783
-0.152520 0.063635
-0.154180 0.063486
-0.155900 0.063338
-0.157520 0.063189
-0.159120 0.063040
-0.160770 0.062890
-0.162480 0.062740
-0.164190 0.062590
-0.165880 0.062440
-0.167620 0.062290
-0.169260 0.062139
-0.171100 0.061988
-0.172900 0.061837
-0.174660 0.061686
-0.176430 0.061535
-0.178240 0.061384
-0.181840 0.061233
-0.183680 0.061082
-0.185430 0.060931
-0.187180 0.060779
-0.189020 0.060628
-0.190790 0.060477
-0.192510 0.060326
-0.194280 0.060175
-0.196160 0.060024
-0.199820 0.059873
-0.201570 0.059722
-0.203470 0.059572
-0.205530 0.059421
-0.207460 0.059271
-0.209330 0.059121
-0.211140 0.058971
-0.213110 0.058821
-0.215070 0.058671
-0.216970 0.058522
-0.218770 0.058373
-0.220630 0.058224
-0.222630 0.058075
-0.224660 0.057927
-0.226570 0.057779
-0.228490 0.057631
-0.230480 0.057483
-0.232440 0.057336
-0.234360 0.057189
-0.236240 0.057042
-0.238210 0.056896
-0.242560 0.056749
-0.244560 0.056604
-0.246600 0.056458
-0.248830 0.056313
-0.250920 0.056168
-0.253090 0.056024
-0.255070 0.055880
-0.257240 0.055736
-0.261620 0.055592
-0.263690 0.055449
-0.265980 0.055307
-0.268210 0.055164
-0.270350 0.055022
-0.272550 0.054881
-0.274850 0.054739
-0.277150 0.054599
-0.279610 0.054458
-0.281820 0.054318
-0.284260 0.054178
-0.286600 0.054039
-0.289130 0.053900
-0.291590 0.053762
-0.293930 0.053623
-0.296240 0.053486
-0.298800 0.053348
-0.301120 0.053211
-0.303690 0.053075
-0.306160 0.052939
-0.308570 0.052803
-0.311190 0.052668
-0.313970 0.052533
-0.316670 0.052398
-0.319300 0.052264
-0.321870 0.052130
-0.324710 0.051997
-0.327490 0.051864
-0.333040 0.051732
-0.335770 0.051600
-0.338800 0.051468
-0.341700 0.051337
-0.344810 0.051206
-0.347800 0.051075
-0.350800 0.050945
-0.353960 0.050815
-0.357240 0.050685
-0.360460 0.050556
-0.363740 0.050428
-0.367070 0.050299
-0.370430 0.050171
-0.373750 0.050043
-0.377260 0.049916
-0.380990 0.049789
-0.384540 0.049663
-0.388080 0.049537
-0.391640 0.049411
-0.395410 0.049285
-0.399540 0.049160
-0.403590 0.049036
-0.407590 0.048911
-0.415850 0.048787
-0.419960 0.048664
-0.424250 0.048541
-0.428550 0.048418
-0.433100 0.048296
-0.437790 0.048174
-0.443000 0.048052
-0.447980 0.047931
-0.453040 0.047810
-0.458040 0.047690
-0.463260 0.047570
-0.468540 0.047450
-0.474110 0.047331
-0.480030 0.047208
-0.485990 0.047085
-0.492560 0.046963
-0.499500 0.046841
-0.506350 0.046720
-0.513070 0.046599
-0.520470 0.046479
-0.527940 0.046359
-0.535980 0.046239
-0.553260 0.046121
-0.572180 0.046002
-0.582220 0.045884
-0.592790 0.045766
-0.604270 0.045649
-0.616770 0.045532
-0.643220 0.045416
-0.657700 0.045300
-0.674340 0.045184
-0.691400 0.045069
-0.711060 0.044953
-0.731800 0.044838
-0.754900 0.044724
-0.783260 0.044610
-0.814290 0.044497
-0.852770 0.044385
-0.892630 0.044273
-0.943950 0.044162
-0.999740 0.044052
-1.073800 0.043942
-1.162900 0.043833
-1.272400 0.043725
-1.423000 0.043618
-1.642100 0.043512
-1.964100 0.043407
-2.494800 0.043304
-7.925400 0.043202
-8.718900 0.043103
