148.110000 0.508272
3.340800 0.508272
1.658400 0.508272
1.016900 0.508272
0.736660 0.508272
0.538260 0.508272
0.440090 0.508272
0.330900 0.508272
0.252280 0.508272
0.164270 0.508272
0.098108 0.508272
0.032892 0.508272
-0.019537 0.508272
-0.067816 0.508272
-0.111670 0.508272
-0.160650 0.508272
-0.199250 0.508272
-0.238680 0.508272
-0.273840 0.508272
-0.307070 0.508272
-0.337530 0.508272
-0.363930 0.508272
-0.390200 0.508272
-0.413920 0.508272
-0.440470 0.508272
-0.461830 0.508272
-0.485540 0.508272
-0.509560 0.508272
-0.532260 0.508272
-0.553170 0.508272
-0.572520 0.508272
-0.589420 0.508272
-0.622810 0.508272
-0.639110 0.508272
-0.655890 0.508272
-0.670660 0.508272
-0.683840 0.508272
-0.698340 0.508272
-0.710730 0.508272
-0.723090 0.508272
-0.736850 0.508272
-0.748660 0.508272
-0.759860 0.508272
-0.771860 0.508272
-0.782450 0.508272
-0.793520 0.508272
-0.804450 0.508272
-0.815470 0.508272
-0.828220 0.508272
-0.838810 0.508272
-0.849830 0.508272
-0.860600 0.508272
-0.871190 0.508272
-0.880260 0.508272
-0.888620 0.508272
-0.897830 0.508272
-0.907020 0.508272
-0.915630 0.508272
-0.923440 0.508272
-0.931890 0.508272
-0.940040 0.508272
-0.948250 0.508272
-0.955630 0.508272
-0.963020 0.508272
-0.970800 0.508272
-0.978310 0.508272
-0.986090 0.508272
-0.993750 0.508272
-1.016200 0.508272
-1.023700 0.508272
-1.031900 0.508272
-1.038500 0.508272
-1.045100 0.508272
-1.052500 0.508272
-1.065900 0.508272
-1.073000 0.508272
-1.079900 0.508272
-1.085700 0.508272
-1.092600 0.508272
-1.100000 0.508272
-1.107200 0.508272
-1.112500 0.508270
-1.119300 0.508248
-1.131100 0.508033
-1.136900 0.505880
-1.143000 0.503727
-1.148400 0.502035
-1.154100 0.500447
-1.165700 0.498879
-1.170800 0.497322
-1.176800 0.495785
-1.182000 0.494282
-1.186500 0.492804
-1.192900 0.491359
-1.197300 0.489951
-1.202400 0.488586
-1.208500 0.487270
-1.213200 0.486009
-1.218800 0.484811
-1.224200 0.483680
-1.229400 0.482622
-1.234600 0.481639
-1.239000 0.480470
-1.243900 0.479363
-1.249200 0.478300
-1.253600 0.477279
-1.258400 0.476299
-1.262400 0.475361
-1.267700 0.474468
-1.277000 0.473621
-1.281200 0.472820
-1.284800 0.472067
-1.293900 0.471360
-1.297100 0.470700
-1.301300 0.470087
-1.305200 0.469517
-1.309200 0.468991
-1.313600 0.468509
-1.317400 0.468070
-1.321500 0.467672
-1.325300 0.467313
-1.329700 0.466991
-1.337700 0.466705
-1.341300 0.466453
-1.345000 0.466233
-1.349400 0.466042
-1.354000 0.465877
-1.357700 0.465737
-1.361900 0.465618
-1.366200 0.465517
-1.369900 0.465432
-1.373500 0.465360
-1.377600 0.465298
-1.381600 0.465243
-1.384900 0.465193
-1.388900 0.465144
-1.392400 0.465094
-1.395800 0.465041
-1.398700 0.464982
-1.406600 0.464915
-1.410000 0.464836
-1.413600 0.464745
-1.417500 0.464639
-1.421200 0.464516
-1.425100 0.464375
-1.428800 0.464213
-1.432400 0.464029
-1.435900 0.463822
-1.439100 0.463591
-1.442500 0.463333
-1.446000 0.463049
-1.449100 0.462737
-1.452600 0.462396
-1.456200 0.462026
-1.462600 0.461626
-1.465900 0.461195
-1.469200 0.460733
-1.472000 0.460240
-1.475300 0.459715
-1.478300 0.459158
-1.481300 0.458569
-1.484800 0.457948
-1.487900 0.457295
-1.490800 0.456609
-1.494200 0.455891
-1.497000 0.455141
-1.499500 0.454360
-1.502500 0.453546
-1.505400 0.452701
-1.508600 0.451825
-1.511500 0.450918
-1.514600 0.449981
-1.521200 0.449013
-1.524200 0.448017
-1.527100 0.446991
-1.529900 0.445938
-1.532600 0.444857
-1.535300 0.443749
-1.538300 0.442616
-1.541500 0.441458
-1.544400 0.440276
-1.552100 0.439071
-1.554900 0.437844
-1.557300 0.436597
-1.560000 0.435331
-1.562600 0.434046
-1.565700 0.432745
-1.582500 0.431429
-1.598000 0.430098
-1.614000 0.428755
-1.629100 0.427400
-1.643700 0.426036
-1.658300 0.424663
-1.672000 0.423283
-1.685900 0.421898
-1.711400 0.420508
-1.723200 0.419115
-1.735100 0.417721
-1.747400 0.416326
-1.759200 0.414932
-1.770500 0.413540
-1.781200 0.412150
-1.793300 0.410765
-1.804500 0.409384
-1.815200 0.408009
-1.825300 0.406640
-1.836000 0.405279
-1.846700 0.403924
-1.866800 0.402579
-1.876800 0.401241
-1.886800 0.399913
-1.896200 0.398594
-1.906200 0.397285
-1.915500 0.395985
-1.925000 0.394694
-1.934000 0.393414
-1.951300 0.392143
-1.960200 0.390881
-1.969200 0.389629
-1.977500 0.388386
-1.986200 0.387152
-1.994700 0.385926
-2.002800 0.384709
-2.010900 0.383499
-2.027300 0.382298
-2.035100 0.381103
-2.043000 0.379915
-2.050600 0.378734
-2.058100 0.377558
-2.065700 0.376388
-2.073000 0.375223
-2.080500 0.374063
-2.088000 0.372907
-2.095400 0.371754
-2.102600 0.370605
-2.109100 0.369459
-2.116000 0.368315
-2.123000 0.367173
-2.129500 0.366033
-2.136100 0.364895
-2.143300 0.363757
-2.149900 0.362621
-2.155900 0.361485
-2.162300 0.360350
-2.168900 0.359214
-2.175400 0.358079
-2.181400 0.356944
-2.187600 0.355809
-2.193800 0.354674
-2.199500 0.353538
-2.205500 0.352403
-2.211300 0.351267
-2.217400 0.350132
-2.223300 0.348997
-2.228800 0.347863
-2.234200 0.346729
-2.239700 0.345596
-2.245200 0.344464
-2.250700 0.343333
-2.256500 0.342204
-2.262100 0.341077
-2.267800 0.339952
-2.273100 0.338829
-2.278700 0.337709
-2.284200 0.336593
-2.289700 0.335479
-2.294900 0.334370
-2.299900 0.333264
-2.305100 0.332163
-2.310200 0.331067
-2.315400 0.329975
-2.320500 0.328888
-2.325600 0.327806
-2.330500 0.326731
-2.335400 0.325660
-2.340500 0.324596
-2.345700 0.323537
-2.350600 0.322485
-2.355700 0.321439
-2.360700 0.320400
-2.365400 0.319367
-2.369800 0.318340
-2.374200 0.317321
-2.383400 0.316307
-2.388300 0.315301
-2.392700 0.314301
-2.397300 0.313309
-2.401700 0.312322
-2.406000 0.311343
-2.410600 0.310370
-2.415300 0.309404
-2.419600 0.308445
-2.424200 0.307492
-2.433100 0.306546
-2.437300 0.305606
-2.441500 0.304673
-2.445700 0.303745
-2.450100 0.302824
-2.453900 0.301910
-2.458300 0.301001
-2.462600 0.300098
-2.466700 0.299200
-2.470700 0.298309
-2.474500 0.297423
-2.478700 0.296542
-2.482600 0.295666
-2.486400 0.294796
-2.490300 0.293931
-2.494500 0.293070
-2.498800 0.292214
-2.502700 0.291363
-2.506800 0.290516
-2.510900 0.289673
-2.514800 0.288835
-2.518700 0.288000
-2.522600 0.287169
-2.526600 0.286342
-2.530400 0.285518
-2.534600 0.284698
-2.538500 0.283881
-2.542600 0.283067
-2.546400 0.282257
-2.550200 0.281449
-2.554400 0.280644
-2.558300 0.279841
-2.562400 0.279042
-2.566200 0.278244
-2.570000 0.277450
-2.573700 0.276657
-2.577900 0.275867
-2.589400 0.275080
-2.593300 0.274295
-2.597200 0.273512
-2.601300 0.272731
-2.605000 0.271953
-2.608900 0.271177
-2.612700 0.270404
-2.616600 0.269633
-2.620400 0.268865
-2.623900 0.268100
-2.627800 0.267337
-2.631700 0.266578
-2.635600 0.265821
-2.639400 0.265068
-2.643100 0.264319
-2.647100 0.263573
-2.650900 0.262830
-2.654800 0.262092
-2.658700 0.261358
-2.662600 0.260628
-2.666500 0.259902
-2.670500 0.259181
-2.674300 0.258464
-2.678100 0.257753
-2.681700 0.257046
-2.685300 0.256345
-2.689100 0.255649
-2.693100 0.254958
-2.696600 0.254273
-2.700500 0.253593
-2.704300 0.252919
-2.707900 0.252250
-2.711700 0.251587
-2.715400 0.250930
-2.719200 0.250278
-2.722800 0.249632
-2.726600 0.248992
-2.730400 0.248357
-2.734400 0.247727
-2.738200 0.247103
-2.746000 0.246484
-2.750000 0.245870
-2.758300 0.245262
-2.762200 0.244658
-2.765900 0.244058
-2.769800 0.243463
-2.773900 0.242873
-2.777900 0.242286
-2.781900 0.241703
-2.785900 0.241124
-2.789800 0.240549
-2.793700 0.239976
-2.798100 0.239407
-2.802100 0.238841
-2.806200 0.238277
-2.814400 0.237716
-2.818600 0.237157
-2.822900 0.236600
-2.827400 0.236045
-2.832100 0.235492
-2.836300 0.234941
-2.845100 0.234391
-2.853800 0.233842
-2.858200 0.233294
-2.862800 0.232748
-2.867200 0.232202
-2.871800 0.231658
-2.876500 0.231114
-2.881200 0.230571
-2.885800 0.230029
-2.890400 0.229487
-2.894800 0.228946
-2.899300 0.228406
-2.904100 0.227867
-2.909000 0.227328
-2.913900 0.226791
-2.929600 0.226254
-2.934800 0.225717
-2.940200 0.225182
-2.946100 0.224648
-2.951400 0.224115
-2.957000 0.223583
-2.962100 0.223052
-2.973300 0.222522
-2.979400 0.221994
-2.985400 0.221467
-2.991600 0.220942
-2.997700 0.220418
-3.004000 0.219896
-3.010300 0.219376
-3.017000 0.218857
-3.023400 0.218340
-3.029900 0.217825
-3.036900 0.217312
-3.043600 0.216801
-3.050900 0.216292
-3.057900 0.215785
-3.065300 0.215280
-3.081100 0.214777
-3.089100 0.214277
-3.097200 0.213778
-3.105600 0.213281
-3.114000 0.212787
-3.122900 0.212295
-3.132100 0.211804
-3.141600 0.211316
-3.151200 0.210830
-3.161200 0.210345
-3.171800 0.209862
-3.194000 0.209382
-3.206500 0.208903
-3.219000 0.208426
-3.232200 0.207951
-3.246200 0.207477
-3.261200 0.207006
-3.277100 0.206536
-3.310600 0.206068
-3.328000 0.205602
-3.368600 0.205138
-3.391200 0.204666
-3.416600 0.204197
-3.476900 0.203730
-3.513200 0.203266
-3.552300 0.202804
-3.600900 0.202344
-3.657600 0.201885
-3.729200 0.201429
-3.822600 0.200974
-3.945500 0.200521
-4.142000 0.200069
-4.473100 0.199620
-4.949400 0.199174
-5.893100 0.198730
-9.280100 0.198289
-20.506000 0.197852
-22.719000 0.197420
