-0.669670 0.261855
-1.232600 0.261855
-1.449400 0.261855
-1.607500 0.261855
-1.688800 0.261855
-1.715500 0.261855
-1.739600 0.261855
-1.760100 0.261855
-1.792700 0.261855
-1.807300 0.261855
-1.818300 0.261855
-1.827000 0.261855
-1.836400 0.261855
-1.845000 0.261855
-1.853000 0.261855
-1.860700 0.261855
-1.876300 0.261855
-1.882700 0.261855
-1.889500 0.261855
-1.894900 0.261855
-1.900200 0.261855
-1.905400 0.261855
-1.910500 0.261855
-1.916100 0.261855
-1.921200 0.261855
-1.926200 0.261855
-1.930600 0.261855
-1.934800 0.261855
-1.938700 0.261855
-1.942700 0.261855
-1.946400 0.261855
-1.955100 0.261851
-1.958400 0.261808
-1.962300 0.261384
-1.965900 0.257140
-1.969300 0.252896
-1.972500 0.249473
-1.975700 0.246481
-1.978200 0.243761
-1.981500 0.241235
-1.984300 0.238859
-1.987300 0.236591
-1.995700 0.234411
-1.998500 0.232306
-2.000500 0.230271
-2.002900 0.228299
-2.006000 0.226387
-2.008300 0.224495
-2.010800 0.222623
-2.013000 0.220778
-2.017300 0.218964
-2.019800 0.217183
-2.022300 0.215434
-2.024900 0.213718
-2.027400 0.212033
-2.029600 0.210381
-2.031800 0.208759
-2.033700 0.207168
-2.035800 0.205607
-2.037800 0.204075
-2.040000 0.202572
-2.044200 0.201100
-2.046000 0.199342
-2.047900 0.197648
-2.049800 0.196002
-2.051700 0.194396
-2.053500 0.192824
-2.055200 0.191282
-2.057000 0.189769
-2.058500 0.188282
-2.060000 0.186821
-2.061700 0.185382
-2.063500 0.183966
-2.065100 0.182572
-2.066700 0.181199
-2.068300 0.179846
-2.069900 0.178515
-2.071400 0.177203
-2.073000 0.175912
-2.074600 0.174640
-2.076200 0.173388
-2.077600 0.172154
-2.079200 0.170939
-2.080600 0.169741
-2.082000 0.168562
-2.083200 0.167400
-2.084700 0.166255
-2.086200 0.165133
-2.087500 0.164034
-2.089000 0.162956
-2.090200 0.161898
-2.091400 0.160862
-2.094400 0.159845
-2.095700 0.158848
-2.097300 0.157871
-2.101300 0.156913
-2.102500 0.155975
-2.103700 0.155055
-2.105000 0.154155
-2.106300 0.153273
-2.107400 0.152411
-2.108600 0.151567
-2.111100 0.150741
-2.113500 0.149934
-2.114500 0.149145
-2.115400 0.148375
-2.116800 0.147623
-2.117800 0.146889
-2.119100 0.146173
-2.120200 0.145475
-2.121300 0.144795
-2.122300 0.144133
-2.123400 0.143489
-2.124400 0.142862
-2.125500 0.142252
-2.126500 0.141660
-2.128500 0.141084
-2.129600 0.140525
-2.130600 0.139984
-2.131700 0.139458
-2.134900 0.138949
-2.136000 0.138456
-2.137200 0.137980
-2.138100 0.137519
-2.139100 0.137074
-2.139900 0.136645
-2.141100 0.136231
-2.142000 0.135832
-2.143100 0.135448
-2.144000 0.135078
-2.144900 0.134723
-2.145800 0.134383
-2.148800 0.134056
-2.149600 0.133743
-2.150600 0.133443
-2.151500 0.133157
-2.153300 0.132883
-2.154100 0.132622
-2.155100 0.132373
-2.156100 0.132136
-2.156900 0.131911
-2.157800 0.131697
-2.158800 0.131494
-2.159700 0.131301
-2.160600 0.131119
-2.161400 0.130946
-2.162300 0.130783
-2.163200 0.130629
-2.164100 0.130484
-2.165000 0.130347
-2.165800 0.130218
-2.166700 0.130096
-2.167500 0.129982
-2.168300 0.129874
-2.169200 0.129772
-2.170100 0.129676
-2.170900 0.129586
-2.171700 0.129500
-2.172700 0.129419
-2.173400 0.129342
-2.174300 0.129269
-2.175100 0.129199
-2.175900 0.129132
-2.176700 0.129067
-2.177500 0.129004
-2.178300 0.128942
-2.179100 0.128882
-2.179800 0.128822
-2.180600 0.128763
-2.181200 0.128703
-2.182000 0.128643
-2.182800 0.128583
-2.183500 0.128521
-2.184300 0.128457
-2.185000 0.128391
-2.185800 0.128323
-2.186600 0.128253
-2.187300 0.128179
-2.188100 0.128102
-2.188900 0.128022
-2.193700 0.127938
-2.198100 0.127849
-2.202300 0.127756
-2.206300 0.127659
-2.210200 0.127557
-2.214000 0.127449
-2.217900 0.127336
-2.221700 0.127218
-2.225500 0.127094
-2.229100 0.126964
-2.232800 0.126828
-2.236300 0.126686
-2.239900 0.126537
-2.246400 0.126382
-2.249600 0.126221
-2.252900 0.126053
-2.256100 0.125878
-2.259400 0.125697
-2.262700 0.125509
-2.269000 0.125314
-2.272000 0.125113
-2.278000 0.124904
-2.281100 0.124689
-2.284100 0.124467
-2.287000 0.124238
-2.290000 0.124003
-2.292900 0.123761
-2.295600 0.123512
-2.298400 0.123257
-2.301300 0.122996
-2.304000 0.122728
-2.306800 0.122454
-2.312100 0.122174
-2.314800 0.121888
-2.317200 0.121596
-2.319800 0.121298
-2.322500 0.120995
-2.325000 0.120687
-2.327600 0.120373
-2.330000 0.120054
-2.332600 0.119730
-2.335200 0.119401
-2.337800 0.119068
-2.340400 0.118730
-2.342800 0.118388
-2.345300 0.118042
-2.347700 0.117692
-2.350200 0.117338
-2.352500 0.116980
-2.357400 0.116620
-2.359800 0.116256
-2.362100 0.115889
-2.364500 0.115519
-2.366800 0.115147
-2.368900 0.114772
-2.373700 0.114395
-2.376100 0.114016
-2.378500 0.113635
-2.380800 0.113252
-2.382900 0.112867
-2.385100 0.112481
-2.387400 0.112094
-2.389600 0.111706
-2.391900 0.111317
-2.394100 0.110927
-2.396300 0.110536
-2.400900 0.110145
-2.403200 0.109754
-2.405500 0.109362
-2.407700 0.108970
-2.410000 0.108579
-2.412200 0.108187
-2.414400 0.107796
-2.418900 0.107405
-2.423300 0.107015
-2.425600 0.106625
-2.427700 0.106236
-2.429900 0.105848
-2.432100 0.105461
-2.434300 0.105075
-2.436400 0.104690
-2.438600 0.104306
-2.440800 0.103924
-2.442800 0.103543
-2.444900 0.103163
-2.447100 0.102785
-2.451400 0.102408
-2.453500 0.102033
-2.457900 0.101659
-2.460100 0.101288
-2.462300 0.100918
-2.464400 0.100549
-2.466500 0.100183
-2.468800 0.099818
-2.470900 0.099456
-2.473100 0.099095
-2.475200 0.098736
-2.477400 0.098380
-2.479600 0.098025
-2.481600 0.097672
-2.483800 0.097321
-2.485900 0.096973
-2.488100 0.096626
-2.490200 0.096282
-2.492200 0.095940
-2.494300 0.095599
-2.496500 0.095261
-2.498600 0.094925
-2.500800 0.094591
-2.502900 0.094259
-2.505100 0.093930
-2.507300 0.093602
-2.509400 0.093277
-2.513600 0.092953
-2.515800 0.092632
-2.518000 0.092313
-2.520000 0.091995
-2.522200 0.091680
-2.524400 0.091367
-2.526500 0.091056
-2.528700 0.090748
-2.530900 0.090441
-2.533200 0.090136
-2.535200 0.089833
-2.537300 0.089532
-2.539500 0.089233
-2.541700 0.088936
-2.543900 0.088641
-2.546200 0.088348
-2.548400 0.088057
-2.552700 0.087768
-2.555000 0.087480
-2.557200 0.087195
-2.559300 0.086911
-2.561600 0.086629
-2.563900 0.086349
-2.566200 0.086071
-2.568500 0.085795
-2.570700 0.085520
-2.573100 0.085247
-2.575400 0.084976
-2.577700 0.084707
-2.579900 0.084439
-2.582100 0.084173
-2.584500 0.083909
-2.586900 0.083646
-2.589200 0.083385
-2.591600 0.083126
-2.594000 0.082868
-2.596400 0.082612
-2.598900 0.082358
-2.601200 0.082105
-2.603500 0.081854
-2.608200 0.081604
-2.610600 0.081356
-2.613100 0.081109
-2.615500 0.080864
-2.617800 0.080620
-2.620300 0.080378
-2.622800 0.080137
-2.625300 0.079897
-2.627900 0.079660
-2.630400 0.079423
-2.632800 0.079188
-2.635400 0.078954
-2.637800 0.078722
-2.640400 0.078491
-2.642700 0.078262
-2.645300 0.078033
-2.648000 0.077807
-2.650600 0.077581
-2.653300 0.077357
-2.655900 0.077134
-2.658800 0.076912
-2.661500 0.076692
-2.664200 0.076473
-2.667100 0.076255
-2.670000 0.076038
-2.672700 0.075823
-2.675300 0.075609
-2.678000 0.075396
-2.681000 0.075184
-2.683900 0.074974
-2.686600 0.074765
-2.689500 0.074556
-2.692300 0.074349
-2.695300 0.074144
-2.698100 0.073939
-2.701100 0.073735
-2.704200 0.073533
-2.707100 0.073332
-2.710000 0.073131
-2.713000 0.072932
-2.715900 0.072734
-2.718900 0.072537
-2.722000 0.072341
-2.725200 0.072146
-2.728600 0.071953
-2.732000 0.071760
-2.735600 0.071568
-2.739000 0.071377
-2.742600 0.071188
-2.745900 0.070999
-2.752700 0.070811
-2.756200 0.070624
-2.759800 0.070438
-2.763400 0.070254
-2.770500 0.070070
-2.778100 0.069887
-2.781900 0.069704
-2.786000 0.069523
-2.789800 0.069343
-2.793800 0.069164
-2.797700 0.068985
-2.802000 0.068807
-2.806200 0.068631
-2.810500 0.068455
-2.814800 0.068280
-2.823800 0.068105
-2.828100 0.067932
-2.832900 0.067759
-2.837600 0.067588
-2.842500 0.067417
-2.847600 0.067246
-2.852200 0.067077
-2.857300 0.066908
-2.862000 0.066740
-2.867300 0.066572
-2.872500 0.066406
-2.877900 0.066240
-2.883200 0.066074
-2.889000 0.065909
-2.894500 0.065745
-2.900200 0.065582
-2.906200 0.065419
-2.912700 0.065257
-2.925600 0.065096
-2.932200 0.064935
-2.938900 0.064775
-2.946100 0.064615
-2.953200 0.064456
-2.960800 0.064298
-2.968700 0.064140
-2.976700 0.063983
-2.985000 0.063826
-2.994000 0.063671
-3.003700 0.063516
-3.012900 0.063356
-3.022800 0.063197
-3.033400 0.063040
-3.043000 0.062883
-3.065700 0.062726
-3.076800 0.062571
-3.103500 0.062416
-3.116800 0.062262
-3.131900 0.062108
-3.165400 0.061956
-3.183000 0.061804
-3.202600 0.061652
-3.223700 0.061501
-3.299800 0.061350
-3.330000 0.061200
-3.364700 0.061050
-3.404700 0.060902
-3.452200 0.060754
-3.502900 0.060607
-3.565100 0.060460
-3.730400 0.060315
-4.011600 0.060171
-4.277000 0.060028
-4.622800 0.059886
-5.071500 0.059746
-5.562100 0.059607
-17.260000 0.059471
