11.151000 0.453501
5.266200 0.453501
2.320100 0.453501
1.014600 0.453501
0.823750 0.453501
0.666880 0.453501
0.444360 0.453501
0.375840 0.453501
0.296040 0.453501
0.219840 0.453501
0.157380 0.453501
0.104260 0.453501
0.055694 0.453501
0.006469 0.453501
-0.030465 0.453501
-0.065599 0.453501
-0.124630 0.453501
-0.152060 0.453501
-0.175870 0.453501
-0.201580 0.453501
-0.223500 0.453501
-0.242340 0.453501
-0.262940 0.453501
-0.279950 0.453501
-0.313260 0.453501
-0.342870 0.453501
-0.354290 0.453501
-0.363920 0.453501
-0.376480 0.453501
-0.389380 0.453501
-0.400770 0.453501
-0.410980 0.453501
-0.420120 0.453501
-0.430470 0.453501
-0.440420 0.453501
-0.448710 0.453501
-0.457380 0.453501
-0.465620 0.453501
-0.480580 0.453501
-0.487540 0.453501
-0.494200 0.453500
-0.500210 0.453492
-0.506580 0.453410
-0.519720 0.452595
-0.525990 0.444440
-0.531500 0.436285
-0.541950 0.430267
-0.547390 0.425377
-0.552480 0.421059
-0.557250 0.416999
-0.561700 0.413300
-0.565750 0.409913
-0.570070 0.406768
-0.574520 0.403772
-0.578310 0.400087
-0.581820 0.396731
-0.585480 0.393578
-0.590130 0.390567
-0.593990 0.387659
-0.597310 0.384826
-0.600530 0.382052
-0.604200 0.379333
-0.607090 0.376716
-0.614130 0.374184
-0.617400 0.371723
-0.626590 0.369326
-0.629690 0.366997
-0.632250 0.364736
-0.635270 0.362545
-0.637680 0.360432
-0.640340 0.358404
-0.642900 0.356468
-0.645230 0.354632
-0.647710 0.352899
-0.650080 0.351271
-0.652420 0.349743
-0.654910 0.348302
-0.657460 0.346939
-0.659570 0.345639
-0.664230 0.344386
-0.666530 0.343165
-0.668680 0.341959
-0.670820 0.340751
-0.673080 0.339526
-0.675430 0.338270
-0.677450 0.336967
-0.679570 0.335604
-0.681440 0.334168
-0.683240 0.332644
-0.685100 0.331021
-0.687170 0.329291
-0.689150 0.327451
-0.690710 0.325498
-0.692470 0.323435
-0.696170 0.321267
-0.697660 0.319007
-0.699470 0.316667
-0.702970 0.314267
-0.704590 0.311822
-0.706140 0.309352
-0.707800 0.306872
-0.711150 0.304399
-0.712850 0.301949
-0.714550 0.299533
-0.716140 0.297162
-0.717700 0.294846
-0.719440 0.292592
-0.720970 0.290407
-0.722390 0.288297
-0.723960 0.286267
-0.725480 0.284320
-0.730060 0.282455
-0.731350 0.280671
-0.732770 0.278962
-0.734200 0.277323
-0.735670 0.275742
-0.737080 0.274208
-0.738680 0.272708
-0.740150 0.271228
-0.741460 0.269756
-0.742700 0.268284
-0.744030 0.266802
-0.745540 0.265308
-0.746680 0.263798
-0.748060 0.262273
-0.749300 0.260735
-0.750560 0.259188
-0.751700 0.257637
-0.752890 0.256087
-0.754240 0.254543
-0.756460 0.253013
-0.757610 0.251505
-0.758810 0.250024
-0.759940 0.248580
-0.761210 0.247179
-0.762310 0.245825
-0.763350 0.244524
-0.764490 0.243279
-0.765610 0.242089
-0.766730 0.240953
-0.767790 0.239865
-0.768870 0.238818
-0.769910 0.237804
-0.770970 0.236813
-0.772110 0.235835
-0.773160 0.234862
-0.774240 0.233885
-0.775220 0.232898
-0.776240 0.231894
-0.777240 0.230872
-0.778300 0.229831
-0.779240 0.228773
-0.780380 0.227701
-0.781390 0.226618
-0.782300 0.225530
-0.783300 0.224442
-0.784230 0.223362
-0.785260 0.222294
-0.786190 0.221246
-0.787160 0.220221
-0.788240 0.219227
-0.789290 0.218266
-0.790220 0.217344
-0.793020 0.216463
-0.793990 0.215624
-0.795820 0.214827
-0.796820 0.214069
-0.797730 0.213344
-0.798690 0.212648
-0.799620 0.211972
-0.800480 0.211307
-0.801390 0.210645
-0.802340 0.209977
-0.803220 0.209297
-0.804120 0.208599
-0.804820 0.207877
-0.805730 0.207129
-0.811140 0.206353
-0.816060 0.205546
-0.820660 0.204710
-0.825050 0.203843
-0.829300 0.202946
-0.833900 0.202021
-0.838360 0.201070
-0.842420 0.200096
-0.846340 0.199104
-0.850120 0.198098
-0.853880 0.197082
-0.857590 0.196061
-0.861080 0.195039
-0.864450 0.194021
-0.867920 0.193010
-0.871260 0.192009
-0.874600 0.191020
-0.878010 0.190044
-0.881360 0.189084
-0.884600 0.188142
-0.890750 0.187220
-0.893670 0.186321
-0.896690 0.185451
-0.899700 0.184612
-0.902670 0.183810
-0.905680 0.183048
-0.908350 0.182331
-0.911020 0.181661
-0.913760 0.181042
-0.916450 0.180476
-0.919060 0.179965
-0.921480 0.179510
-0.923970 0.179111
-0.926570 0.178767
-0.929130 0.178478
-0.931570 0.178240
-0.934100 0.178049
-0.936570 0.177901
-0.938910 0.177790
-0.941220 0.177708
-0.943640 0.177648
-0.946100 0.177602
-0.948340 0.177560
-0.950560 0.177515
-0.952780 0.177460
-0.955000 0.177388
-0.957200 0.177292
-0.959310 0.177167
-0.961470 0.177009
-0.963640 0.176814
-0.965650 0.176579
-0.967790 0.176302
-0.969890 0.175982
-0.972060 0.175618
-0.974210 0.175211
-0.976170 0.174764
-0.978370 0.174278
-0.980310 0.173757
-0.982270 0.173206
-0.984220 0.172629
-0.986230 0.172030
-0.988220 0.171412
-0.990100 0.170778
-0.992000 0.170133
-0.993840 0.169479
-0.995660 0.168819
-0.997550 0.168156
-0.999440 0.167493
-1.001300 0.166833
-1.003000 0.166180
-1.004800 0.165536
-1.006500 0.164903
-1.008200 0.164286
-1.010100 0.163685
-1.011800 0.163102
-1.013600 0.162539
-1.015400 0.161996
-1.017000 0.161476
-1.018800 0.160980
-1.020500 0.160508
-1.022100 0.160061
-1.023800 0.159640
-1.025600 0.159245
-1.027300 0.158874
-1.029000 0.158525
-1.030600 0.158198
-1.032300 0.157888
-1.033900 0.157593
-1.035600 0.157310
-1.037300 0.157036
-1.038900 0.156768
-1.040600 0.156502
-1.043900 0.156236
-1.045500 0.155968
-1.047200 0.155693
-1.048800 0.155410
-1.050300 0.155115
-1.052000 0.154806
-1.053600 0.154481
-1.056900 0.154139
-1.058500 0.153778
-1.060100 0.153399
-1.061800 0.153002
-1.063300 0.152589
-1.064800 0.152161
-1.066500 0.151718
-1.068100 0.151264
-1.069700 0.150798
-1.071400 0.150323
-1.073000 0.149840
-1.074500 0.149350
-1.076100 0.148856
-1.077600 0.148358
-1.079100 0.147857
-1.080600 0.147356
-1.082100 0.146855
-1.083600 0.146356
-1.085200 0.145859
-1.086700 0.145366
-1.088300 0.144876
-1.089800 0.144389
-1.091500 0.143905
-1.093100 0.143425
-1.094700 0.142948
-1.096200 0.142474
-1.097800 0.142003
-1.099400 0.141535
-1.101000 0.141070
-1.102600 0.140609
-1.104200 0.140150
-1.105800 0.139695
-1.107400 0.139242
-1.108900 0.138793
-1.110500 0.138346
-1.112000 0.137902
-1.113600 0.137461
-1.115200 0.137023
-1.116800 0.136588
-1.118500 0.136156
-1.120100 0.135728
-1.121700 0.135306
-1.123200 0.134889
-1.124800 0.134480
-1.126300 0.134079
-1.129500 0.133688
-1.131100 0.133307
-1.132700 0.132938
-1.136000 0.132580
-1.137600 0.132236
-1.139200 0.131904
-1.140800 0.131584
-1.142400 0.131278
-1.144000 0.130983
-1.145700 0.130701
-1.147300 0.130429
-1.148900 0.130168
-1.150500 0.129915
-1.152200 0.129670
-1.153700 0.129429
-1.155400 0.129192
-1.156900 0.128955
-1.160200 0.128717
-1.161900 0.128475
-1.168600 0.128229
-1.170300 0.127976
-1.172000 0.127716
-1.173700 0.127449
-1.175300 0.127173
-1.177000 0.126888
-1.178700 0.126595
-1.180500 0.126293
-1.182200 0.125984
-1.184000 0.125666
-1.185900 0.125341
-1.187600 0.125010
-1.189300 0.124674
-1.191000 0.124335
-1.192800 0.123992
-1.194600 0.123648
-1.196500 0.123304
-1.200000 0.122960
-1.201800 0.122617
-1.203500 0.122277
-1.205300 0.121938
-1.209200 0.121600
-1.211100 0.121265
-1.213000 0.120932
-1.214900 0.120600
-1.216800 0.120270
-1.218800 0.119942
-1.220800 0.119616
-1.222700 0.119291
-1.224800 0.118969
-1.226800 0.118648
-1.228900 0.118329
-1.233100 0.118011
-1.235200 0.117695
-1.237400 0.117381
-1.239400 0.117069
-1.241500 0.116758
-1.243600 0.116449
-1.245700 0.116141
-1.247900 0.115836
-1.250100 0.115534
-1.252500 0.115235
-1.254700 0.114941
-1.256900 0.114652
-1.261600 0.114369
-1.264000 0.114094
-1.266400 0.113827
-1.268900 0.113570
-1.271500 0.113321
-1.276500 0.113083
-1.279000 0.112855
-1.281400 0.112637
-1.284100 0.112429
-1.286800 0.112231
-1.289400 0.112042
-1.295100 0.111862
-1.298000 0.111690
-1.300700 0.111525
-1.303600 0.111365
-1.306600 0.111209
-1.309700 0.111055
-1.319400 0.110901
-1.326000 0.110746
-1.329500 0.110589
-1.333100 0.110430
-1.348500 0.110267
-1.352600 0.110102
-1.356600 0.109934
-1.361000 0.109764
-1.365200 0.109592
-1.369600 0.109421
-1.374200 0.109249
-1.378800 0.109078
-1.389400 0.108908
-1.394900 0.108740
-1.400500 0.108574
-1.411700 0.108412
-1.417600 0.108254
-1.424000 0.108099
-1.430700 0.107950
-1.437400 0.107804
-1.444600 0.107663
-1.452100 0.107524
-1.467800 0.107387
-1.476500 0.107251
-1.486300 0.107112
-1.496400 0.106970
-1.506800 0.106824
-1.517300 0.106672
-1.529900 0.106514
-1.542900 0.106350
-1.557500 0.106178
-1.573000 0.105999
-1.591600 0.105812
-1.610400 0.105618
-1.632000 0.105417
-1.655100 0.105209
-1.683200 0.104995
-1.712300 0.104776
-1.749200 0.104552
-1.787800 0.104324
-1.835600 0.104094
-1.954200 0.103861
-2.027800 0.103624
-2.112700 0.103388
-2.219400 0.103154
-2.322300 0.102920
-2.486800 0.102687
-2.766400 0.102456
-3.288200 0.102227
-5.519000 0.102000
