85.924000 0.079368
3.449200 0.079368
1.805300 0.079368
0.922200 0.079368
0.506830 0.079368
0.214710 0.079368
-0.136250 0.079368
-0.249400 0.079368
-0.339330 0.079368
-0.419650 0.079368
-0.483830 0.079368
-0.538600 0.079368
-0.587010 0.079368
-0.675540 0.079368
-0.755710 0.079368
-0.786430 0.079368
-0.812150 0.079368
-0.832950 0.079368
-0.858270 0.079368
-0.878350 0.079368
-0.894900 0.079368
-0.913240 0.079368
-0.932500 0.079368
-0.966650 0.079368
-0.980990 0.079368
-0.997260 0.079368
-1.012500 0.079368
-1.026000 0.079368
-1.036200 0.079368
-1.047600 0.079368
-1.057800 0.079368
-1.067300 0.079368
-1.090200 0.079368
-1.099200 0.079368
-1.108700 0.079368
-1.118400 0.079368
-1.126700 0.079368
-1.135500 0.079368
-1.143500 0.079368
-1.151200 0.079368
-1.159000 0.079368
-1.166100 0.079368
-1.173700 0.079368
-1.180300 0.079368
-1.187100 0.079368
-1.194000 0.079368
-1.201900 0.079368
-1.207800 0.079368
-1.213500 0.079368
-1.219200 0.079368
-1.226100 0.079368
-1.232100 0.079368
-1.237700 0.079368
-1.249300 0.079368
-1.255300 0.079368
-1.260200 0.079368
-1.265900 0.079368
-1.271700 0.079368
-1.276900 0.079368
-1.281400 0.079368
-1.286300 0.079368
-1.291000 0.079368
-1.295600 0.079368
-1.300200 0.079368
-1.305000 0.079368
-1.309100 0.079368
-1.313100 0.079368
-1.320700 0.079368
-1.324400 0.079368
-1.328200 0.079368
-1.336300 0.079368
-1.340300 0.079368
-1.344100 0.079368
-1.347900 0.079368
-1.350900 0.079368
-1.354200 0.079368
-1.357700 0.079368
-1.360900 0.079368
-1.364300 0.079368
-1.367500 0.079368
-1.370900 0.079368
-1.374200 0.079368
-1.377100 0.079368
-1.380700 0.079368
-1.383800 0.079368
-1.386900 0.079368
-1.389800 0.079368
-1.392700 0.079368
-1.395900 0.079368
-1.398300 0.079368
-1.401000 0.079368
-1.403900 0.079368
-1.406900 0.079368
-1.409700 0.079368
-1.414800 0.079368
-1.417600 0.079368
-1.420300 0.079368
-1.422700 0.079368
-1.424900 0.079368
-1.427200 0.079368
-1.429300 0.079368
-1.431700 0.079368
-1.434400 0.079368
-1.436500 0.079368
-1.439000 0.079368
-1.441200 0.079368
-1.443200 0.079368
-1.445700 0.079368
-1.447600 0.079368
-1.449700 0.079368
-1.454200 0.079368
-1.456300 0.079368
-1.458500 0.079368
-1.460700 0.079368
-1.462600 0.079368
-1.465000 0.079368
-1.466900 0.079368
-1.469100 0.079368
-1.471300 0.079368
-1.473200 0.079368
-1.475100 0.079368
-1.477000 0.079368
-1.479300 0.079368
-1.483200 0.079368
-1.485100 0.079368
-1.486900 0.079368
-1.488500 0.079368
-1.491900 0.079368
-1.494000 0.079368
-1.495700 0.079368
-1.497500 0.079368
-1.499100 0.079368
-1.500700 0.079368
-1.502500 0.079368
-1.504100 0.079368
-1.505800 0.079368
-1.507600 0.079368
-1.509600 0.079368
-1.511000 0.079368
-1.512600 0.079368
-1.514400 0.079368
-1.516300 0.079368
-1.517600 0.079368
-1.519100 0.079368
-1.520500 0.079368
-1.521900 0.079368
-1.523300 0.079368
-1.525000 0.079368
-1.526500 0.079368
-1.528000 0.079368
-1.529400 0.079368
-1.530800 0.079368
-1.532400 0.079368
-1.534000 0.079368
-1.535600 0.079368
-1.538800 0.079368
-1.540200 0.079368
-1.541700 0.079368
-1.542900 0.079368
-1.544100 0.079368
-1.545700 0.079368
-1.547000 0.079368
-1.548500 0.079368
-1.549700 0.079368
-1.551100 0.079368
-1.552300 0.079368
-1.553700 0.079368
-1.555000 0.079368
-1.556300 0.079368
-1.557700 0.079368
-1.559000 0.079368
-1.560500 0.079368
-1.561700 0.079368
-1.563000 0.079368
-1.564200 0.079368
-1.565700 0.079368
-1.567000 0.079368
-1.568300 0.079368
-1.569600 0.079368
-1.571000 0.079368
-1.572300 0.079368
-1.573600 0.079368
-1.574900 0.079368
-1.575900 0.079368
-1.577000 0.079368
-1.578100 0.079368
-1.579300 0.079368
-1.588200 0.079364
-1.595200 0.079326
-1.601800 0.078947
-1.607600 0.078568
-1.614000 0.078203
-1.620300 0.077848
-1.626300 0.077499
-1.632100 0.077156
-1.637900 0.076819
-1.643400 0.076486
-1.648800 0.076156
-1.653800 0.075829
-1.659200 0.075506
-1.664300 0.075186
-1.669400 0.074869
-1.674300 0.074555
-1.679200 0.074244
-1.683900 0.073934
-1.688400 0.073626
-1.693000 0.073319
-1.697400 0.073014
-1.701900 0.072712
-1.705900 0.072411
-1.710400 0.072113
-1.714700 0.071818
-1.718900 0.071525
-1.723100 0.071235
-1.727200 0.070947
-1.731300 0.070662
-1.735200 0.070381
-1.739300 0.070102
-1.743000 0.069827
-1.746800 0.069534
-1.750600 0.069243
-1.754100 0.068955
-1.757800 0.068670
-1.765100 0.068387
-1.768800 0.068106
-1.772200 0.067828
-1.775700 0.067552
-1.782100 0.067279
-1.785400 0.067008
-1.788600 0.066739
-1.795100 0.066473
-1.798400 0.066209
-1.801600 0.065948
-1.805000 0.065689
-1.808100 0.065433
-1.811200 0.065179
-1.814200 0.064928
-1.817200 0.064680
-1.823300 0.064434
-1.826300 0.064191
-1.829200 0.063951
-1.832300 0.063714
-1.835400 0.063479
-1.838300 0.063248
-1.841000 0.063019
-1.843800 0.062793
-1.846500 0.062570
-1.849200 0.062350
-1.852100 0.062134
-1.855000 0.061921
-1.857800 0.061711
-1.860500 0.061505
-1.863200 0.061302
-1.865900 0.061103
-1.868600 0.060907
-1.871400 0.060715
-1.874000 0.060526
-1.876600 0.060341
-1.879300 0.060159
-1.881900 0.059982
-1.884400 0.059807
-1.887000 0.059637
-1.889600 0.059470
-1.892200 0.059307
-1.894900 0.059148
-1.897600 0.058992
-1.900000 0.058840
-1.905200 0.058692
-1.907700 0.058548
-1.910200 0.058407
-1.912800 0.058271
-1.915300 0.058138
-1.917900 0.058009
-1.920500 0.057883
-1.923000 0.057762
-1.925400 0.057644
-1.928000 0.057530
-1.932900 0.057420
-1.935300 0.057313
-1.937800 0.057210
-1.940300 0.057111
-1.942800 0.057015
-1.945200 0.056922
-1.947600 0.056834
-1.949900 0.056748
-1.952500 0.056666
-1.955100 0.056588
-1.957500 0.056512
-1.960000 0.056440
-1.962300 0.056371
-1.964600 0.056305
-1.967000 0.056242
-1.969400 0.056182
-1.971800 0.056125
-1.974300 0.056071
-1.976700 0.056020
-1.979100 0.055971
-1.981400 0.055925
-1.983700 0.055881
-1.985900 0.055839
-1.988400 0.055800
-1.990800 0.055763
-1.993100 0.055728
-1.995500 0.055695
-1.998000 0.055664
-2.000400 0.055635
-2.002800 0.055607
-2.005100 0.055581
-2.007500 0.055556
-2.012000 0.055533
-2.014400 0.055511
-2.016800 0.055490
-2.019300 0.055471
-2.021600 0.055452
-2.024100 0.055434
-2.026400 0.055416
-2.028800 0.055400
-2.031300 0.055383
-2.033700 0.055368
-2.036000 0.055352
-2.038500 0.055337
-2.040800 0.055321
-2.042900 0.055306
-2.045300 0.055290
-2.047600 0.055275
-2.050000 0.055259
-2.052400 0.055242
-2.054800 0.055225
-2.057200 0.055207
-2.059600 0.055189
-2.061800 0.055170
-2.064200 0.055150
-2.068900 0.055129
-2.073700 0.055107
-2.076200 0.055084
-2.078600 0.055060
-2.081100 0.055034
-2.083500 0.055008
-2.085900 0.054979
-2.088300 0.054950
-2.090900 0.054919
-2.093400 0.054886
-2.095600 0.054852
-2.098200 0.054816
-2.100800 0.054779
-2.103300 0.054740
-2.105900 0.054699
-2.108400 0.054656
-2.111100 0.054611
-2.113700 0.054565
-2.116100 0.054517
-2.118600 0.054467
-2.121300 0.054415
-2.123700 0.054361
-2.126300 0.054305
-2.128800 0.054248
-2.131400 0.054188
-2.133900 0.054127
-2.136500 0.054064
-2.142000 0.053999
-2.144600 0.053932
-2.147300 0.053863
-2.150000 0.053792
-2.155400 0.053720
-2.158200 0.053645
-2.161100 0.053569
-2.163900 0.053491
-2.166700 0.053412
-2.169600 0.053331
-2.172300 0.053248
-2.175300 0.053163
-2.178000 0.053077
-2.183700 0.052990
-2.186700 0.052900
-2.189600 0.052810
-2.192300 0.052718
-2.195400 0.052625
-2.201300 0.052530
-2.204400 0.052434
-2.207500 0.052337
-2.210500 0.052238
-2.213700 0.052138
-2.216700 0.052038
-2.219900 0.051936
-2.226200 0.051833
-2.229400 0.051729
-2.232700 0.051625
-2.239100 0.051519
-2.242200 0.051413
-2.245500 0.051305
-2.248800 0.051197
-2.252400 0.051089
-2.255700 0.050979
-2.259400 0.050869
-2.263000 0.050759
-2.266600 0.050648
-2.270600 0.050536
-2.274300 0.050424
-2.278200 0.050312
-2.282000 0.050199
-2.285900 0.050086
-2.293500 0.049972
-2.297300 0.049858
-2.301300 0.049745
-2.305400 0.049630
-2.309500 0.049516
-2.313800 0.049402
-2.317800 0.049287
-2.322100 0.049172
-2.326200 0.049057
-2.330500 0.048943
-2.334800 0.048828
-2.338900 0.048713
-2.343700 0.048598
-2.348300 0.048483
-2.352700 0.048368
-2.357600 0.048253
-2.362400 0.048139
-2.367500 0.048024
-2.372500 0.047910
-2.377400 0.047795
-2.382500 0.047681
-2.387700 0.047567
-2.393300 0.047453
-2.398900 0.047340
-2.404500 0.047227
-2.410500 0.047113
-2.416200 0.047001
-2.422100 0.046888
-2.434200 0.046776
-2.440200 0.046664
-2.446500 0.046552
-2.453100 0.046441
-2.460000 0.046330
-2.467000 0.046219
-2.481800 0.046105
-2.489200 0.045992
-2.513300 0.045879
-2.521900 0.045767
-2.531100 0.045655
-2.540400 0.045543
-2.550800 0.045432
-2.561400 0.045321
-2.572900 0.045210
-2.585000 0.045100
-2.597200 0.044991
-2.610800 0.044881
-2.624900 0.044772
-2.640600 0.044664
-2.674800 0.044555
-2.694300 0.044447
-2.714200 0.044339
-2.738000 0.044232
-2.765500 0.044126
-2.795800 0.044020
-2.829800 0.043915
-2.872200 0.043810
-2.927400 0.043706
-2.999800 0.043603
-3.102900 0.043500
-3.501800 0.043399
-5.459300 0.043299
-8.214100 0.043200
-9.591700 0.043103
