0.553150 0.277458
0.200970 0.277458
0.020521 0.277458
-0.117210 0.277458
-0.225020 0.277458
-0.321980 0.277458
-0.386280 0.277458
-0.445390 0.277458
-0.497120 0.277458
-0.545310 0.277458
-0.591690 0.277458
-0.627150 0.277458
-0.662040 0.277458
-0.719470 0.277458
-0.745350 0.277458
-0.768600 0.277458
-0.788070 0.277458
-0.810720 0.277458
-0.845480 0.277458
-0.860400 0.277458
-0.875900 0.277458
-0.890090 0.277458
-0.903460 0.277458
-0.916370 0.277458
-0.930070 0.277458
-0.941210 0.277458
-0.954090 0.277458
-0.965410 0.277458
-0.985860 0.277458
-0.993790 0.277458
-1.002800 0.277458
-1.011400 0.277458
-1.020200 0.277458
-1.028300 0.277458
-1.037100 0.277458
-1.053900 0.277458
-1.060600 0.277458
-1.068200 0.277458
-1.075300 0.277458
-1.082300 0.277458
-1.102100 0.277458
-1.107900 0.277458
-1.114200 0.277458
-1.120200 0.277458
-1.126000 0.277458
-1.131900 0.277458
-1.137000 0.277458
-1.142400 0.277458
-1.152400 0.277458
-1.157300 0.277458
-1.162200 0.277458
-1.172300 0.277458
-1.176800 0.277458
-1.181400 0.277458
-1.186100 0.277458
-1.190500 0.277458
-1.194800 0.277458
-1.198300 0.277458
-1.202300 0.277458
-1.206300 0.277458
-1.213900 0.277458
-1.217600 0.277458
-1.221300 0.277458
-1.225100 0.277458
-1.229100 0.277458
-1.232600 0.277458
-1.236300 0.277458
-1.240000 0.277458
-1.243000 0.277458
-1.246600 0.277458
-1.250400 0.277458
-1.253700 0.277458
-1.257100 0.277458
-1.259900 0.277458
-1.262900 0.277458
-1.266300 0.277458
-1.269400 0.277458
-1.272100 0.277458
-1.275200 0.277458
-1.278400 0.277458
-1.281400 0.277458
-1.284400 0.277458
-1.287400 0.277458
-1.289900 0.277458
-1.292300 0.277458
-1.297800 0.277458
-1.300400 0.277458
-1.302900 0.277458
-1.305700 0.277458
-1.308200 0.277458
-1.310600 0.277458
-1.313200 0.277458
-1.315900 0.277458
-1.318300 0.277458
-1.320700 0.277458
-1.323100 0.277458
-1.325100 0.277458
-1.327600 0.277458
-1.329900 0.277458
-1.332100 0.277458
-1.334400 0.277458
-1.336800 0.277458
-1.338900 0.277458
-1.340900 0.277458
-1.343600 0.277458
-1.346000 0.277458
-1.348200 0.277458
-1.350400 0.277458
-1.353000 0.277458
-1.355100 0.277458
-1.357400 0.277458
-1.359800 0.277458
-1.361800 0.277458
-1.363800 0.277458
-1.368200 0.277458
-1.370200 0.277458
-1.372000 0.277456
-1.374200 0.277434
-1.376200 0.277212
-1.377900 0.275000
-1.379600 0.272788
-1.381700 0.270631
-1.383500 0.268525
-1.385300 0.266461
-1.387200 0.264421
-1.389200 0.262410
-1.390900 0.260435
-1.392600 0.258509
-1.394400 0.256645
-1.396200 0.254727
-1.398100 0.252852
-1.399900 0.251022
-1.403500 0.249238
-1.405100 0.247502
-1.406600 0.245817
-1.408300 0.244182
-1.409800 0.242601
-1.411300 0.241078
-1.413000 0.239614
-1.414700 0.238211
-1.416300 0.236869
-1.417900 0.235587
-1.419800 0.234362
-1.421100 0.233192
-1.423100 0.232071
-1.424800 0.230994
-1.426400 0.229956
-1.428000 0.228951
-1.429700 0.227972
-1.431500 0.227014
-1.433100 0.226072
-1.434600 0.225139
-1.436200 0.224212
-1.437600 0.223283
-1.439000 0.222349
-1.440800 0.221403
-1.442300 0.220441
-1.443700 0.219460
-1.446700 0.218457
-1.448100 0.217430
-1.449600 0.216380
-1.451000 0.215310
-1.452400 0.214221
-1.453800 0.213120
-1.455100 0.212011
-1.456500 0.210902
-1.458000 0.209799
-1.459100 0.208708
-1.460300 0.207637
-1.461700 0.206591
-1.463100 0.205576
-1.464400 0.204596
-1.465800 0.203657
-1.467000 0.202759
-1.468400 0.201907
-1.469800 0.201101
-1.471100 0.200342
-1.472300 0.199628
-1.473700 0.198958
-1.474900 0.198328
-1.476200 0.197734
-1.477400 0.197171
-1.478800 0.196635
-1.480300 0.196119
-1.488100 0.195617
-1.495200 0.195124
-1.502400 0.194635
-1.509900 0.194145
-1.517000 0.193650
-1.530000 0.193148
-1.536500 0.192636
-1.543100 0.192113
-1.549100 0.191577
-1.555400 0.191028
-1.561100 0.190466
-1.566800 0.189891
-1.572500 0.189305
-1.578200 0.188708
-1.583500 0.188105
-1.594300 0.187496
-1.604500 0.186884
-1.609700 0.186272
-1.614500 0.185663
-1.619400 0.185057
-1.624600 0.184457
-1.629600 0.183864
-1.634100 0.183278
-1.638400 0.182698
-1.643100 0.182125
-1.647600 0.181557
-1.652100 0.180993
-1.656300 0.180433
-1.660600 0.179875
-1.665100 0.179317
-1.669300 0.178759
-1.673700 0.178199
-1.677900 0.177635
-1.682100 0.177067
-1.686300 0.176491
-1.690500 0.175909
-1.698600 0.175318
-1.702500 0.174719
-1.706400 0.174111
-1.710300 0.173493
-1.714000 0.172866
-1.721400 0.172229
-1.725300 0.171582
-1.729100 0.170925
-1.733000 0.170259
-1.736600 0.169583
-1.740000 0.168899
-1.743500 0.168209
-1.747200 0.167515
-1.754600 0.166817
-1.758200 0.166118
-1.761800 0.165420
-1.772100 0.164724
-1.775500 0.164032
-1.778900 0.163345
-1.782200 0.162663
-1.785700 0.161986
-1.789100 0.161316
-1.792300 0.160651
-1.795900 0.159991
-1.799200 0.159336
-1.802400 0.158687
-1.805600 0.158044
-1.809000 0.157405
-1.812100 0.156772
-1.815400 0.156143
-1.818800 0.155520
-1.822000 0.154902
-1.825100 0.154290
-1.828400 0.153684
-1.831500 0.153086
-1.834600 0.152497
-1.837700 0.151920
-1.840900 0.151356
-1.844100 0.150808
-1.847300 0.150281
-1.850700 0.149778
-1.853700 0.149302
-1.856800 0.148856
-1.859800 0.148444
-1.862900 0.148068
-1.866100 0.147729
-1.869100 0.147430
-1.872200 0.147170
-1.875100 0.146950
-1.878600 0.146767
-1.881600 0.146620
-1.884700 0.146506
-1.887700 0.146422
-1.890700 0.146363
-1.893800 0.146325
-1.896600 0.146303
-1.899600 0.146291
-1.902500 0.146284
-1.905500 0.146276
-1.908500 0.146264
-1.911600 0.146242
-1.914600 0.146207
-1.917600 0.146155
-1.920700 0.146084
-1.923700 0.145992
-1.926600 0.145879
-1.929500 0.145744
-1.932500 0.145587
-1.935400 0.145411
-1.938500 0.145217
-1.944400 0.145009
-1.947500 0.144788
-1.950500 0.144558
-1.953400 0.144321
-1.956400 0.144081
-1.959200 0.143840
-1.962100 0.143599
-1.965000 0.143360
-1.968200 0.143122
-1.976900 0.142888
-1.979800 0.142655
-1.982700 0.142425
-1.985600 0.142197
-1.988500 0.141970
-1.991400 0.141742
-1.994500 0.141514
-2.000600 0.141284
-2.003500 0.141052
-2.006500 0.140817
-2.009300 0.140578
-2.012100 0.140337
-2.015300 0.140092
-2.018400 0.139845
-2.021200 0.139596
-2.024300 0.139346
-2.027200 0.139096
-2.030300 0.138846
-2.033400 0.138597
-2.036600 0.138349
-2.039700 0.138102
-2.045600 0.137855
-2.048700 0.137608
-2.051900 0.137361
-2.055000 0.137111
-2.057800 0.136860
-2.060900 0.136606
-2.064100 0.136347
-2.067400 0.136083
-2.070500 0.135814
-2.073700 0.135538
-2.076800 0.135255
-2.080000 0.134965
-2.083100 0.134667
-2.086300 0.134360
-2.089500 0.134045
-2.092600 0.133721
-2.095800 0.133388
-2.102200 0.133048
-2.105300 0.132702
-2.108600 0.132350
-2.111800 0.131995
-2.114900 0.131640
-2.118200 0.131286
-2.121600 0.130937
-2.124900 0.130593
-2.128100 0.130258
-2.131500 0.129932
-2.134700 0.129617
-2.138000 0.129314
-2.141600 0.129022
-2.145000 0.128742
-2.148400 0.128474
-2.151700 0.128216
-2.155300 0.127969
-2.158600 0.127731
-2.165400 0.127501
-2.168900 0.127277
-2.172300 0.127058
-2.175900 0.126842
-2.179500 0.126626
-2.183100 0.126409
-2.186400 0.126188
-2.190100 0.125963
-2.194000 0.125732
-2.197500 0.125494
-2.201100 0.125248
-2.204900 0.124994
-2.208500 0.124733
-2.212300 0.124463
-2.216100 0.124185
-2.220100 0.123899
-2.224100 0.123605
-2.227900 0.123305
-2.231700 0.122999
-2.235800 0.122688
-2.239800 0.122374
-2.247800 0.122057
-2.251700 0.121738
-2.256100 0.121419
-2.260500 0.121100
-2.264600 0.120782
-2.268900 0.120466
-2.273300 0.120151
-2.277700 0.119838
-2.286700 0.119526
-2.291400 0.119217
-2.295800 0.118908
-2.305200 0.118602
-2.310200 0.118297
-2.314800 0.117993
-2.319400 0.117691
-2.324400 0.117391
-2.329300 0.117092
-2.334500 0.116795
-2.339400 0.116499
-2.344700 0.116204
-2.349800 0.115912
-2.355000 0.115620
-2.360400 0.115330
-2.365700 0.115042
-2.371500 0.114754
-2.376900 0.114469
-2.383000 0.114184
-2.388700 0.113902
-2.401000 0.113620
-2.406800 0.113340
-2.413000 0.113062
-2.419000 0.112787
-2.425500 0.112514
-2.432100 0.112246
-2.438500 0.111983
-2.445100 0.111725
-2.452000 0.111475
-2.459000 0.111232
-2.466400 0.110997
-2.473700 0.110771
-2.481300 0.110555
-2.489300 0.110347
-2.497400 0.110150
-2.505700 0.109961
-2.513400 0.109782
-2.522000 0.109613
-2.531100 0.109454
-2.540400 0.109305
-2.549700 0.109166
-2.569000 0.109036
-2.579200 0.108915
-2.589600 0.108801
-2.599900 0.108695
-2.610400 0.108594
-2.621600 0.108498
-2.633200 0.108405
-2.646000 0.108315
-2.658700 0.108226
-2.671900 0.108138
-2.686000 0.108050
-2.700500 0.107962
-2.715200 0.107873
-2.731400 0.107781
-2.748500 0.107685
-2.765100 0.107586
-2.783000 0.107480
-2.824400 0.107369
-2.848600 0.107250
-2.874100 0.107124
-2.900500 0.106989
-2.927600 0.106846
-2.958700 0.106695
-2.992900 0.106537
-3.031700 0.106371
-3.073200 0.106198
-3.119500 0.106045
-3.174400 0.105876
-3.240300 0.105690
-3.315300 0.105487
-3.405100 0.105268
-3.521100 0.105040
-3.695600 0.104808
-6.120500 0.104578
-9.669500 0.104350
