-0.113290 0.092184
-0.865580 0.092184
-1.050100 0.092184
-1.152200 0.092184
-1.224200 0.092184
-1.265300 0.092184
-1.304000 0.092184
-1.332800 0.092184
-1.359000 0.092184
-1.377700 0.092184
-1.398000 0.092184
-1.415900 0.092184
-1.458700 0.092184
-1.470500 0.092184
-1.482000 0.092184
-1.514800 0.092184
-1.524800 0.092184
-1.533500 0.092184
-1.541500 0.092184
-1.549200 0.092184
-1.556600 0.092184
-1.564100 0.092184
-1.571200 0.092184
-1.583400 0.092184
-1.595400 0.092184
-1.600100 0.092184
-1.605000 0.092184
-1.609500 0.092184
-1.614900 0.092184
-1.619300 0.092184
-1.624600 0.092184
-1.630000 0.092184
-1.634500 0.092184
-1.639300 0.092184
-1.643100 0.092184
-1.647100 0.092184
-1.651500 0.092184
-1.655500 0.092184
-1.659500 0.092184
-1.663300 0.092184
-1.666800 0.092184
-1.670200 0.092184
-1.673400 0.092184
-1.676400 0.092184
-1.679500 0.092184
-1.683000 0.092184
-1.685800 0.092184
-1.689400 0.092184
-1.692300 0.092184
-1.695100 0.092184
-1.698500 0.092184
-1.703900 0.092183
-1.706900 0.092172
-1.712100 0.092057
-1.714800 0.090909
-1.717400 0.089761
-1.720000 0.088869
-1.722100 0.088093
-1.724800 0.087385
-1.729800 0.086724
-1.734800 0.086095
-1.737400 0.085490
-1.739900 0.084907
-1.742100 0.084343
-1.744000 0.083792
-1.746200 0.083244
-1.748600 0.082705
-1.750700 0.082174
-1.752800 0.081652
-1.755000 0.081139
-1.756700 0.080634
-1.758800 0.080137
-1.760800 0.079648
-1.762800 0.079166
-1.765000 0.078692
-1.766800 0.078225
-1.768500 0.077765
-1.770400 0.077240
-1.772200 0.076735
-1.774000 0.076243
-1.776000 0.075761
-1.777900 0.075288
-1.779700 0.074822
-1.781700 0.074362
-1.783500 0.073909
-1.785200 0.073462
-1.787000 0.073021
-1.788600 0.072585
-1.792100 0.072155
-1.793800 0.071730
-1.795500 0.071311
-1.797100 0.070897
-1.798700 0.070488
-1.800200 0.070085
-1.801700 0.069686
-1.803300 0.069293
-1.804900 0.068906
-1.806200 0.068525
-1.807700 0.068151
-1.809200 0.067784
-1.810700 0.067424
-1.812200 0.067070
-1.813900 0.066724
-1.815200 0.066384
-1.816700 0.066051
-1.818100 0.065725
-1.821200 0.065406
-1.824000 0.065095
-1.825400 0.064791
-1.826800 0.064495
-1.828000 0.064207
-1.829400 0.063926
-1.830800 0.063654
-1.832000 0.063389
-1.833500 0.063133
-1.834900 0.062886
-1.836100 0.062646
-1.838400 0.062416
-1.839700 0.062194
-1.840900 0.061980
-1.842100 0.061776
-1.843400 0.061580
-1.845800 0.061393
-1.847100 0.061215
-1.848200 0.061045
-1.849500 0.060884
-1.851600 0.060732
-1.854000 0.060589
-1.855200 0.060454
-1.856400 0.060327
-1.857500 0.060209
-1.858700 0.060099
-1.860000 0.059996
-1.862400 0.059902
-1.863400 0.059815
-1.867100 0.059736
-1.868500 0.059663
-1.869700 0.059597
-1.870900 0.059538
-1.872000 0.059485
-1.872900 0.059438
-1.873900 0.059397
-1.874900 0.059360
-1.875900 0.059329
-1.877100 0.059301
-1.878000 0.059278
-1.879300 0.059259
-1.880300 0.059242
-1.881500 0.059229
-1.882600 0.059217
-1.883600 0.059208
-1.884600 0.059200
-1.885600 0.059194
-1.886600 0.059188
-1.887500 0.059182
-1.888400 0.059176
-1.889500 0.059169
-1.890500 0.059162
-1.891400 0.059153
-1.892300 0.059142
-1.893300 0.059129
-1.894300 0.059114
-1.895300 0.059096
-1.896200 0.059075
-1.897000 0.059051
-1.897900 0.059023
-1.898900 0.058991
-1.899700 0.058955
-1.900600 0.058915
-1.901600 0.058870
-1.902400 0.058820
-1.903200 0.058766
-1.904200 0.058706
-1.905000 0.058642
-1.905900 0.058573
-1.907600 0.058498
-1.908300 0.058418
-1.909100 0.058333
-1.910000 0.058243
-1.915500 0.058148
-1.920600 0.058048
-1.925900 0.057943
-1.930800 0.057833
-1.935400 0.057719
-1.940400 0.057600
-1.945100 0.057476
-1.949500 0.057349
-1.953600 0.057217
-1.957800 0.057081
-1.966500 0.056942
-1.970600 0.056800
-1.974700 0.056654
-1.978600 0.056505
-1.982400 0.056354
-1.986200 0.056200
-1.989900 0.056044
-1.993600 0.055886
-1.997400 0.055726
-2.001000 0.055565
-2.004600 0.055403
-2.011400 0.055239
-2.014800 0.055075
-2.018000 0.054911
-2.021400 0.054746
-2.024500 0.054581
-2.027900 0.054417
-2.031100 0.054252
-2.034300 0.054089
-2.037400 0.053926
-2.040400 0.053764
-2.043400 0.053604
-2.046400 0.053444
-2.049500 0.053286
-2.052400 0.053130
-2.055300 0.052975
-2.058100 0.052823
-2.063800 0.052672
-2.066700 0.052523
-2.069700 0.052376
-2.072400 0.052232
-2.075200 0.052089
-2.080700 0.051949
-2.083300 0.051811
-2.086000 0.051676
-2.088700 0.051543
-2.091400 0.051412
-2.094100 0.051283
-2.096500 0.051157
-2.099000 0.051033
-2.101800 0.050911
-2.104300 0.050791
-2.106900 0.050674
-2.109500 0.050559
-2.114500 0.050445
-2.117100 0.050334
-2.119600 0.050224
-2.122100 0.050116
-2.124400 0.050010
-2.126600 0.049905
-2.129100 0.049802
-2.131500 0.049701
-2.133800 0.049600
-2.136200 0.049501
-2.138700 0.049403
-2.143400 0.049306
-2.145700 0.049210
-2.148000 0.049115
-2.152600 0.049020
-2.154900 0.048926
-2.157100 0.048833
-2.159300 0.048739
-2.161600 0.048646
-2.163800 0.048554
-2.166100 0.048461
-2.168400 0.048369
-2.170700 0.048276
-2.173000 0.048183
-2.175200 0.048090
-2.177400 0.047996
-2.179700 0.047902
-2.182000 0.047808
-2.184100 0.047713
-2.186400 0.047617
-2.190700 0.047521
-2.192900 0.047424
-2.197200 0.047326
-2.199300 0.047227
-2.201500 0.047128
-2.203600 0.047027
-2.205800 0.046926
-2.207900 0.046823
-2.210100 0.046720
-2.214400 0.046615
-2.216500 0.046509
-2.218600 0.046402
-2.220800 0.046295
-2.222900 0.046186
-2.227400 0.046075
-2.229500 0.045964
-2.231600 0.045852
-2.233700 0.045739
-2.235700 0.045624
-2.237800 0.045509
-2.240100 0.045392
-2.244400 0.045275
-2.246700 0.045156
-2.248800 0.045037
-2.250900 0.044916
-2.253000 0.044795
-2.255100 0.044673
-2.257100 0.044551
-2.259100 0.044427
-2.261200 0.044303
-2.263400 0.044178
-2.267800 0.044053
-2.269900 0.043927
-2.272000 0.043801
-2.276200 0.043674
-2.278200 0.043547
-2.280300 0.043420
-2.284600 0.043293
-2.286700 0.043165
-2.288800 0.043038
-2.290900 0.042910
-2.293100 0.042783
-2.295300 0.042656
-2.299500 0.042529
-2.301600 0.042402
-2.303800 0.042276
-2.306000 0.042150
-2.308100 0.042024
-2.310400 0.041900
-2.312600 0.041776
-2.314700 0.041652
-2.316900 0.041530
-2.319100 0.041408
-2.321300 0.041287
-2.323700 0.041167
-2.325900 0.041048
-2.328100 0.040931
-2.330400 0.040814
-2.334800 0.040699
-2.336900 0.040585
-2.339200 0.040472
-2.341400 0.040361
-2.343700 0.040251
-2.345800 0.040143
-2.348100 0.040036
-2.350400 0.039930
-2.352800 0.039827
-2.355000 0.039724
-2.357300 0.039624
-2.362000 0.039525
-2.364300 0.039427
-2.366700 0.039332
-2.368800 0.039238
-2.371200 0.039145
-2.373600 0.039055
-2.376000 0.038966
-2.380600 0.038879
-2.383000 0.038793
-2.385400 0.038709
-2.387900 0.038627
-2.390300 0.038546
-2.392700 0.038467
-2.397700 0.038389
-2.400100 0.038313
-2.402600 0.038238
-2.405100 0.038165
-2.407600 0.038093
-2.410200 0.038023
-2.412800 0.037953
-2.415300 0.037885
-2.417800 0.037818
-2.420500 0.037753
-2.423300 0.037688
-2.426100 0.037624
-2.428800 0.037561
-2.431500 0.037499
-2.434200 0.037438
-2.437100 0.037378
-2.439900 0.037318
-2.442600 0.037259
-2.445400 0.037200
-2.448200 0.037141
-2.451200 0.037083
-2.454100 0.037026
-2.460400 0.036968
-2.466600 0.036910
-2.469700 0.036853
-2.472700 0.036796
-2.475900 0.036738
-2.479100 0.036681
-2.482400 0.036623
-2.485500 0.036565
-2.488800 0.036507
-2.498600 0.036448
-2.502100 0.036389
-2.505600 0.036330
-2.509200 0.036270
-2.512800 0.036209
-2.516400 0.036148
-2.520100 0.036087
-2.523700 0.036025
-2.527400 0.035962
-2.531300 0.035899
-2.535400 0.035835
-2.539200 0.035770
-2.543300 0.035704
-2.547400 0.035638
-2.551500 0.035571
-2.555600 0.035504
-2.559800 0.035436
-2.564200 0.035367
-2.568700 0.035298
-2.573200 0.035227
-2.577800 0.035157
-2.582700 0.035085
-2.587500 0.035013
-2.592500 0.034941
-2.597600 0.034868
-2.602800 0.034794
-2.608200 0.034720
-2.613500 0.034645
-2.618900 0.034570
-2.624300 0.034495
-2.630200 0.034419
-2.636100 0.034343
-2.642100 0.034267
-2.648100 0.034190
-2.654900 0.034113
-2.668500 0.034035
-2.675100 0.033958
-2.682100 0.033880
-2.697100 0.033802
-2.705400 0.033724
-2.713200 0.033646
-2.721200 0.033567
-2.729500 0.033489
-2.739100 0.033411
-2.748700 0.033332
-2.759000 0.033254
-2.769400 0.033176
-2.779800 0.033097
-2.791500 0.033019
-2.803400 0.032941
-2.844100 0.032864
-2.858500 0.032785
-2.874800 0.032706
-2.891500 0.032627
-2.910000 0.032548
-2.929200 0.032469
-2.950700 0.032391
-2.974200 0.032313
-2.998900 0.032235
-3.028500 0.032157
-3.060100 0.032080
-3.091900 0.032002
-3.131800 0.031925
-3.175400 0.031849
-3.225900 0.031772
-3.281200 0.031696
-3.348600 0.031621
-3.433100 0.031546
-3.545300 0.031471
-3.714300 0.031397
-3.959700 0.031324
-6.074900 0.031251
-11.958000 0.031180
