4.684500 0.068958
-0.330580 0.068958
-0.556690 0.068958
-0.689450 0.068958
-0.754600 0.068958
-0.806500 0.068958
-0.869960 0.068958
-0.896970 0.068958
-0.922320 0.068958
-0.941460 0.068958
-0.956220 0.068958
-0.971050 0.068956
-0.994840 0.068936
-1.005500 0.068729
-1.015300 0.066667
-1.023700 0.064605
-1.032500 0.062918
-1.040300 0.061444
-1.047500 0.060113
-1.054100 0.058888
-1.060700 0.057746
-1.066100 0.056675
-1.071600 0.055660
-1.076100 0.054690
-1.080600 0.053760
-1.086300 0.052867
-1.090500 0.052009
-1.094600 0.051183
-1.098600 0.050389
-1.102600 0.049619
-1.106300 0.048856
-1.109600 0.048104
-1.112800 0.047367
-1.115900 0.046646
-1.119300 0.045941
-1.124800 0.045253
-1.127800 0.044583
-1.133700 0.043930
-1.136200 0.043294
-1.138600 0.042674
-1.141300 0.042072
-1.143800 0.041486
-1.146100 0.040916
-1.148200 0.040361
-1.150800 0.039823
-1.153100 0.039299
-1.155800 0.038791
-1.158100 0.038109
-1.160000 0.037458
-1.161800 0.036831
-1.164000 0.036224
-1.167800 0.035636
-1.169700 0.035064
-1.171500 0.034508
-1.173400 0.033967
-1.175600 0.033439
-1.177300 0.032924
-1.179300 0.032422
-1.181200 0.031932
-1.182800 0.031453
-1.184200 0.030985
-1.185800 0.030527
-1.187300 0.030080
-1.188800 0.029644
-1.190200 0.029217
-1.191700 0.028800
-1.193100 0.028393
-1.194500 0.027995
-1.195900 0.027606
-1.197500 0.027225
-1.198900 0.026854
-1.200300 0.026490
-1.201600 0.026135
-1.203000 0.025787
-1.204300 0.025447
-1.205600 0.025113
-1.206900 0.024787
-1.207900 0.024471
-1.209100 0.024164
-1.210300 0.023866
-1.211900 0.023576
-1.213200 0.023295
-1.214400 0.023022
-1.215600 0.022757
-1.217000 0.022499
-1.218300 0.022249
-1.219500 0.022005
-1.220800 0.021769
-1.221800 0.021539
-1.222800 0.021315
-1.224900 0.021098
-1.225900 0.020887
-1.226900 0.020681
-1.228000 0.020482
-1.228900 0.020287
-1.230000 0.020099
-1.232100 0.019915
-1.233000 0.019736
-1.233800 0.019562
-1.236700 0.019393
-1.237700 0.019229
-1.238700 0.019069
-1.239500 0.018913
-1.240400 0.018761
-1.241300 0.018613
-1.242100 0.018469
-1.243000 0.018329
-1.244000 0.018193
-1.245800 0.018059
-1.246600 0.017929
-1.247400 0.017802
-1.248100 0.017678
-1.248800 0.017557
-1.249600 0.017439
-1.250400 0.017323
-1.251100 0.017210
-1.251900 0.017099
-1.252600 0.016990
-1.253300 0.016883
-1.254000 0.016779
-1.254800 0.016676
-1.255500 0.016576
-1.256300 0.016477
-1.257100 0.016380
-1.257900 0.016285
-1.258800 0.016191
-1.259500 0.016099
-1.260300 0.016008
-1.261100 0.015919
-1.261800 0.015831
-1.262600 0.015745
-1.263300 0.015659
-1.264000 0.015575
-1.264700 0.015492
-1.265300 0.015411
-1.266000 0.015330
-1.267300 0.015251
-1.268100 0.015172
-1.268700 0.015095
-1.269300 0.015019
-1.270000 0.014944
-1.270600 0.014869
-1.271200 0.014796
-1.271800 0.014724
-1.272300 0.014652
-1.272900 0.014582
-1.273600 0.014513
-1.274200 0.014444
-1.274800 0.014377
-1.275400 0.014310
-1.276000 0.014245
-1.276500 0.014180
-1.277100 0.014116
-1.277700 0.014054
-1.278300 0.013992
-1.278900 0.013931
-1.279700 0.013872
-1.280800 0.013813
-1.281400 0.013755
-1.282700 0.013698
-1.283300 0.013642
-1.283800 0.013588
-1.284300 0.013534
-1.285000 0.013481
-1.285600 0.013429
-1.286200 0.013379
-1.286700 0.013329
-1.287300 0.013280
-1.287900 0.013233
-1.288500 0.013186
-1.289100 0.013141
-1.289700 0.013096
-1.290300 0.013053
-1.290900 0.013010
-1.291300 0.012969
-1.291900 0.012929
-1.292500 0.012889
-1.293500 0.012851
-1.294000 0.012814
-1.294700 0.012777
-1.295200 0.012742
-1.295700 0.012708
-1.296200 0.012674
-1.296800 0.012642
-1.297300 0.012610
-1.297800 0.012580
-1.298400 0.012550
-1.301700 0.012521
-1.304700 0.012494
-1.307600 0.012467
-1.310600 0.012441
-1.313200 0.012415
-1.316000 0.012391
-1.318700 0.012367
-1.321300 0.012344
-1.323800 0.012322
-1.326300 0.012301
-1.328900 0.012280
-1.331300 0.012260
-1.333500 0.012240
-1.335800 0.012221
-1.338100 0.012203
-1.340400 0.012185
-1.342600 0.012168
-1.344700 0.012152
-1.346900 0.012136
-1.349000 0.012120
-1.351100 0.012105
-1.353100 0.012090
-1.355000 0.012075
-1.356900 0.012061
-1.358900 0.012047
-1.360800 0.012034
-1.362700 0.012020
-1.364600 0.012007
-1.366500 0.011994
-1.368400 0.011982
-1.370400 0.011969
-1.372100 0.011957
-1.373800 0.011945
-1.375600 0.011932
-1.377300 0.011920
-1.379000 0.011908
-1.380700 0.011896
-1.382300 0.011884
-1.384100 0.011872
-1.385800 0.011860
-1.387400 0.011847
-1.389100 0.011835
-1.390700 0.011822
-1.392300 0.011810
-1.393900 0.011797
-1.395500 0.011784
-1.397200 0.011771
-1.398800 0.011758
-1.400300 0.011744
-1.401800 0.011731
-1.403400 0.011717
-1.406400 0.011703
-1.407900 0.011688
-1.409200 0.011674
-1.410900 0.011659
-1.412300 0.011644
-1.413800 0.011629
-1.415400 0.011613
-1.416700 0.011597
-1.418300 0.011581
-1.419900 0.011565
-1.421300 0.011548
-1.422700 0.011531
-1.424100 0.011514
-1.425600 0.011497
-1.427000 0.011479
-1.428500 0.011461
-1.429900 0.011443
-1.431300 0.011425
-1.432600 0.011406
-1.434000 0.011387
-1.435400 0.011368
-1.436800 0.011349
-1.438200 0.011330
-1.439600 0.011310
-1.441000 0.011291
-1.442400 0.011271
-1.443800 0.011251
-1.445200 0.011231
-1.446600 0.011211
-1.448000 0.011191
-1.449300 0.011170
-1.450700 0.011150
-1.452100 0.011130
-1.454700 0.011109
-1.456100 0.011089
-1.457400 0.011069
-1.458800 0.011048
-1.460000 0.011028
-1.461400 0.011008
-1.462700 0.010987
-1.465300 0.010967
-1.466700 0.010947
-1.468000 0.010928
-1.469400 0.010908
-1.470700 0.010888
-1.472000 0.010869
-1.473300 0.010850
-1.474600 0.010831
-1.475900 0.010812
-1.477200 0.010793
-1.478400 0.010775
-1.479800 0.010757
-1.482400 0.010739
-1.483700 0.010722
-1.485100 0.010705
-1.486400 0.010688
-1.487700 0.010671
-1.489100 0.010655
-1.490300 0.010639
-1.491600 0.010623
-1.492900 0.010608
-1.494300 0.010593
-1.495500 0.010579
-1.496900 0.010565
-1.498200 0.010551
-1.499500 0.010537
-1.500800 0.010524
-1.502100 0.010512
-1.503400 0.010500
-1.504700 0.010488
-1.506100 0.010476
-1.507400 0.010465
-1.508700 0.010455
-1.510000 0.010444
-1.511300 0.010434
-1.512600 0.010425
-1.514000 0.010416
-1.516800 0.010407
-1.518100 0.010399
-1.519500 0.010391
-1.520800 0.010383
-1.522100 0.010376
-1.523400 0.010369
-1.524700 0.010362
-1.526000 0.010356
-1.527400 0.010350
-1.528800 0.010344
-1.530200 0.010339
-1.531500 0.010334
-1.532900 0.010329
-1.534300 0.010324
-1.535700 0.010320
-1.537100 0.010316
-1.538400 0.010312
-1.539700 0.010308
-1.541000 0.010305
-1.542400 0.010302
-1.543700 0.010299
-1.545100 0.010296
-1.546400 0.010293
-1.547800 0.010290
-1.549200 0.010288
-1.550600 0.010285
-1.552000 0.010283
-1.553300 0.010280
-1.554800 0.010278
-1.556200 0.010276
-1.561900 0.010274
-1.563300 0.010271
-1.564700 0.010269
-1.566100 0.010267
-1.567500 0.010265
-1.569000 0.010262
-1.570400 0.010260
-1.571900 0.010257
-1.573500 0.010255
-1.574900 0.010252
-1.576400 0.010249
-1.579400 0.010246
-1.580900 0.010243
-1.582400 0.010240
-1.584000 0.010236
-1.585200 0.010232
-1.586800 0.010229
-1.588200 0.010225
-1.589700 0.010220
-1.591300 0.010216
-1.592900 0.010211
-1.594400 0.010206
-1.595900 0.010201
-1.597600 0.010195
-1.599300 0.010190
-1.600900 0.010184
-1.602500 0.010177
-1.604200 0.010171
-1.605900 0.010164
-1.607600 0.010157
-1.609300 0.010149
-1.611100 0.010141
-1.612800 0.010133
-1.614500 0.010125
-1.616300 0.010116
-1.618200 0.010107
-1.620000 0.010098
-1.621800 0.010088
-1.623700 0.010078
-1.625300 0.010068
-1.627200 0.010057
-1.629100 0.010046
-1.631100 0.010035
-1.632900 0.010023
-1.634800 0.010011
-1.636900 0.009999
-1.638800 0.009987
-1.640800 0.009974
-1.642700 0.009961
-1.644700 0.009947
-1.649000 0.009934
-1.651000 0.009920
-1.653000 0.009906
-1.655300 0.009891
-1.657600 0.009876
-1.659000 0.009861
-1.663100 0.009846
-1.665200 0.009830
-1.667400 0.009814
-1.672200 0.009798
-1.674500 0.009782
-1.677000 0.009765
-1.679400 0.009749
-1.681900 0.009732
-1.684500 0.009714
-1.687100 0.009697
-1.689700 0.009679
-1.692300 0.009662
-1.695000 0.009644
-1.697800 0.009625
-1.700600 0.009607
-1.703300 0.009589
-1.706200 0.009570
-1.709100 0.009551
-1.711900 0.009532
-1.714800 0.009513
-1.717700 0.009494
-1.720800 0.009474
-1.723900 0.009455
-1.727300 0.009435
-1.730300 0.009415
-1.733700 0.009396
-1.740700 0.009376
-1.744100 0.009356
-1.751000 0.009335
-1.754800 0.009315
-1.758500 0.009295
-1.762300 0.009275
-1.766200 0.009254
-1.770100 0.009234
-1.774100 0.009214
-1.778600 0.009193
-1.783100 0.009173
-1.787500 0.009152
-1.792200 0.009132
-1.797400 0.009111
-1.802300 0.009090
-1.807500 0.009070
-1.818600 0.009049
-1.824100 0.009028
-1.830300 0.009007
-1.835500 0.008986
-1.842200 0.008965
-1.849200 0.008944
-1.856400 0.008922
-1.863800 0.008901
-1.871800 0.008880
-1.880300 0.008859
-1.889300 0.008838
-1.898300 0.008817
-1.908700 0.008796
-1.932600 0.008775
-1.945900 0.008754
-1.960900 0.008733
-1.977300 0.008712
-1.996600 0.008691
-2.018300 0.008670
-2.076600 0.008650
-2.118200 0.008629
-2.166800 0.008609
-2.225900 0.008589
-2.316500 0.008569
-2.463100 0.008549
-2.795000 0.008530
-5.528000 0.008511
