77.314000 0.654924
5.404800 0.654924
2.995100 0.654924
1.648100 0.654924
0.805710 0.654924
0.293260 0.654924
-0.049693 0.654924
-0.255200 0.654924
-0.391000 0.654924
-0.391000 0.654924
-0.529550 0.654924
-0.640090 0.654924
-0.767470 0.654924
-0.877510 0.654924
-0.995430 0.654924
-1.196500 0.654924
-1.284200 0.654924
-1.341200 0.654924
-1.394600 0.654924
-1.397000 0.654924
-1.448000 0.654924
-1.503900 0.654924
-1.546600 0.654924
-1.593600 0.654924
-1.636800 0.654924
-1.676000 0.654924
-1.707300 0.654924
-1.742500 0.654924
-1.778500 0.654924
-1.811100 0.654924
-1.872000 0.654924
-1.894500 0.654924
-1.923000 0.654924
-1.945100 0.654924
-1.966500 0.654924
-1.985400 0.654924
-2.005700 0.654924
-2.013200 0.654924
-2.028200 0.654924
-2.045400 0.654924
-2.064600 0.654924
-2.082200 0.654924
-2.098100 0.654924
-2.114200 0.654924
-2.145000 0.654924
-2.160400 0.654924
-2.173100 0.654924
-2.202200 0.654924
-2.216400 0.654924
-2.241800 0.654924
-2.251400 0.654924
-2.264500 0.654924
-2.277400 0.654924
-2.290100 0.654924
-2.300800 0.654924
-2.313100 0.654924
-2.326100 0.654924
-2.336900 0.654924
-2.347200 0.654924
-2.359400 0.654924
-2.370600 0.654924
-2.380200 0.654924
-2.389200 0.654924
-2.399300 0.654924
-2.408500 0.654924
-2.417300 0.654924
-2.427100 0.654924
-2.435200 0.654924
-2.444400 0.654924
-2.452100 0.654924
-2.460500 0.654924
-2.476600 0.654924
-2.483800 0.654924
-2.491500 0.654924
-2.499100 0.654924
-2.507400 0.654924
-2.515000 0.654924
-2.521900 0.654924
-2.529800 0.654924
-2.537600 0.654924
-2.544600 0.654924
-2.551400 0.654924
-2.558700 0.654924
-2.565300 0.654924
-2.571700 0.654924
-2.577800 0.654924
-2.585500 0.654924
-2.598000 0.654924
-2.603800 0.654924
-2.610200 0.654924
-2.615400 0.654924
-2.621000 0.654922
-2.627100 0.654901
-2.632800 0.654695
-2.639100 0.652630
-2.648500 0.650565
-2.653800 0.649056
-2.659300 0.647906
-2.664400 0.646969
-2.669700 0.646158
-2.675000 0.645439
-2.679900 0.644783
-2.684900 0.644140
-2.690000 0.643516
-2.694700 0.642917
-2.699700 0.642343
-2.704700 0.641790
-2.709500 0.641254
-2.713800 0.640730
-2.718800 0.640221
-2.723000 0.639724
-2.728000 0.639242
-2.733000 0.638616
-2.737400 0.638045
-2.742100 0.637515
-2.747700 0.637015
-2.751800 0.636537
-2.756700 0.636077
-2.760900 0.635631
-2.764800 0.635199
-2.769400 0.634781
-2.773500 0.634375
-2.777100 0.633981
-2.781300 0.633600
-2.785900 0.633231
-2.789700 0.632876
-2.794000 0.632534
-2.797700 0.632211
-2.801500 0.631907
-2.805500 0.631622
-2.809300 0.631353
-2.812700 0.631101
-2.816500 0.630866
-2.820100 0.630647
-2.824200 0.630446
-2.827900 0.630260
-2.831800 0.630091
-2.835500 0.629938
-2.839300 0.629801
-2.843800 0.629679
-2.847200 0.629572
-2.850800 0.629478
-2.854200 0.629396
-2.857100 0.629326
-2.860500 0.629265
-2.863900 0.629214
-2.867400 0.629169
-2.871700 0.629130
-2.875400 0.629094
-2.878700 0.629060
-2.882300 0.629027
-2.885300 0.628991
-2.888600 0.628952
-2.891700 0.628906
-2.895100 0.628852
-2.897700 0.628789
-2.901400 0.628713
-2.905200 0.628622
-2.908300 0.628516
-2.911300 0.628391
-2.914400 0.628246
-2.917300 0.628079
-2.920700 0.627888
-2.926200 0.627673
-2.929700 0.627431
-2.936200 0.627161
-2.941800 0.626862
-2.945100 0.626534
-2.950600 0.626175
-2.953900 0.625785
-2.956400 0.625363
-2.959500 0.624910
-2.962400 0.624425
-2.965300 0.623908
-2.968800 0.623361
-2.971600 0.622783
-2.974600 0.622176
-2.976900 0.621540
-2.979600 0.620877
-2.982400 0.620187
-2.985500 0.619472
-2.988200 0.618735
-2.990800 0.617975
-2.993500 0.617196
-2.995900 0.616398
-2.998400 0.615584
-3.030000 0.614756
-3.044800 0.613916
-3.059600 0.613066
-3.074100 0.612207
-3.087200 0.611342
-3.100600 0.610474
-3.113700 0.609603
-3.126800 0.608732
-3.139700 0.607863
-3.151500 0.606998
-3.163200 0.606139
-3.174400 0.605287
-3.185600 0.604445
-3.196900 0.603613
-3.207300 0.602794
-3.227900 0.601989
-3.238400 0.601198
-3.248000 0.600425
-3.257700 0.599669
-3.267000 0.598932
-3.276100 0.598214
-3.285500 0.597517
-3.304200 0.596841
-3.313100 0.596188
-3.321400 0.595556
-3.329800 0.594948
-3.338000 0.594363
-3.346600 0.593801
-3.354700 0.593262
-3.363000 0.592747
-3.371000 0.592256
-3.378400 0.591787
-3.386200 0.591342
-3.393800 0.590919
-3.416000 0.590518
-3.423100 0.590138
-3.430200 0.589779
-3.437000 0.589440
-3.443900 0.589120
-3.451000 0.588817
-3.457800 0.588531
-3.464600 0.588262
-3.470900 0.588006
-3.477100 0.587764
-3.483600 0.587533
-3.490300 0.587313
-3.496700 0.587101
-3.502900 0.586896
-3.509000 0.586698
-3.515200 0.586503
-3.521300 0.586310
-3.527500 0.586118
-3.533600 0.585925
-3.539600 0.585729
-3.545500 0.585529
-3.551500 0.585322
-3.557200 0.585107
-3.562900 0.584883
-3.569100 0.584648
-3.574900 0.584400
-3.580500 0.584138
-3.586200 0.583861
-3.592000 0.583566
-3.597500 0.583254
-3.603200 0.582922
-3.608700 0.582569
-3.614100 0.582196
-3.619700 0.581799
-3.625100 0.581380
-3.630500 0.580937
-3.635800 0.580470
-3.641200 0.579978
-3.646300 0.579460
-3.651600 0.578918
-3.657100 0.578350
-3.662300 0.577756
-3.667400 0.577137
-3.672100 0.576493
-3.677800 0.575824
-3.682900 0.575131
-3.687900 0.574413
-3.693100 0.573673
-3.698400 0.572910
-3.708600 0.572124
-3.713800 0.571318
-3.718500 0.570491
-3.723300 0.569646
-3.728100 0.568781
-3.732800 0.567900
-3.737900 0.567002
-3.743000 0.566089
-3.747900 0.565161
-3.752600 0.564221
-3.757200 0.563268
-3.761800 0.562305
-3.766700 0.561332
-3.771300 0.560350
-3.776200 0.559360
-3.781000 0.558364
-3.785800 0.557362
-3.790400 0.556355
-3.795100 0.555345
-3.800000 0.554331
-3.804600 0.553315
-3.809100 0.552298
-3.814000 0.551281
-3.818700 0.550264
-3.823400 0.549247
-3.827900 0.548232
-3.832700 0.547219
-3.837100 0.546208
-3.841400 0.545200
-3.845900 0.544196
-3.850500 0.543196
-3.855000 0.542200
-3.859400 0.541208
-3.863800 0.540221
-3.868200 0.539239
-3.872600 0.538261
-3.877100 0.537289
-3.881700 0.536323
-3.886200 0.535362
-3.890700 0.534406
-3.895200 0.533456
-3.899700 0.532511
-3.904200 0.531571
-3.908800 0.530637
-3.913300 0.529708
-3.917700 0.528785
-3.922300 0.527866
-3.927000 0.526953
-3.931500 0.526044
-3.936000 0.525140
-3.944800 0.524240
-3.949500 0.523345
-3.954100 0.522453
-3.958600 0.521566
-3.963000 0.520682
-3.967500 0.519802
-3.971800 0.518926
-3.976600 0.518052
-3.981100 0.517182
-3.985500 0.516315
-3.990200 0.515450
-3.994600 0.514589
-3.999300 0.513730
-4.003900 0.512873
-4.013100 0.512019
-4.018000 0.511167
-4.022700 0.510318
-4.036800 0.509471
-4.041600 0.508627
-4.046000 0.507785
-4.050400 0.506946
-4.055100 0.506109
-4.059800 0.505275
-4.064800 0.504444
-4.069700 0.503616
-4.074600 0.502791
-4.079400 0.501969
-4.084200 0.501151
-4.093600 0.500336
-4.098600 0.499525
-4.103500 0.498717
-4.108300 0.497913
-4.113200 0.497113
-4.118400 0.496318
-4.123400 0.495526
-4.128500 0.494738
-4.133700 0.493954
-4.138600 0.493175
-4.148600 0.492399
-4.153500 0.491627
-4.158600 0.490859
-4.163800 0.490094
-4.169200 0.489333
-4.174500 0.488574
-4.179600 0.487819
-4.185000 0.487066
-4.190400 0.486315
-4.201400 0.485565
-4.207000 0.484817
-4.212500 0.484070
-4.218000 0.483323
-4.223800 0.482575
-4.229000 0.481828
-4.234700 0.481079
-4.240100 0.480328
-4.246000 0.479575
-4.257800 0.478820
-4.263400 0.478061
-4.269700 0.477299
-4.275800 0.476533
-4.282100 0.475763
-4.288000 0.474988
-4.294200 0.474207
-4.300700 0.473421
-4.307000 0.472630
-4.313700 0.471833
-4.320300 0.471029
-4.326700 0.470219
-4.333100 0.469404
-4.346900 0.468582
-4.354200 0.467753
-4.360900 0.466919
-4.368100 0.466078
-4.375100 0.465232
-4.382800 0.464380
-4.390200 0.463523
-4.397400 0.462661
-4.404600 0.461794
-4.412000 0.460922
-4.420100 0.460047
-4.428400 0.459168
-4.435800 0.458287
-4.443900 0.457402
-4.452200 0.456515
-4.461000 0.455627
-4.469700 0.454737
-4.478100 0.453846
-4.487400 0.452954
-4.496200 0.452063
-4.505600 0.451172
-4.514900 0.450281
-4.524700 0.449391
-4.534300 0.448503
-4.544300 0.447616
-4.554600 0.446731
-4.565300 0.445847
-4.576400 0.444966
-4.587200 0.444087
-4.598500 0.443210
-4.610500 0.442335
-4.622300 0.441463
-4.634900 0.440593
-4.647500 0.439725
-4.660300 0.438859
-4.673300 0.437995
-4.687600 0.437132
-4.702000 0.436271
-4.716000 0.435412
-4.746900 0.434553
-4.763400 0.433696
-4.780300 0.432839
-4.815800 0.431982
-4.852500 0.431126
-4.870800 0.430270
-4.891600 0.429413
-4.936100 0.428556
-4.959600 0.427698
-4.982400 0.426840
-5.006900 0.425980
-5.033500 0.425118
-5.060900 0.424254
-5.087500 0.423389
-5.116800 0.422522
-5.149500 0.421653
-5.218100 0.420781
-5.253500 0.419909
-5.292100 0.419034
-5.332800 0.418158
-5.376800 0.417293
-5.423300 0.416424
-5.474900 0.415551
-5.530400 0.414673
-5.652000 0.413791
-5.716600 0.412904
-5.787700 0.412014
-5.861900 0.411120
-5.943200 0.410223
-6.036900 0.409323
-6.145800 0.408420
-6.285100 0.407514
-6.445800 0.406607
-6.629300 0.405700
-6.867300 0.404798
-7.367200 0.403904
-8.651600 0.403020
