2.120100 0.308199
0.599690 0.308199
0.133250 0.308199
-0.159230 0.308199
-0.331500 0.308198
-0.467330 0.308198
-0.554150 0.308190
-0.636120 0.308117
-0.713210 0.307379
-0.780040 0.300000
-0.837810 0.292621
-0.881700 0.286813
-0.926560 0.281824
-0.965870 0.277363
-1.008400 0.273273
-1.045900 0.269471
-1.078800 0.265906
-1.104500 0.262524
-1.132400 0.259288
-1.159700 0.256180
-1.180600 0.253190
-1.201100 0.250310
-1.221700 0.247533
-1.240000 0.244855
-1.259500 0.242250
-1.278400 0.239664
-1.295000 0.237116
-1.310000 0.234613
-1.325400 0.232161
-1.340000 0.229761
-1.353400 0.227415
-1.368300 0.225124
-1.381500 0.222886
-1.393200 0.220702
-1.407100 0.218571
-1.419500 0.216492
-1.433300 0.214465
-1.443600 0.212489
-1.453100 0.210562
-1.462900 0.208684
-1.474400 0.206856
-1.484400 0.205078
-1.493600 0.202733
-1.502700 0.200496
-1.511600 0.198341
-1.522200 0.196254
-1.532400 0.194228
-1.541800 0.192256
-1.549500 0.190334
-1.557400 0.188458
-1.566000 0.186627
-1.582000 0.184837
-1.589100 0.183087
-1.596500 0.181376
-1.604000 0.179701
-1.611700 0.178061
-1.618300 0.176456
-1.625600 0.174885
-1.632400 0.173347
-1.640200 0.171843
-1.647200 0.170371
-1.654700 0.168931
-1.661700 0.167523
-1.669200 0.166144
-1.675900 0.164796
-1.681800 0.163477
-1.688100 0.162186
-1.694000 0.160923
-1.700000 0.159686
-1.705800 0.158477
-1.710600 0.157292
-1.720600 0.156133
-1.725500 0.155009
-1.730900 0.153917
-1.736200 0.152858
-1.741100 0.151829
-1.746600 0.150829
-1.751800 0.149859
-1.757400 0.148917
-1.762400 0.148003
-1.767500 0.147116
-1.772400 0.146255
-1.777000 0.145420
-1.781100 0.144610
-1.786000 0.143826
-1.790900 0.143065
-1.800300 0.142329
-1.804500 0.141616
-1.808900 0.140926
-1.813000 0.140258
-1.817900 0.139612
-1.822400 0.138988
-1.826900 0.138385
-1.831200 0.137803
-1.835100 0.137241
-1.840300 0.136699
-1.844400 0.136177
-1.847700 0.135674
-1.854800 0.135189
-1.858700 0.134723
-1.863000 0.134275
-1.866900 0.133844
-1.871000 0.133430
-1.878500 0.133032
-1.882200 0.132650
-1.885900 0.132284
-1.889500 0.131933
-1.893000 0.131596
-1.896500 0.131274
-1.899900 0.130965
-1.903500 0.130670
-1.907000 0.130387
-1.910300 0.130118
-1.913500 0.129860
-1.916900 0.129614
-1.920200 0.129380
-1.923300 0.129157
-1.926700 0.128944
-1.929700 0.128742
-1.932900 0.128549
-1.936200 0.128367
-1.939600 0.128194
-1.942100 0.128029
-1.945100 0.127874
-1.947900 0.127726
-1.951000 0.127587
-1.954100 0.127456
-1.956400 0.127331
-1.959400 0.127214
-1.962400 0.127104
-1.965400 0.127000
-1.968400 0.126902
-1.974300 0.126811
-1.977100 0.126724
-1.979400 0.126644
-1.982300 0.126568
-1.984700 0.126498
-1.987200 0.126432
-1.989400 0.126370
-1.992200 0.126313
-1.994500 0.126259
-1.997200 0.126209
-1.999800 0.126162
-2.002800 0.126119
-2.005600 0.126079
-2.008000 0.126041
-2.013100 0.126006
-2.015200 0.125974
-2.017900 0.125943
-2.020200 0.125914
-2.023300 0.125888
-2.025600 0.125862
-2.030000 0.125838
-2.032300 0.125816
-2.034700 0.125794
-2.037100 0.125773
-2.039400 0.125753
-2.041300 0.125733
-2.044000 0.125714
-2.046200 0.125695
-2.048400 0.125676
-2.050700 0.125656
-2.052800 0.125637
-2.055200 0.125617
-2.057600 0.125596
-2.060200 0.125575
-2.064600 0.125553
-2.066700 0.125530
-2.069100 0.125506
-2.071300 0.125481
-2.073400 0.125455
-2.075800 0.125427
-2.077900 0.125398
-2.080400 0.125367
-2.082200 0.125335
-2.084400 0.125300
-2.086500 0.125264
-2.091000 0.125227
-2.092900 0.125187
-2.095200 0.125145
-2.097300 0.125101
-2.099700 0.125055
-2.101700 0.125006
-2.103800 0.124956
-2.105800 0.124903
-2.107800 0.124848
-2.109800 0.124790
-2.111900 0.124731
-2.113700 0.124668
-2.115800 0.124604
-2.128100 0.124536
-2.139300 0.124467
-2.149900 0.124395
-2.160200 0.124320
-2.170500 0.124244
-2.180900 0.124164
-2.190600 0.124083
-2.199800 0.123998
-2.209100 0.123912
-2.218100 0.123823
-2.226900 0.123732
-2.235300 0.123639
-2.243500 0.123543
-2.252000 0.123445
-2.260100 0.123345
-2.268200 0.123243
-2.275700 0.123139
-2.283800 0.123033
-2.291400 0.122925
-2.298600 0.122814
-2.312800 0.122703
-2.326500 0.122589
-2.339900 0.122473
-2.352400 0.122356
-2.358800 0.122238
-2.371800 0.122118
-2.377900 0.121996
-2.383600 0.121873
-2.389500 0.121749
-2.395300 0.121623
-2.401100 0.121497
-2.406600 0.121369
-2.411800 0.121240
-2.417000 0.121110
-2.422400 0.120980
-2.428200 0.120848
-2.433500 0.120716
-2.439100 0.120583
-2.444600 0.120450
-2.450000 0.120316
-2.455000 0.120182
-2.460200 0.120047
-2.465300 0.119912
-2.470400 0.119776
-2.475500 0.119641
-2.480300 0.119505
-2.484900 0.119369
-2.490000 0.119233
-2.494900 0.119097
-2.499800 0.118962
-2.504500 0.118826
-2.509200 0.118690
-2.513900 0.118555
-2.518500 0.118420
-2.522800 0.118285
-2.527100 0.118151
-2.531700 0.118016
-2.536200 0.117883
-2.540500 0.117749
-2.544900 0.117616
-2.549400 0.117483
-2.553700 0.117351
-2.557900 0.117220
-2.562100 0.117088
-2.566200 0.116958
-2.570400 0.116827
-2.574500 0.116698
-2.578500 0.116568
-2.582700 0.116439
-2.586800 0.116311
-2.590600 0.116183
-2.594700 0.116056
-2.598700 0.115929
-2.602700 0.115802
-2.606800 0.115676
-2.610700 0.115551
-2.614600 0.115425
-2.618500 0.115300
-2.622300 0.115175
-2.626200 0.115051
-2.629900 0.114927
-2.633600 0.114803
-2.637400 0.114679
-2.641100 0.114556
-2.644700 0.114432
-2.648500 0.114309
-2.651900 0.114186
-2.655500 0.114063
-2.659200 0.113939
-2.663000 0.113816
-2.666600 0.113693
-2.670000 0.113569
-2.673300 0.113446
-2.676800 0.113322
-2.683800 0.113198
-2.687300 0.113073
-2.690600 0.112948
-2.694300 0.112823
-2.697800 0.112698
-2.701200 0.112572
-2.704600 0.112445
-2.708100 0.112318
-2.711400 0.112191
-2.714900 0.112063
-2.718200 0.111934
-2.721600 0.111805
-2.724900 0.111675
-2.728400 0.111544
-2.735000 0.111413
-2.738500 0.111280
-2.742000 0.111147
-2.745400 0.111014
-2.748800 0.110879
-2.755300 0.110743
-2.758600 0.110607
-2.761900 0.110470
-2.765200 0.110331
-2.768400 0.110192
-2.771700 0.110052
-2.775100 0.109911
-2.778400 0.109769
-2.781600 0.109626
-2.784800 0.109482
-2.788000 0.109337
-2.791200 0.109191
-2.797800 0.109044
-2.801000 0.108896
-2.804400 0.108747
-2.807700 0.108597
-2.811000 0.108446
-2.814200 0.108294
-2.817300 0.108141
-2.820500 0.107987
-2.823800 0.107832
-2.827200 0.107676
-2.830300 0.107519
-2.833500 0.107362
-2.836800 0.107203
-2.840300 0.107043
-2.843500 0.106883
-2.846600 0.106722
-2.849900 0.106559
-2.853200 0.106396
-2.856500 0.106233
-2.862900 0.106068
-2.866300 0.105902
-2.869600 0.105736
-2.872900 0.105569
-2.879600 0.105402
-2.883000 0.105233
-2.886500 0.105064
-2.889900 0.104894
-2.893400 0.104724
-2.896600 0.104553
-2.900000 0.104382
-2.903400 0.104209
-2.906800 0.104037
-2.909900 0.103863
-2.913300 0.103690
-2.916800 0.103515
-2.920300 0.103341
-2.923800 0.103166
-2.927200 0.102990
-2.930500 0.102814
-2.934000 0.102638
-2.937400 0.102461
-2.940900 0.102284
-2.944200 0.102106
-2.947600 0.101929
-2.951200 0.101751
-2.954600 0.101572
-2.958200 0.101394
-2.965300 0.101215
-2.969100 0.101036
-2.972800 0.100857
-2.976200 0.100678
-2.979700 0.100498
-2.983300 0.100319
-2.986900 0.100139
-2.990400 0.099959
-2.994200 0.099779
-2.997800 0.099599
-3.004900 0.099419
-3.008600 0.099238
-3.015900 0.099058
-3.019800 0.098878
-3.023700 0.098697
-3.027700 0.098517
-3.035400 0.098337
-3.039400 0.098156
-3.043300 0.097976
-3.047500 0.097796
-3.051400 0.097615
-3.055300 0.097435
-3.059400 0.097255
-3.063500 0.097075
-3.067600 0.096895
-3.071800 0.096715
-3.075700 0.096535
-3.080000 0.096356
-3.084200 0.096176
-3.088500 0.095997
-3.092900 0.095817
-3.097600 0.095638
-3.102200 0.095459
-3.106600 0.095280
-3.110900 0.095102
-3.115900 0.094923
-3.120600 0.094745
-3.125400 0.094567
-3.129900 0.094389
-3.134700 0.094211
-3.139500 0.094034
-3.150100 0.093857
-3.155500 0.093680
-3.160700 0.093503
-3.166000 0.093327
-3.171300 0.093151
-3.176700 0.092975
-3.182300 0.092799
-3.187900 0.092623
-3.193600 0.092448
-3.199000 0.092273
-3.204900 0.092098
-3.211200 0.091924
-3.217700 0.091750
-3.223900 0.091576
-3.230300 0.091402
-3.236800 0.091229
-3.243600 0.091056
-3.257300 0.090883
-3.272000 0.090711
-3.279200 0.090539
-3.286600 0.090367
-3.294400 0.090196
-3.302200 0.090026
-3.310400 0.089855
-3.318800 0.089686
-3.327800 0.089517
-3.336800 0.089348
-3.346000 0.089180
-3.355700 0.089013
-3.365500 0.088846
-3.375600 0.088680
-3.386500 0.088515
-3.407800 0.088351
-3.419600 0.088181
-3.431400 0.088011
-3.443300 0.087841
-3.456600 0.087672
-3.470200 0.087503
-3.484300 0.087335
-3.499500 0.087168
-3.515800 0.087001
-3.532700 0.086835
-3.550200 0.086670
-3.568400 0.086505
-3.589000 0.086341
-3.611000 0.086178
-3.633700 0.086015
-3.660700 0.085853
-3.688600 0.085691
-3.721400 0.085530
-3.757900 0.085370
-3.796900 0.085210
-3.842600 0.085051
-3.890400 0.084895
-3.949500 0.084739
-4.019800 0.084586
-4.099300 0.084434
-4.191400 0.084284
-4.313200 0.084136
-4.468700 0.083992
-4.660300 0.083852
-5.250800 0.083715
-5.676400 0.083583
-14.272000 0.083457
-19.179000 0.083333
