26.864000 0.308005
-0.554280 0.308005
-0.833060 0.308005
-0.950140 0.308005
-1.058400 0.308005
-1.119400 0.308005
-1.169800 0.307997
-1.202200 0.307925
-1.237400 0.307205
-1.267700 0.300000
-1.293000 0.292795
-1.321100 0.287084
-1.342700 0.282172
-1.362000 0.277782
-1.379400 0.273771
-1.396900 0.270052
-1.410900 0.266562
-1.427800 0.263262
-1.454000 0.260122
-1.466200 0.257125
-1.478800 0.254254
-1.490700 0.251487
-1.501300 0.248808
-1.512100 0.246209
-1.521800 0.243683
-1.532300 0.241226
-1.541900 0.238835
-1.550300 0.236507
-1.558700 0.234239
-1.567000 0.232030
-1.574200 0.229879
-1.582100 0.227783
-1.588600 0.225704
-1.595100 0.223638
-1.601900 0.221592
-1.609500 0.219570
-1.615300 0.217576
-1.628600 0.215610
-1.635100 0.213675
-1.646800 0.211771
-1.653200 0.209898
-1.658700 0.208057
-1.663800 0.206248
-1.668500 0.204470
-1.674300 0.202725
-1.679200 0.201011
-1.684100 0.199328
-1.688600 0.197677
-1.694100 0.196057
-1.698500 0.194468
-1.703600 0.192909
-1.708500 0.191380
-1.712600 0.189880
-1.716900 0.188410
-1.721300 0.186969
-1.725000 0.185558
-1.728500 0.184176
-1.732100 0.182269
-1.735900 0.180437
-1.740500 0.178663
-1.744900 0.176938
-1.748300 0.175255
-1.751900 0.173612
-1.755200 0.172005
-1.759100 0.170431
-1.763000 0.168889
-1.766500 0.167377
-1.770000 0.165893
-1.773900 0.164436
-1.777700 0.163005
-1.780900 0.161600
-1.784100 0.160219
-1.787900 0.158862
-1.787900 0.157528
-1.791000 0.156217
-1.794000 0.154928
-1.800700 0.153660
-1.803500 0.152413
-1.806700 0.151186
-1.809600 0.149980
-1.812700 0.148794
-1.815700 0.147628
-1.818700 0.146481
-1.821500 0.145355
-1.823900 0.144248
-1.826800 0.143160
-1.829800 0.142091
-1.832000 0.141040
-1.834500 0.140008
-1.837600 0.138995
-1.840400 0.137998
-1.843200 0.137020
-1.846000 0.136059
-1.848600 0.135114
-1.851100 0.134187
-1.853700 0.133275
-1.856300 0.132380
-1.859000 0.131501
-1.861200 0.130637
-1.863600 0.129789
-1.865800 0.128955
-1.868300 0.128136
-1.870800 0.127338
-1.875800 0.126560
-1.877900 0.125801
-1.882500 0.125061
-1.884600 0.124340
-1.887200 0.123636
-1.889500 0.122950
-1.891600 0.122282
-1.893800 0.121630
-1.897700 0.120995
-1.899700 0.120376
-1.901900 0.119773
-1.904100 0.119186
-1.906200 0.118614
-1.908300 0.118058
-1.912000 0.117516
-1.914000 0.116990
-1.916000 0.116478
-1.917800 0.115980
-1.919600 0.115496
-1.921100 0.115026
-1.923100 0.114569
-1.925000 0.114126
-1.926700 0.113696
-1.928600 0.113279
-1.930500 0.112874
-1.934000 0.112482
-1.935900 0.112102
-1.937800 0.111734
-1.939800 0.111378
-1.941600 0.111034
-1.943100 0.110701
-1.945000 0.110379
-1.946700 0.110068
-1.948800 0.109767
-1.950400 0.109477
-1.952300 0.109198
-1.954000 0.108929
-1.955900 0.108669
-1.957600 0.108419
-1.959400 0.108179
-1.961100 0.107948
-1.962800 0.107727
-1.964300 0.107514
-1.965900 0.107310
-1.967500 0.107114
-1.969100 0.106927
-1.970700 0.106747
-1.972600 0.106576
-1.974000 0.106411
-1.975500 0.106254
-1.977200 0.106104
-1.979000 0.105961
-1.980400 0.105824
-1.982200 0.105694
-1.983600 0.105570
-1.985100 0.105452
-1.986900 0.105340
-1.991300 0.105233
-1.992900 0.105132
-1.994500 0.105036
-1.995800 0.104944
-1.997200 0.104858
-1.998700 0.104777
-2.000200 0.104699
-2.001700 0.104627
-2.004800 0.104558
-2.006300 0.104493
-2.007700 0.104432
-2.010500 0.104374
-2.011800 0.104320
-2.013300 0.104269
-2.014500 0.104222
-2.018500 0.104177
-2.019600 0.104135
-2.021100 0.104095
-2.022600 0.104059
-2.024000 0.104024
-2.025300 0.103992
-2.026600 0.103961
-2.027900 0.103933
-2.029200 0.103906
-2.030700 0.103881
-2.032100 0.103858
-2.033400 0.103836
-2.041300 0.103815
-2.056700 0.103795
-2.071000 0.103776
-2.078200 0.103758
-2.085400 0.103741
-2.092000 0.103725
-2.098400 0.103709
-2.104500 0.103694
-2.110800 0.103679
-2.116800 0.103664
-2.122600 0.103650
-2.128200 0.103636
-2.133800 0.103621
-2.139300 0.103607
-2.144700 0.103593
-2.150100 0.103578
-2.155500 0.103563
-2.160600 0.103547
-2.165600 0.103531
-2.171100 0.103515
-2.176100 0.103498
-2.181100 0.103480
-2.185900 0.103462
-2.190600 0.103443
-2.195400 0.103423
-2.200200 0.103402
-2.204700 0.103380
-2.209300 0.103358
-2.213600 0.103334
-2.218000 0.103309
-2.222300 0.103283
-2.226800 0.103256
-2.231100 0.103228
-2.235000 0.103199
-2.239300 0.103168
-2.243400 0.103136
-2.247700 0.103103
-2.255700 0.103069
-2.259500 0.103033
-2.263300 0.102995
-2.267600 0.102957
-2.271600 0.102917
-2.275300 0.102875
-2.278900 0.102832
-2.282800 0.102788
-2.286500 0.102742
-2.290400 0.102695
-2.294100 0.102646
-2.298000 0.102596
-2.301600 0.102544
-2.305000 0.102491
-2.308700 0.102436
-2.312400 0.102380
-2.316300 0.102322
-2.319700 0.102262
-2.323100 0.102202
-2.326600 0.102139
-2.330300 0.102076
-2.333900 0.102010
-2.337300 0.101944
-2.340500 0.101875
-2.346900 0.101806
-2.350200 0.101734
-2.353500 0.101662
-2.356900 0.101588
-2.363700 0.101512
-2.370200 0.101436
-2.376500 0.101357
-2.379800 0.101278
-2.383000 0.101197
-2.386200 0.101115
-2.389200 0.101031
-2.392400 0.100946
-2.395500 0.100860
-2.398700 0.100773
-2.404700 0.100684
-2.408000 0.100594
-2.410900 0.100503
-2.414100 0.100411
-2.417200 0.100317
-2.420200 0.100223
-2.423200 0.100127
-2.426300 0.100030
-2.429300 0.099932
-2.432200 0.099833
-2.435300 0.099733
-2.438100 0.099632
-2.444000 0.099530
-2.450100 0.099427
-2.453200 0.099324
-2.456100 0.099219
-2.461900 0.099113
-2.464800 0.099007
-2.467700 0.098899
-2.470600 0.098791
-2.473500 0.098682
-2.476300 0.098573
-2.479000 0.098462
-2.481900 0.098351
-2.484600 0.098239
-2.487400 0.098127
-2.490300 0.098013
-2.493300 0.097900
-2.496200 0.097785
-2.499200 0.097670
-2.502000 0.097555
-2.507900 0.097439
-2.510800 0.097322
-2.513700 0.097205
-2.516700 0.097088
-2.519600 0.096970
-2.522500 0.096852
-2.525200 0.096733
-2.528100 0.096614
-2.533900 0.096495
-2.536800 0.096375
-2.539700 0.096255
-2.542600 0.096135
-2.545400 0.096014
-2.548400 0.095894
-2.551300 0.095773
-2.554200 0.095651
-2.557100 0.095530
-2.559900 0.095409
-2.565900 0.095287
-2.568800 0.095165
-2.571500 0.095043
-2.574500 0.094922
-2.577300 0.094800
-2.580400 0.094678
-2.583400 0.094555
-2.586400 0.094433
-2.589200 0.094311
-2.592100 0.094189
-2.595200 0.094067
-2.598200 0.093945
-2.601000 0.093824
-2.604000 0.093702
-2.607100 0.093580
-2.610200 0.093459
-2.613200 0.093337
-2.616400 0.093216
-2.619500 0.093095
-2.622300 0.092974
-2.625400 0.092853
-2.628400 0.092733
-2.631400 0.092612
-2.634600 0.092492
-2.637800 0.092372
-2.640900 0.092253
-2.644100 0.092133
-2.647000 0.092014
-2.650100 0.091895
-2.653500 0.091776
-2.656500 0.091658
-2.659900 0.091540
-2.663000 0.091422
-2.666200 0.091305
-2.669400 0.091188
-2.672600 0.091071
-2.675700 0.090955
-2.679000 0.090839
-2.682400 0.090723
-2.685700 0.090608
-2.689000 0.090493
-2.692100 0.090378
-2.695400 0.090264
-2.698600 0.090150
-2.701900 0.090036
-2.708600 0.089923
-2.712100 0.089811
-2.715700 0.089698
-2.719000 0.089587
-2.722400 0.089475
-2.725800 0.089364
-2.729300 0.089254
-2.732900 0.089143
-2.736200 0.089034
-2.740000 0.088924
-2.743600 0.088816
-2.747300 0.088707
-2.751000 0.088599
-2.754600 0.088492
-2.758400 0.088385
-2.762000 0.088278
-2.765600 0.088171
-2.773100 0.088065
-2.780500 0.087960
-2.784700 0.087855
-2.788700 0.087750
-2.792800 0.087646
-2.797100 0.087542
-2.801200 0.087438
-2.809800 0.087335
-2.814100 0.087232
-2.822900 0.087130
-2.827200 0.087028
-2.831600 0.086927
-2.840700 0.086826
-2.845300 0.086726
-2.849900 0.086625
-2.854600 0.086526
-2.859300 0.086427
-2.864200 0.086328
-2.869100 0.086229
-2.874000 0.086131
-2.879000 0.086034
-2.883900 0.085937
-2.894300 0.085840
-2.899700 0.085744
-2.905100 0.085648
-2.910500 0.085553
-2.915800 0.085458
-2.921400 0.085364
-2.927100 0.085270
-2.938500 0.085176
-2.944500 0.085083
-2.950900 0.084991
-2.957100 0.084899
-2.963100 0.084808
-2.969600 0.084717
-2.976100 0.084627
-2.982800 0.084537
-2.989700 0.084448
-2.996700 0.084361
-3.011600 0.084265
-3.019400 0.084170
-3.026700 0.084076
-3.034500 0.083983
-3.042600 0.083890
-3.051100 0.083797
-3.059400 0.083705
-3.068100 0.083614
-3.077200 0.083523
-3.086500 0.083433
-3.096100 0.083344
-3.106100 0.083254
-3.116600 0.083166
-3.126900 0.083078
-3.138100 0.082991
-3.149300 0.082904
-3.161000 0.082817
-3.173400 0.082731
-3.186000 0.082646
-3.199500 0.082561
-3.213900 0.082476
-3.229200 0.082392
-3.243900 0.082308
-3.259600 0.082225
-3.276700 0.082141
-3.294700 0.082058
-3.315100 0.081976
-3.335200 0.081895
-3.357400 0.081814
-3.380200 0.081735
-3.404300 0.081656
-3.432200 0.081577
-3.461300 0.081500
-3.494800 0.081424
-3.566700 0.081348
-3.610900 0.081274
-3.663700 0.081200
-3.717700 0.081129
-3.782300 0.081058
-3.855400 0.080989
-3.933600 0.080923
-4.029100 0.080858
-4.283000 0.080797
-4.763400 0.080739
-5.206800 0.080686
-5.797300 0.080641
-6.898000 0.080610
