1.897300 0.304552
0.289050 0.304552
0.032029 0.304552
-0.063918 0.304552
-0.146680 0.304552
-0.215130 0.304552
-0.266430 0.304552
-0.312940 0.304552
-0.357010 0.304552
-0.396560 0.304552
-0.427380 0.304552
-0.457720 0.304552
-0.477460 0.304552
-0.500990 0.304552
-0.525190 0.304552
-0.541980 0.304551
-0.560840 0.304547
-0.578110 0.304506
-0.594760 0.304096
-0.608630 0.300000
-0.623430 0.295904
-0.637370 0.292407
-0.650760 0.289229
-0.664020 0.286266
-0.676590 0.283463
-0.686510 0.280785
-0.696420 0.278213
-0.705700 0.275736
-0.716220 0.273340
-0.725170 0.271009
-0.734600 0.268738
-0.742840 0.266521
-0.750810 0.264357
-0.750810 0.262245
-0.757950 0.260183
-0.766520 0.258171
-0.773760 0.256210
-0.781570 0.254267
-0.788830 0.252341
-0.795300 0.250436
-0.801770 0.248555
-0.808090 0.246700
-0.813920 0.244873
-0.820690 0.243075
-0.825910 0.241307
-0.831310 0.239570
-0.837140 0.237863
-0.842600 0.236187
-0.846880 0.234543
-0.851940 0.232931
-0.857470 0.231350
-0.862690 0.229801
-0.867450 0.228283
-0.872140 0.226797
-0.876780 0.225343
-0.880660 0.223920
-0.885270 0.222530
-0.889540 0.220805
-0.893810 0.219128
-0.897990 0.217490
-0.902330 0.215887
-0.906720 0.214316
-0.911020 0.212775
-0.914350 0.211263
-0.921860 0.209779
-0.925060 0.208322
-0.928850 0.206891
-0.932810 0.205486
-0.937090 0.204105
-0.940600 0.202749
-0.944440 0.201417
-0.947460 0.200108
-0.950730 0.198823
-0.954390 0.197560
-0.957230 0.196319
-0.960590 0.195101
-0.963790 0.193906
-0.972790 0.192733
-0.975600 0.191582
-0.978770 0.190452
-0.981580 0.189345
-0.984180 0.188259
-0.987010 0.187194
-0.989940 0.186151
-0.992600 0.185127
-0.995280 0.184125
-0.997820 0.183142
-1.000400 0.182179
-1.003100 0.181236
-1.005900 0.180312
-1.008400 0.179407
-1.010600 0.178520
-1.012800 0.177657
-1.015300 0.176816
-1.017600 0.175998
-1.019700 0.175201
-1.022200 0.174426
-1.024700 0.173672
-1.027100 0.172939
-1.029400 0.172226
-1.031500 0.171533
-1.033300 0.170861
-1.035500 0.170208
-1.037800 0.169575
-1.039800 0.168960
-1.041900 0.168365
-1.043800 0.167788
-1.045700 0.167229
-1.049500 0.166688
-1.051500 0.166165
-1.053400 0.165659
-1.055100 0.165170
-1.057100 0.164698
-1.057100 0.164243
-1.059100 0.163803
-1.060800 0.163379
-1.063000 0.162971
-1.064800 0.162579
-1.066600 0.162201
-1.068400 0.161837
-1.068400 0.161488
-1.070000 0.161153
-1.071800 0.160832
-1.073700 0.160524
-1.075300 0.160229
-1.076900 0.159947
-1.078500 0.159678
-1.080200 0.159420
-1.081900 0.159174
-1.083500 0.158939
-1.085000 0.158715
-1.086500 0.158502
-1.090000 0.158299
-1.093200 0.158106
-1.093200 0.157922
-1.094600 0.157748
-1.096000 0.157582
-1.097400 0.157425
-1.097400 0.157276
-1.099000 0.157135
-1.103300 0.157001
-1.104600 0.156875
-1.104600 0.156755
-1.106100 0.156642
-1.107500 0.156536
-1.109100 0.156435
-1.110500 0.156339
-1.111800 0.156250
-1.113400 0.156165
-1.113400 0.156084
-1.114600 0.156009
-1.115800 0.155937
-1.117100 0.155869
-1.118400 0.155805
-1.120000 0.155744
-1.121400 0.155687
-1.122600 0.155632
-1.124000 0.155579
-1.125100 0.155529
-1.126500 0.155481
-1.127900 0.155435
-1.129200 0.155391
-1.130500 0.155348
-1.131900 0.155306
-1.131900 0.155265
-1.133000 0.155225
-1.134400 0.155186
-1.135700 0.155147
-1.137200 0.155108
-1.138500 0.155070
-1.139900 0.155031
-1.141200 0.154992
-1.142600 0.154953
-1.143700 0.154913
-1.144900 0.154873
-1.146200 0.154831
-1.147500 0.154789
-1.148700 0.154746
-1.150200 0.154701
-1.150200 0.154656
-1.151200 0.154609
-1.152400 0.154560
-1.153600 0.154510
-1.154700 0.154459
-1.155800 0.154405
-1.157000 0.154350
-1.158100 0.154293
-1.159200 0.154234
-1.160300 0.154173
-1.161500 0.154110
-1.162700 0.154045
-1.163800 0.153978
-1.164900 0.153909
-1.166000 0.153838
-1.167000 0.153764
-1.168200 0.153688
-1.170600 0.153610
-1.171500 0.153529
-1.177900 0.153447
-1.184400 0.153362
-1.190500 0.153274
-1.196600 0.153185
-1.202600 0.153093
-1.208200 0.152998
-1.213900 0.152902
-1.219000 0.152803
-1.234000 0.152702
-1.238800 0.152598
-1.243400 0.152492
-1.248200 0.152384
-1.261200 0.152274
-1.265400 0.152162
-1.269600 0.152047
-1.273800 0.151930
-1.278000 0.151811
-1.281900 0.151690
-1.286100 0.151567
-1.290000 0.151442
-1.293800 0.151314
-1.297800 0.151185
-1.302000 0.151054
-1.309600 0.150920
-1.313300 0.150785
-1.316900 0.150648
-1.320500 0.150509
-1.327500 0.150368
-1.331100 0.150226
-1.334400 0.150081
-1.337600 0.149935
-1.347700 0.149787
-1.351200 0.149638
-1.351200 0.149487
-1.354400 0.149334
-1.357700 0.149180
-1.360900 0.149024
-1.364000 0.148867
-1.367200 0.148708
-1.370300 0.148547
-1.373500 0.148386
-1.376600 0.148222
-1.379700 0.148058
-1.382900 0.147892
-1.385900 0.147724
-1.385900 0.147556
-1.388800 0.147386
-1.391900 0.147215
-1.395100 0.147042
-1.395100 0.146869
-1.397900 0.146694
-1.400900 0.146518
-1.403700 0.146341
-1.406600 0.146162
-1.409400 0.145983
-1.412100 0.145802
-1.417700 0.145621
-1.420600 0.145438
-1.423200 0.145254
-1.426100 0.145069
-1.431600 0.144883
-1.434200 0.144696
-1.436900 0.144509
-1.439300 0.144320
-1.441900 0.144130
-1.444500 0.143939
-1.447000 0.143747
-1.449500 0.143555
-1.452100 0.143361
-1.454500 0.143167
-1.457000 0.142971
-1.459600 0.142775
-1.462100 0.142578
-1.462100 0.142380
-1.464500 0.142181
-1.467100 0.141981
-1.469600 0.141781
-1.472100 0.141580
-1.474700 0.141377
-1.477200 0.141174
-1.479700 0.140971
-1.482000 0.140766
-1.484700 0.140561
-1.487100 0.140355
-1.489500 0.140148
-1.492100 0.139940
-1.497100 0.139732
-1.499600 0.139523
-1.501900 0.139313
-1.504300 0.139103
-1.506800 0.138892
-1.509200 0.138680
-1.511500 0.138468
-1.514000 0.138255
-1.516300 0.138041
-1.518800 0.137827
-1.521100 0.137612
-1.523500 0.137397
-1.525900 0.137181
-1.528400 0.136964
-1.530900 0.136747
-1.533300 0.136530
-1.535700 0.136312
-1.538300 0.136093
-1.543100 0.135874
-1.545300 0.135654
-1.547700 0.135434
-1.550100 0.135214
-1.552500 0.134993
-1.555000 0.134772
-1.557500 0.134550
-1.559800 0.134328
-1.562400 0.134106
-1.564800 0.133883
-1.567200 0.133660
-1.569700 0.133437
-1.574400 0.133213
-1.576800 0.132990
-1.579200 0.132765
-1.581600 0.132541
-1.584100 0.132317
-1.586500 0.132092
-1.593700 0.131867
-1.595900 0.131642
-1.598300 0.131417
-1.600700 0.131191
-1.603300 0.130966
-1.605700 0.130740
-1.608100 0.130515
-1.610400 0.130289
-1.612900 0.130063
-1.615500 0.129838
-1.617800 0.129612
-1.620300 0.129386
-1.622700 0.129160
-1.627600 0.128934
-1.630100 0.128709
-1.632500 0.128483
-1.635000 0.128257
-1.637300 0.128032
-1.639900 0.127806
-1.642300 0.127581
-1.644700 0.127356
-1.647400 0.127131
-1.649700 0.126906
-1.652300 0.126681
-1.657200 0.126456
-1.659700 0.126232
-1.662200 0.126007
-1.664600 0.125783
-1.667100 0.125559
-1.669600 0.125335
-1.672100 0.125112
-1.674600 0.124888
-1.677000 0.124665
-1.679600 0.124442
-1.682200 0.124219
-1.687600 0.123997
-1.690200 0.123775
-1.692900 0.123553
-1.695300 0.123331
-1.695300 0.123109
-1.697900 0.122888
-1.700400 0.122667
-1.703000 0.122446
-1.705600 0.122226
-1.705600 0.122006
-1.708300 0.121786
-1.710800 0.121566
-1.713500 0.121347
-1.716100 0.121127
-1.718900 0.120909
-1.721500 0.120690
-1.724300 0.120472
-1.727100 0.120253
-1.729700 0.120036
-1.732500 0.119818
-1.735200 0.119601
-1.744100 0.119384
-1.747000 0.119167
-1.750000 0.118950
-1.753200 0.118734
-1.756000 0.118518
-1.758800 0.118302
-1.761600 0.118086
-1.764600 0.117871
-1.767700 0.117656
-1.773900 0.117441
-1.777000 0.117226
-1.780000 0.117012
-1.783000 0.116797
-1.786300 0.116583
-1.789500 0.116369
-1.792700 0.116156
-1.796200 0.115942
-1.799500 0.115729
-1.802700 0.115516
-1.806000 0.115303
-1.809300 0.115091
-1.812900 0.114878
-1.816200 0.114666
-1.819500 0.114454
-1.822900 0.114242
-1.826200 0.114030
-1.829800 0.113819
-1.833500 0.113608
-1.837100 0.113396
-1.840700 0.113185
-1.847900 0.112975
-1.851600 0.112764
-1.855300 0.112553
-1.859200 0.112343
-1.863300 0.112133
-1.867100 0.111922
-1.871200 0.111712
-1.879600 0.111502
-1.883700 0.111293
-1.887900 0.111083
-1.892400 0.110873
-1.896900 0.110664
-1.901400 0.110455
-1.905800 0.110245
-1.910600 0.110036
-1.915500 0.109827
-1.920300 0.109619
-1.925000 0.109410
-1.930200 0.109201
-1.935100 0.108993
-1.945200 0.108784
-1.950500 0.108576
-1.955800 0.108368
-1.961300 0.108160
-1.966600 0.107952
-1.972500 0.107745
-1.978300 0.107537
-1.984500 0.107330
-1.991100 0.107123
-1.997700 0.106916
-2.004100 0.106709
-2.010900 0.106502
-2.018100 0.106296
-2.025400 0.106089
-2.033500 0.105883
-2.041500 0.105675
-2.049500 0.105468
-2.057300 0.105260
-2.065700 0.105052
-2.065700 0.104845
-2.074900 0.104638
-2.093600 0.104431
-2.103800 0.104224
-2.113700 0.104017
-2.124500 0.103811
-2.135700 0.103604
-2.161100 0.103398
-2.174400 0.103192
-2.189000 0.102986
-2.204300 0.102780
-2.220200 0.102574
-2.236200 0.102369
-2.254700 0.102163
-2.275900 0.101958
-2.297100 0.101753
-2.321300 0.101548
-2.348000 0.101343
-2.374400 0.101138
-2.404100 0.100934
-2.440100 0.100730
-2.469000 0.100527
-2.511500 0.100324
-2.560200 0.100122
-2.616400 0.099920
-2.678200 0.099718
-2.755900 0.099518
-2.849600 0.099318
-2.973500 0.099119
-3.149000 0.098921
-3.408000 0.098724
-4.615700 0.098527
-12.889000 0.098326
