6.769400 0.040303
3.755000 0.040303
2.816100 0.040303
2.367200 0.040303
1.682200 0.040303
1.387600 0.040303
1.198600 0.040303
1.023700 0.040303
0.866820 0.040303
0.742100 0.040303
0.640310 0.040303
0.558570 0.040303
0.482470 0.040303
0.402450 0.040303
0.343570 0.040303
0.240200 0.040303
0.191200 0.040303
0.145940 0.040303
0.123220 0.040303
0.103560 0.040303
0.067057 0.040303
0.054438 0.040303
0.037332 0.040303
0.010874 0.040303
-0.024618 0.040303
-0.034231 0.040303
-0.034231 0.040303
-0.044577 0.040303
-0.078192 0.040303
-0.105740 0.040303
-0.129660 0.040303
-0.158470 0.040303
-0.185630 0.040303
-0.211090 0.040303
-0.235110 0.040303
-0.242130 0.040303
-0.251840 0.040303
-0.266380 0.040303
-0.288800 0.040303
-0.308200 0.040303
-0.327770 0.040303
-0.345690 0.040303
-0.364020 0.040303
-0.379490 0.040303
-0.395990 0.040303
-0.411020 0.040303
-0.424930 0.040303
-0.439740 0.040303
-0.452060 0.040303
-0.464090 0.040303
-0.477640 0.040303
-0.490140 0.040303
-0.500110 0.040303
-0.511520 0.040303
-0.524760 0.040303
-0.537420 0.040303
-0.547750 0.040303
-0.557350 0.040303
-0.567090 0.040303
-0.576560 0.040303
-0.585450 0.040303
-0.595510 0.040303
-0.603840 0.040303
-0.612110 0.040303
-0.622290 0.040303
-0.629870 0.040303
-0.638740 0.040303
-0.647540 0.040303
-0.654130 0.040303
-0.660900 0.040303
-0.676900 0.040303
-0.684600 0.040303
-0.691980 0.040303
-0.698380 0.040303
-0.705080 0.040303
-0.711890 0.040303
-0.719000 0.040303
-0.725410 0.040303
-0.732600 0.040303
-0.745210 0.040303
-0.750840 0.040303
-0.756960 0.040303
-0.762560 0.040303
-0.769370 0.040303
-0.775450 0.040303
-0.781560 0.040303
-0.786660 0.040303
-0.792090 0.040303
-0.797920 0.040303
-0.802620 0.040303
-0.807320 0.040303
-0.811410 0.040303
-0.816490 0.040303
-0.821310 0.040303
-0.826820 0.040303
-0.831710 0.040303
-0.836620 0.040303
-0.840930 0.040300
-0.845350 0.040273
-0.850100 0.040000
-0.854150 0.039727
-0.858570 0.039477
-0.862740 0.039242
-0.867030 0.039018
-0.870810 0.038802
-0.874900 0.038593
-0.878820 0.038390
-0.882720 0.038192
-0.886570 0.037999
-0.894330 0.037809
-0.898550 0.037623
-0.902200 0.037441
-0.905710 0.037261
-0.908680 0.037084
-0.912140 0.036909
-0.916560 0.036736
-0.919840 0.036566
-0.923770 0.036397
-0.927260 0.036231
-0.931270 0.036066
-0.934850 0.035903
-0.938830 0.035743
-0.942700 0.035584
-0.945780 0.035427
-0.948900 0.035271
-0.952210 0.035116
-0.958830 0.034961
-0.962200 0.034807
-0.965730 0.034655
-0.971300 0.034502
-0.974260 0.034351
-0.977560 0.034201
-0.980580 0.034052
-0.983340 0.033904
-0.986720 0.033758
-0.989670 0.033612
-0.992590 0.033468
-0.995470 0.033324
-0.998620 0.033182
-1.001700 0.033042
-1.004500 0.032902
-1.007600 0.032764
-1.010400 0.032626
-1.013300 0.032490
-1.016400 0.032356
-1.022200 0.032222
-1.024900 0.032090
-1.027800 0.031959
-1.030500 0.031829
-1.033400 0.031701
-1.035600 0.031574
-1.038300 0.031448
-1.040600 0.031303
-1.043000 0.031161
-1.045400 0.031020
-1.047800 0.030880
-1.050000 0.030742
-1.052600 0.030605
-1.054900 0.030469
-1.057200 0.030335
-1.059500 0.030202
-1.061600 0.030069
-1.064000 0.029938
-1.069600 0.029808
-1.071700 0.029679
-1.073900 0.029552
-1.080500 0.029425
-1.082800 0.029299
-1.084800 0.029174
-1.087300 0.029050
-1.089600 0.028927
-1.092000 0.028805
-1.094400 0.028684
-1.096600 0.028564
-1.098600 0.028445
-1.101000 0.028327
-1.103300 0.028210
-1.105700 0.028094
-1.107700 0.027978
-1.112300 0.027864
-1.114300 0.027750
-1.116500 0.027638
-1.118600 0.027526
-1.120700 0.027415
-1.124800 0.027306
-1.126900 0.027197
-1.128800 0.027089
-1.141700 0.026982
-1.164100 0.026875
-1.175300 0.026770
-1.185800 0.026666
-1.195800 0.026562
-1.205400 0.026460
-1.214400 0.026358
-1.223400 0.026257
-1.232000 0.026157
-1.240500 0.026058
-1.248500 0.025960
-1.256600 0.025863
-1.265000 0.025766
-1.272500 0.025671
-1.280000 0.025576
-1.287600 0.025482
-1.294500 0.025390
-1.300900 0.025298
-1.307700 0.025208
-1.314500 0.025118
-1.321100 0.025029
-1.327400 0.024942
-1.333700 0.024855
-1.339800 0.024769
-1.345800 0.024685
-1.352300 0.024601
-1.358100 0.024518
-1.363900 0.024437
-1.369500 0.024356
-1.374900 0.024276
-1.386200 0.024197
-1.391600 0.024119
-1.396700 0.024042
-1.401900 0.023966
-1.407100 0.023891
-1.412200 0.023817
-1.417100 0.023744
-1.422000 0.023672
-1.426600 0.023600
-1.431300 0.023530
-1.436200 0.023460
-1.441000 0.023392
-1.449900 0.023324
-1.454400 0.023258
-1.458900 0.023192
-1.463200 0.023127
-1.467700 0.023063
-1.471800 0.023000
-1.476300 0.022938
-1.480300 0.022876
-1.484700 0.022816
-1.488800 0.022756
-1.493100 0.022697
-1.497100 0.022640
-1.500900 0.022583
-1.505000 0.022527
-1.508900 0.022471
-1.512600 0.022417
-1.516200 0.022363
-1.520200 0.022311
-1.524200 0.022259
-1.528100 0.022208
-1.531700 0.022158
-1.538800 0.022108
-1.542400 0.022060
-1.549400 0.022012
-1.552800 0.021965
-1.556200 0.021919
-1.559500 0.021873
-1.562800 0.021829
-1.566100 0.021785
-1.569500 0.021742
-1.572800 0.021700
-1.576200 0.021658
-1.579200 0.021617
-1.582500 0.021577
-1.588800 0.021538
-1.592100 0.021500
-1.595300 0.021462
-1.598600 0.021425
-1.601700 0.021388
-1.604900 0.021352
-1.608000 0.021317
-1.611200 0.021283
-1.617100 0.021250
-1.620000 0.021217
-1.623100 0.021184
-1.626000 0.021153
-1.629200 0.021122
-1.635300 0.021091
-1.638200 0.021062
-1.641300 0.021032
-1.644200 0.021004
-1.647200 0.020976
-1.650000 0.020949
-1.652900 0.020922
-1.655800 0.020896
-1.658600 0.020871
-1.661500 0.020846
-1.664500 0.020821
-1.667300 0.020798
-1.670100 0.020774
-1.673000 0.020752
-1.675900 0.020730
-1.678600 0.020708
-1.681300 0.020687
-1.684100 0.020666
-1.686800 0.020646
-1.689600 0.020627
-1.692500 0.020608
-1.695200 0.020589
-1.697800 0.020571
-1.703100 0.020554
-1.705900 0.020536
-1.708400 0.020520
-1.711000 0.020503
-1.713700 0.020488
-1.716300 0.020472
-1.718900 0.020457
-1.721700 0.020443
-1.724500 0.020429
-1.727000 0.020415
-1.729400 0.020401
-1.732000 0.020388
-1.734600 0.020376
-1.737300 0.020364
-1.742600 0.020352
-1.745100 0.020340
-1.750200 0.020329
-1.752700 0.020318
-1.757800 0.020308
-1.760200 0.020298
-1.762800 0.020288
-1.765500 0.020278
-1.768200 0.020269
-1.770800 0.020260
-1.773400 0.020252
-1.776100 0.020243
-1.778700 0.020235
-1.781300 0.020228
-1.783800 0.020220
-1.786400 0.020213
-1.789000 0.020206
-1.791700 0.020199
-1.794300 0.020193
-1.797000 0.020186
-1.799400 0.020180
-1.804300 0.020174
-1.806800 0.020169
-1.809400 0.020163
-1.811900 0.020158
-1.814500 0.020153
-1.817100 0.020148
-1.819500 0.020144
-1.822100 0.020139
-1.827300 0.020135
-1.830000 0.020131
-1.832500 0.020127
-1.835200 0.020123
-1.837800 0.020119
-1.840300 0.020115
-1.842900 0.020112
-1.845500 0.020109
-1.848100 0.020105
-1.850700 0.020102
-1.853200 0.020099
-1.855900 0.020096
-1.858600 0.020094
-1.861300 0.020091
-1.863900 0.020088
-1.866600 0.020086
-1.869400 0.020083
-1.872100 0.020081
-1.874900 0.020078
-1.877600 0.020076
-1.880400 0.020074
-1.883000 0.020072
-1.885800 0.020070
-1.888600 0.020068
-1.891600 0.020066
-1.900200 0.020064
-1.903200 0.020062
-1.909000 0.020060
-1.911900 0.020058
-1.914800 0.020057
-1.917600 0.020055
-1.920400 0.020053
-1.923300 0.020052
-1.926200 0.020050
-1.929100 0.020048
-1.932100 0.020047
-1.935300 0.020045
-1.938200 0.020043
-1.941100 0.020042
-1.944300 0.020040
-1.947400 0.020038
-1.950500 0.020036
-1.953400 0.020035
-1.956700 0.020033
-1.959800 0.020031
-1.963100 0.020029
-1.966500 0.020027
-1.969600 0.020025
-1.972900 0.020023
-1.976200 0.020021
-1.979600 0.020019
-1.983000 0.020017
-1.989600 0.020014
-2.000200 0.020012
-2.004000 0.020009
-2.007800 0.020007
-2.011300 0.020004
-2.015000 0.020001
-2.018800 0.019998
-2.022300 0.019995
-2.026200 0.019992
-2.030200 0.019988
-2.034300 0.019984
-2.038500 0.019980
-2.042300 0.019976
-2.046500 0.019971
-2.050700 0.019969
-2.058900 0.019967
-2.063200 0.019965
-2.067400 0.019963
-2.076400 0.019961
-2.080800 0.019959
-2.085400 0.019957
-2.090300 0.019955
-2.095300 0.019952
-2.100000 0.019950
-2.104900 0.019947
-2.110200 0.019944
-2.115600 0.019941
-2.121100 0.019938
-2.126600 0.019935
-2.131900 0.019931
-2.137600 0.019928
-2.143400 0.019924
-2.149100 0.019920
-2.155500 0.019916
-2.161600 0.019912
-2.167900 0.019908
-2.174400 0.019903
-2.181200 0.019899
-2.195200 0.019894
-2.202500 0.019889
-2.209800 0.019884
-2.217300 0.019879
-2.225300 0.019874
-2.242600 0.019868
-2.251600 0.019863
-2.261100 0.019856
-2.271500 0.019850
-2.281400 0.019843
-2.293200 0.019836
-2.305100 0.019828
-2.330300 0.019820
-2.376400 0.019811
-2.395400 0.019802
-2.415400 0.019792
-2.437700 0.019781
-2.461800 0.019770
-2.489400 0.019758
-2.520800 0.019744
-2.556200 0.019730
-2.603200 0.019714
-2.666800 0.019697
-2.760500 0.019677
-2.896800 0.019655
-3.149000 0.019630
-3.809000 0.019601
-10.930000 0.019565
