13.110000 0.617171
7.068400 0.617171
6.129400 0.617171
4.978100 0.617171
4.655600 0.617171
4.360400 0.617171
4.113000 0.617171
3.919800 0.617171
3.738200 0.617171
3.574100 0.617171
3.445500 0.617171
3.321400 0.617171
3.208900 0.617171
3.113600 0.617171
3.013000 0.617171
2.933400 0.617171
2.858700 0.617171
2.776100 0.617171
2.713800 0.617171
2.657500 0.617171
2.598400 0.617171
2.547300 0.617171
2.494400 0.617171
2.440100 0.617171
2.388600 0.617171
2.342800 0.617171
2.304100 0.617171
2.258200 0.617171
2.216600 0.617171
2.176900 0.617171
2.144300 0.617171
2.109000 0.617171
2.074200 0.617171
2.042500 0.617171
2.006900 0.617171
1.946400 0.617171
1.911700 0.617171
1.880100 0.617171
1.847600 0.617171
1.817400 0.617171
1.790700 0.617171
1.766000 0.617171
1.744100 0.617171
1.717300 0.617171
1.693700 0.617171
1.641500 0.617171
1.617000 0.617171
1.593900 0.617171
1.574200 0.617171
1.554600 0.617171
1.534000 0.617171
1.512900 0.617171
1.494500 0.617171
1.476600 0.617171
1.460000 0.617171
1.442300 0.617171
1.424900 0.617171
1.406200 0.617171
1.388800 0.617171
1.371700 0.617171
1.352900 0.617171
1.336600 0.617170
1.320300 0.617153
1.304600 0.616992
1.287800 0.615380
1.275600 0.613768
1.262000 0.612206
1.246100 0.610424
1.215800 0.608405
1.201200 0.606137
1.187100 0.603640
1.174100 0.601054
1.160100 0.598411
1.146600 0.595708
1.132600 0.592954
1.119600 0.590169
1.106200 0.587377
1.094000 0.584601
1.081400 0.581863
1.068900 0.579313
1.057600 0.576747
1.033900 0.574163
1.021900 0.571566
1.011400 0.568968
1.000200 0.566382
0.986870 0.563818
0.976470 0.561288
0.965730 0.558801
0.955870 0.556368
0.945250 0.554000
0.924710 0.551703
0.915040 0.549485
0.904540 0.547334
0.894900 0.545255
0.885950 0.543250
0.876340 0.541324
0.866390 0.539480
0.848480 0.537719
0.838280 0.536044
0.829190 0.534454
0.820250 0.532948
0.811520 0.531527
0.803770 0.530188
0.794830 0.528929
0.785980 0.527750
0.777490 0.526646
0.769190 0.525616
0.761720 0.524657
0.753140 0.523766
0.745970 0.522938
0.737360 0.522172
0.722960 0.521463
0.714380 0.520808
0.706850 0.520204
0.699150 0.519647
0.691590 0.519135
0.685150 0.518665
0.678310 0.518234
0.670160 0.517839
0.663450 0.517477
0.655790 0.517146
0.648800 0.516844
0.640650 0.516567
0.633480 0.516315
0.625670 0.516085
0.618960 0.515874
0.605100 0.515680
0.597840 0.515501
0.585630 0.515335
0.578610 0.515179
0.571650 0.515031
0.558560 0.514888
0.552090 0.514748
0.545160 0.514607
0.539270 0.514462
0.533380 0.514311
0.527370 0.514150
0.521450 0.513976
0.515740 0.513786
0.510220 0.513577
0.498410 0.513346
0.493310 0.513090
0.487210 0.512806
0.481260 0.512492
0.475220 0.512145
0.469360 0.511763
0.464230 0.511345
0.458830 0.510890
0.453860 0.510395
0.447720 0.509861
0.442290 0.509287
0.436520 0.508673
0.430970 0.508019
0.425660 0.507326
0.415310 0.506595
0.410180 0.505827
0.404720 0.505023
0.399560 0.504185
0.393980 0.503314
0.389430 0.502412
0.384520 0.501481
0.374390 0.500522
0.369990 0.499537
0.365380 0.498529
0.360870 0.497497
0.356020 0.496445
0.351320 0.495373
0.346620 0.494281
0.337800 0.493172
0.333430 0.492046
0.328370 0.490904
0.324000 0.489746
0.320310 0.488572
0.315890 0.487382
0.310300 0.486177
0.306030 0.484956
0.302460 0.483719
0.298220 0.482465
0.294130 0.481195
0.289580 0.479907
0.285580 0.478602
0.281400 0.477278
0.277100 0.475935
0.272580 0.474573
0.247220 0.473192
0.200220 0.471791
0.178190 0.470370
0.158410 0.468929
0.138120 0.467469
0.118470 0.465989
0.099576 0.464490
0.080381 0.462972
0.046964 0.461437
0.030820 0.459885
0.015012 0.458317
-0.000064 0.456734
-0.029422 0.455136
-0.044406 0.453526
-0.057437 0.451905
-0.070742 0.450273
-0.084201 0.448632
-0.096743 0.446983
-0.109620 0.445327
-0.121800 0.443667
-0.133400 0.442002
-0.144810 0.440334
-0.155550 0.438665
-0.166510 0.436995
-0.176210 0.435326
-0.186500 0.433659
-0.196440 0.431994
-0.206910 0.430333
-0.217070 0.428677
-0.227150 0.427026
-0.236820 0.425380
-0.246620 0.423742
-0.255500 0.422110
-0.265140 0.420486
-0.274020 0.418871
-0.282930 0.417264
-0.290870 0.415666
-0.298800 0.414077
-0.313840 0.412499
-0.321570 0.410930
-0.336430 0.409371
-0.343320 0.407823
-0.350070 0.406285
-0.357330 0.404759
-0.371160 0.403243
-0.377750 0.401739
-0.384430 0.400247
-0.391050 0.398766
-0.397490 0.397296
-0.403810 0.395839
-0.409980 0.394394
-0.415770 0.392961
-0.421850 0.391540
-0.427980 0.390132
-0.433870 0.388736
-0.439670 0.387352
-0.445220 0.385981
-0.461490 0.384622
-0.466860 0.383275
-0.472110 0.381941
-0.477420 0.380619
-0.482490 0.379309
-0.487520 0.378012
-0.492740 0.376726
-0.503210 0.375451
-0.508000 0.374188
-0.512580 0.372936
-0.517460 0.371696
-0.522130 0.370465
-0.527190 0.369245
-0.531920 0.368035
-0.536560 0.366834
-0.541200 0.365642
-0.545930 0.364458
-0.550810 0.363282
-0.555060 0.362114
-0.559570 0.360953
-0.563910 0.359799
-0.568360 0.358651
-0.572910 0.357508
-0.577180 0.356371
-0.581580 0.355239
-0.585910 0.354111
-0.590060 0.352988
-0.594180 0.351869
-0.598390 0.350753
-0.602690 0.349642
-0.606940 0.348534
-0.611210 0.347429
-0.615330 0.346329
-0.619230 0.345231
-0.623420 0.344138
-0.627320 0.343049
-0.631440 0.341964
-0.635560 0.340883
-0.639650 0.339807
-0.643590 0.338736
-0.647460 0.337671
-0.651430 0.336611
-0.659270 0.335557
-0.663330 0.334509
-0.667240 0.333468
-0.671050 0.332434
-0.674810 0.331408
-0.678500 0.330389
-0.682220 0.329378
-0.686010 0.328375
-0.689910 0.327381
-0.693450 0.326395
-0.697050 0.325417
-0.700440 0.324448
-0.704230 0.323487
-0.707920 0.322535
-0.715000 0.321591
-0.718660 0.320656
-0.722380 0.319728
-0.725920 0.318809
-0.729560 0.317897
-0.733190 0.316992
-0.736820 0.316095
-0.740270 0.315204
-0.743530 0.314320
-0.746950 0.313443
-0.750430 0.312571
-0.753940 0.311706
-0.757300 0.310846
-0.760680 0.309991
-0.764130 0.309142
-0.767430 0.308298
-0.771060 0.307459
-0.778110 0.306625
-0.781680 0.305795
-0.784950 0.304971
-0.788550 0.304151
-0.792120 0.303336
-0.795560 0.302526
-0.799470 0.301720
-0.802610 0.300920
-0.806150 0.300125
-0.809660 0.299336
-0.813050 0.298552
-0.816470 0.297774
-0.819890 0.297001
-0.823610 0.296235
-0.827120 0.295474
-0.830630 0.294720
-0.834110 0.293972
-0.837500 0.293231
-0.840910 0.292496
-0.844330 0.291768
-0.847960 0.291046
-0.851410 0.290330
-0.854830 0.289621
-0.858220 0.288919
-0.861670 0.288223
-0.865300 0.287533
-0.868620 0.286849
-0.872100 0.286171
-0.875700 0.285499
-0.879180 0.284832
-0.882970 0.284171
-0.886420 0.283515
-0.890020 0.282865
-0.893770 0.282219
-0.897490 0.281579
-0.904480 0.280943
-0.907840 0.280312
-0.911320 0.279686
-0.915010 0.279064
-0.918670 0.278447
-0.922240 0.277834
-0.925940 0.277226
-0.929390 0.276621
-0.933020 0.276021
-0.936530 0.275426
-0.940340 0.274834
-0.944090 0.274247
-0.947790 0.273664
-0.951360 0.273085
-0.955020 0.272510
-0.958740 0.271939
-0.966560 0.271372
-0.970400 0.270808
-0.974180 0.270249
-0.978180 0.269693
-0.981970 0.269140
-0.985870 0.268590
-0.989930 0.268043
-0.993930 0.267499
-0.997900 0.266957
-1.001800 0.266416
-1.005800 0.265878
-1.009900 0.265340
-1.013800 0.264803
-1.018000 0.264267
-1.022200 0.263731
-1.026400 0.263194
-1.034600 0.262656
-1.043000 0.262116
-1.047500 0.261575
-1.051900 0.261032
-1.056400 0.260487
-1.060900 0.259939
-1.065500 0.259388
-1.070000 0.258834
-1.074600 0.258277
-1.079300 0.257716
-1.084000 0.257152
-1.088800 0.256584
-1.093800 0.256013
-1.098700 0.255439
-1.103700 0.254861
-1.109400 0.254281
-1.114800 0.253697
-1.119600 0.253111
-1.125000 0.252523
-1.130200 0.251932
-1.135900 0.251340
-1.141300 0.250746
-1.147200 0.250151
-1.152700 0.249555
-1.164400 0.248959
-1.176000 0.248362
-1.182000 0.247766
-1.188200 0.247170
-1.200900 0.246575
-1.213800 0.245982
-1.220500 0.245389
-1.227200 0.244798
-1.234500 0.244209
-1.241700 0.243622
-1.248700 0.243037
-1.256600 0.242454
-1.264400 0.241874
-1.272200 0.241296
-1.279900 0.240721
-1.288300 0.240148
-1.297300 0.239578
-1.306600 0.239011
-1.316300 0.238446
-1.326000 0.237884
-1.335600 0.237324
-1.345900 0.236767
-1.356200 0.236213
-1.367000 0.235661
-1.378100 0.235112
-1.389100 0.234565
-1.401400 0.234020
-1.413600 0.233479
-1.426000 0.232939
-1.439000 0.232402
-1.453900 0.231866
-1.468900 0.231333
-1.484000 0.230802
-1.499100 0.230274
-1.515900 0.229747
-1.533800 0.229222
-1.552600 0.228700
-1.571800 0.228179
-1.591900 0.227661
-1.613500 0.227145
-1.637800 0.226631
-1.663400 0.226110
-1.691100 0.225592
-1.719600 0.225076
-1.752100 0.224563
-1.789000 0.224053
-1.829200 0.223544
-1.874000 0.223038
-1.925800 0.222534
-1.986600 0.222031
-2.051800 0.221532
-2.136000 0.221035
-2.248900 0.220542
-2.960100 0.220053
-20.474000 0.219570
