16.820000 0.512846
1.768200 0.512846
1.158600 0.512846
0.642630 0.512846
0.474610 0.512846
0.200630 0.512846
0.137150 0.512846
0.067100 0.512846
0.013602 0.512846
-0.040406 0.512846
-0.079049 0.512846
-0.122320 0.512846
-0.157680 0.512846
-0.198470 0.512846
-0.234750 0.512846
-0.262880 0.512846
-0.289670 0.512846
-0.313650 0.512846
-0.340530 0.512846
-0.364240 0.512846
-0.386160 0.512846
-0.429140 0.512846
-0.450390 0.512846
-0.469360 0.512846
-0.489720 0.512846
-0.505910 0.512846
-0.521580 0.512846
-0.538060 0.512846
-0.553200 0.512846
-0.568660 0.512846
-0.582090 0.512846
-0.597410 0.512846
-0.610490 0.512846
-0.623880 0.512846
-0.635890 0.512846
-0.648840 0.512845
-0.661130 0.512833
-0.672470 0.512718
-0.693470 0.511561
-0.703450 0.500000
-0.713000 0.488439
-0.723090 0.479885
-0.733780 0.473826
-0.742720 0.469156
-0.751040 0.465302
-0.768530 0.461626
-0.776990 0.457648
-0.784970 0.452525
-0.793120 0.447831
-0.801410 0.443567
-0.809080 0.439570
-0.816320 0.435578
-0.825140 0.431699
-0.832720 0.427859
-0.840190 0.424016
-0.847180 0.420160
-0.854130 0.416279
-0.861490 0.412372
-0.868290 0.408472
-0.874380 0.404635
-0.881140 0.400938
-0.886700 0.397476
-0.893480 0.394314
-0.900040 0.391460
-0.905750 0.388898
-0.912160 0.386593
-0.917850 0.384492
-0.923930 0.382563
-0.928970 0.380783
-0.934200 0.379110
-0.939580 0.377483
-0.945180 0.375841
-0.950070 0.374148
-0.954860 0.372387
-0.960080 0.370540
-0.965190 0.368587
-0.970020 0.366492
-0.974300 0.364217
-0.978810 0.361722
-0.982950 0.358991
-0.987150 0.356027
-0.990810 0.352853
-0.995090 0.349469
-0.999640 0.345896
-1.003500 0.342175
-1.007100 0.338381
-1.012000 0.334587
-1.015900 0.330867
-1.020100 0.327273
-1.023500 0.323837
-1.027300 0.320554
-1.030900 0.317422
-1.034400 0.314451
-1.038200 0.311652
-1.041400 0.309020
-1.044800 0.306552
-1.048200 0.304243
-1.051500 0.302076
-1.054700 0.300034
-1.058200 0.298112
-1.061500 0.296296
-1.064400 0.294552
-1.067400 0.292852
-1.070100 0.291163
-1.072700 0.289457
-1.076200 0.287719
-1.079300 0.285948
-1.082100 0.284142
-1.085500 0.282310
-1.088000 0.280478
-1.090600 0.278671
-1.093300 0.276913
-1.096000 0.275229
-1.098400 0.273634
-1.101300 0.272127
-1.103900 0.270705
-1.106600 0.269370
-1.111900 0.268110
-1.114300 0.266913
-1.116800 0.265767
-1.119300 0.264662
-1.121600 0.263585
-1.123800 0.262521
-1.125900 0.261458
-1.128300 0.260381
-1.131000 0.259276
-1.133600 0.258130
-1.135900 0.256940
-1.138400 0.255708
-1.140500 0.254433
-1.142800 0.253114
-1.144900 0.251765
-1.147100 0.250398
-1.149300 0.249027
-1.151500 0.247666
-1.153900 0.246327
-1.156000 0.245021
-1.158200 0.243757
-1.160700 0.242535
-1.162700 0.241351
-1.164600 0.240205
-1.166400 0.239086
-1.168300 0.237981
-1.170600 0.236892
-1.172900 0.235816
-1.174700 0.234745
-1.176700 0.233667
-1.178400 0.232585
-1.180600 0.231497
-1.182400 0.230406
-1.184100 0.229322
-1.186100 0.228254
-1.188200 0.227201
-1.189800 0.226162
-1.193400 0.225135
-1.195500 0.224120
-1.197100 0.223116
-1.198800 0.222123
-1.200400 0.221141
-1.201900 0.220170
-1.203700 0.219209
-1.205300 0.218260
-1.207000 0.217324
-1.208600 0.216400
-1.210300 0.215491
-1.213300 0.214595
-1.214900 0.213703
-1.216500 0.212806
-1.218100 0.211895
-1.223000 0.210960
-1.224600 0.209994
-1.226200 0.208996
-1.227800 0.207965
-1.229500 0.206903
-1.230900 0.205808
-1.232500 0.204691
-1.234000 0.203559
-1.235400 0.202422
-1.237000 0.201289
-1.238400 0.200169
-1.239800 0.199061
-1.241100 0.197966
-1.242500 0.196882
-1.244000 0.195810
-1.245300 0.194750
-1.246900 0.193701
-1.248200 0.192664
-1.249600 0.191638
-1.250900 0.190622
-1.252300 0.189617
-1.261300 0.188623
-1.269400 0.187639
-1.276700 0.186665
-1.284300 0.185702
-1.290900 0.184748
-1.297800 0.183804
-1.304600 0.182877
-1.311500 0.181973
-1.317900 0.181100
-1.324300 0.180264
-1.330400 0.179472
-1.336600 0.178723
-1.343100 0.178018
-1.348700 0.177356
-1.354700 0.176737
-1.360300 0.176153
-1.366000 0.175598
-1.371300 0.175063
-1.376700 0.174542
-1.381900 0.174028
-1.387000 0.173520
-1.392000 0.173011
-1.397100 0.172494
-1.402000 0.171963
-1.406700 0.171409
-1.411300 0.170826
-1.416300 0.170214
-1.420900 0.169574
-1.425500 0.168904
-1.429800 0.168206
-1.434100 0.167493
-1.438200 0.166784
-1.442400 0.166099
-1.446400 0.165458
-1.450400 0.164880
-1.454400 0.164371
-1.458400 0.163930
-1.462100 0.163558
-1.466200 0.163254
-1.470100 0.163011
-1.473800 0.162817
-1.477600 0.162658
-1.481300 0.162522
-1.484900 0.162396
-1.488400 0.162273
-1.495500 0.162147
-1.499000 0.162006
-1.502600 0.161837
-1.509400 0.161627
-1.516000 0.161364
-1.519200 0.161041
-1.522400 0.160659
-1.525600 0.160219
-1.528900 0.159719
-1.532100 0.159168
-1.535300 0.158577
-1.541600 0.157959
-1.544600 0.157328
-1.547700 0.156696
-1.550800 0.156068
-1.554000 0.155446
-1.557100 0.154828
-1.560200 0.154216
-1.563400 0.153608
-1.566400 0.153005
-1.569400 0.152407
-1.575200 0.151813
-1.578100 0.151225
-1.581100 0.150640
-1.584000 0.150060
-1.586700 0.149485
-1.589500 0.148914
-1.592500 0.148347
-1.595500 0.147785
-1.598300 0.147227
-1.600900 0.146673
-1.603600 0.146123
-1.606300 0.145578
-1.609000 0.145036
-1.614300 0.144499
-1.619700 0.143965
-1.622300 0.143435
-1.625000 0.142909
-1.627500 0.142387
-1.632900 0.141869
-1.635700 0.141355
-1.638300 0.140844
-1.640900 0.140337
-1.643500 0.139834
-1.646100 0.139334
-1.648800 0.138838
-1.651200 0.138345
-1.653800 0.137856
-1.656300 0.137370
-1.658800 0.136888
-1.661300 0.136409
-1.663900 0.135933
-1.666500 0.135461
-1.671500 0.134992
-1.673900 0.134526
-1.676400 0.134063
-1.678900 0.133604
-1.681300 0.133148
-1.683900 0.132694
-1.686300 0.132244
-1.688900 0.131797
-1.691400 0.131353
-1.693800 0.130912
-1.696100 0.130474
-1.698600 0.130039
-1.701100 0.129607
-1.703600 0.129177
-1.706000 0.128751
-1.708500 0.128327
-1.713300 0.127906
-1.715800 0.127488
-1.718300 0.127072
-1.720600 0.126660
-1.723000 0.126250
-1.725600 0.125842
-1.727900 0.125442
-1.730200 0.125054
-1.732500 0.124681
-1.734800 0.124330
-1.739800 0.124004
-1.742300 0.123703
-1.744600 0.123427
-1.747100 0.123176
-1.751900 0.122949
-1.754300 0.122743
-1.759000 0.122553
-1.761400 0.122373
-1.763800 0.122200
-1.766200 0.122028
-1.771000 0.121858
-1.773500 0.121686
-1.775900 0.121505
-1.778300 0.121313
-1.780900 0.121104
-1.785600 0.120874
-1.788200 0.120622
-1.790700 0.120350
-1.793100 0.120057
-1.795500 0.119743
-1.797900 0.119413
-1.800300 0.119071
-1.802800 0.118722
-1.805100 0.118371
-1.807700 0.118021
-1.810200 0.117674
-1.812800 0.117329
-1.818100 0.116986
-1.820500 0.116645
-1.823000 0.116305
-1.825600 0.115968
-1.828100 0.115633
-1.830600 0.115300
-1.833100 0.114968
-1.835500 0.114638
-1.838000 0.114311
-1.840700 0.113985
-1.843200 0.113661
-1.845800 0.113339
-1.848400 0.113018
-1.850900 0.112700
-1.853500 0.112383
-1.856300 0.112068
-1.861700 0.111755
-1.867100 0.111444
-1.869700 0.111134
-1.872400 0.110826
-1.875100 0.110520
-1.877700 0.110215
-1.880300 0.109913
-1.883100 0.109612
-1.885900 0.109312
-1.888700 0.109014
-1.891500 0.108718
-1.894400 0.108423
-1.897000 0.108130
-1.899700 0.107839
-1.902700 0.107549
-1.905600 0.107260
-1.908400 0.106973
-1.911200 0.106688
-1.914000 0.106404
-1.919800 0.106122
-1.922700 0.105841
-1.925600 0.105561
-1.928700 0.105284
-1.934700 0.105007
-1.937700 0.104732
-1.940800 0.104458
-1.943900 0.104186
-1.947100 0.103916
-1.950300 0.103646
-1.953500 0.103378
-1.956700 0.103112
-1.959900 0.102847
-1.963200 0.102583
-1.966400 0.102320
-1.969800 0.102059
-1.972800 0.101799
-1.976400 0.101541
-1.980100 0.101283
-1.983500 0.101028
-1.987100 0.100773
-1.990700 0.100520
-1.994200 0.100268
-1.997800 0.100017
-2.001800 0.099768
-2.005900 0.099519
-2.009600 0.099272
-2.013500 0.099027
-2.017400 0.098782
-2.021500 0.098539
-2.025500 0.098296
-2.033800 0.098055
-2.038200 0.097819
-2.043000 0.097591
-2.047700 0.097374
-2.052500 0.097173
-2.057200 0.096990
-2.062300 0.096826
-2.067100 0.096681
-2.072000 0.096553
-2.077300 0.096445
-2.082500 0.096351
-2.087700 0.096268
-2.098700 0.096194
-2.104200 0.096123
-2.110200 0.096053
-2.116000 0.095984
-2.122000 0.095912
-2.128100 0.095834
-2.134600 0.095746
-2.141100 0.095644
-2.147900 0.095526
-2.154800 0.095391
-2.161900 0.095239
-2.176700 0.095071
-2.184800 0.094886
-2.192800 0.094688
-2.200900 0.094480
-2.209900 0.094267
-2.219400 0.094050
-2.228600 0.093835
-2.238500 0.093621
-2.248600 0.093407
-2.259400 0.093195
-2.282700 0.092984
-2.295300 0.092773
-2.308100 0.092564
-2.322800 0.092355
-2.338100 0.092148
-2.354500 0.091941
-2.373100 0.091735
-2.438300 0.091530
-2.465700 0.091326
-2.496200 0.091123
-2.529200 0.090921
-2.567800 0.090720
-2.615900 0.090520
-2.670000 0.090320
-2.818400 0.090121
-2.915500 0.089923
-3.034600 0.089725
-3.214000 0.089527
-3.484300 0.089330
-4.095400 0.089134
-6.570000 0.088940
-9.771600 0.088746
-15.625000 0.088553
