222.020000 0.782749
2.558100 0.782749
1.835000 0.782749
1.525900 0.782749
1.259700 0.782749
1.095400 0.782749
0.826280 0.782749
0.708760 0.782749
0.593860 0.782749
0.476740 0.782749
0.418870 0.782749
0.255210 0.782749
0.069417 0.782749
-0.019084 0.782749
-0.082225 0.782749
-0.219340 0.782749
-0.268290 0.782749
-0.320600 0.782749
-0.339310 0.782749
-0.350780 0.782749
-0.408890 0.782749
-0.508800 0.782749
-0.563240 0.782749
-0.614700 0.782749
-0.652020 0.782749
-0.695720 0.782749
-0.761520 0.782749
-0.844430 0.782749
-0.865640 0.782749
-0.886910 0.782749
-0.910470 0.782749
-0.929150 0.782749
-0.941390 0.782749
-0.945720 0.782749
-0.965130 0.782749
-0.996900 0.782749
-1.012800 0.782749
-1.025700 0.782749
-1.038600 0.782749
-1.054700 0.782749
-1.068000 0.782749
-1.080000 0.782749
-1.089600 0.782749
-1.100700 0.782749
-1.121100 0.782749
-1.130500 0.782749
-1.147300 0.782749
-1.155900 0.782749
-1.172700 0.782749
-1.181700 0.782749
-1.189400 0.782749
-1.197000 0.782749
-1.204400 0.782749
-1.210600 0.782749
-1.217700 0.782749
-1.224200 0.782749
-1.230600 0.782749
-1.237300 0.782749
-1.243500 0.782749
-1.249700 0.782749
-1.255500 0.782749
-1.260500 0.782749
-1.265900 0.782749
-1.271600 0.782749
-1.276800 0.782749
-1.282000 0.782749
-1.287200 0.782749
-1.291700 0.782749
-1.296600 0.782749
-1.301300 0.782749
-1.305700 0.782749
-1.310300 0.782749
-1.314900 0.782749
-1.319700 0.782749
-1.324200 0.782749
-1.328700 0.782749
-1.332400 0.782749
-1.336600 0.782749
-1.341200 0.782749
-1.345500 0.782749
-1.349500 0.782749
-1.352900 0.782749
-1.356800 0.782749
-1.360600 0.782749
-1.364200 0.782749
-1.368000 0.782749
-1.371500 0.782749
-1.375200 0.782749
-1.378700 0.782749
-1.382100 0.782749
-1.384900 0.782749
-1.388100 0.782749
-1.391200 0.782749
-1.395000 0.782749
-1.398300 0.782749
-1.404600 0.782749
-1.407500 0.782749
-1.410400 0.782749
-1.413300 0.782749
-1.416400 0.782749
-1.419100 0.782749
-1.422100 0.782749
-1.425200 0.782749
-1.428100 0.782749
-1.430700 0.782749
-1.433200 0.782749
-1.435800 0.782749
-1.438500 0.782749
-1.441100 0.782749
-1.443700 0.782749
-1.446200 0.782749
-1.448900 0.782749
-1.451900 0.782749
-1.454700 0.782749
-1.457300 0.782749
-1.459600 0.782749
-1.462200 0.782749
-1.464800 0.782749
-1.467100 0.782749
-1.469600 0.782749
-1.472000 0.782749
-1.474500 0.782749
-1.476900 0.782749
-1.479000 0.782749
-1.481200 0.782749
-1.483700 0.782749
-1.486300 0.782749
-1.490500 0.782749
-1.495000 0.782749
-1.497400 0.782749
-1.499300 0.782749
-1.501600 0.782749
-1.503900 0.782749
-1.506000 0.782749
-1.508300 0.782749
-1.510300 0.782749
-1.512300 0.782749
-1.514300 0.782749
-1.516200 0.782749
-1.518300 0.782749
-1.520000 0.782749
-1.521900 0.782749
-1.523700 0.782749
-1.525800 0.782749
-1.527900 0.782749
-1.529600 0.782749
-1.532900 0.782749
-1.536900 0.782749
-1.538500 0.782749
-1.540400 0.782749
-1.542200 0.782749
-1.544000 0.782749
-1.545700 0.782749
-1.547400 0.782749
-1.549200 0.782749
-1.550900 0.782749
-1.552700 0.782749
-1.554500 0.782749
-1.556100 0.782749
-1.558000 0.782749
-1.559600 0.782749
-1.561200 0.782749
-1.562700 0.782749
-1.564100 0.782749
-1.565700 0.782749
-1.567500 0.782749
-1.569300 0.782749
-1.571000 0.782749
-1.572700 0.782749
-1.574200 0.782749
-1.575800 0.782749
-1.577300 0.782749
-1.579000 0.782749
-1.580400 0.782749
-1.581900 0.782749
-1.583500 0.782749
-1.585200 0.782749
-1.586800 0.782749
-1.588300 0.782749
-1.589900 0.782749
-1.591400 0.782749
-1.592800 0.782749
-1.602400 0.782749
-1.610900 0.782749
-1.618800 0.782749
-1.627100 0.782749
-1.635000 0.782749
-1.642200 0.782749
-1.649900 0.782749
-1.657200 0.782749
-1.664400 0.782749
-1.672000 0.782749
-1.678800 0.782749
-1.685600 0.782749
-1.699100 0.782749
-1.705600 0.782749
-1.711500 0.782749
-1.717600 0.782749
-1.723400 0.782749
-1.729400 0.782749
-1.735000 0.782749
-1.740900 0.782749
-1.746600 0.782749
-1.757600 0.782749
-1.763000 0.782749
-1.768300 0.782749
-1.773600 0.782749
-1.778800 0.782749
-1.783800 0.782749
-1.788700 0.782749
-1.793500 0.782749
-1.798700 0.782749
-1.808300 0.782749
-1.813200 0.782749
-1.817600 0.782749
-1.826600 0.782749
-1.831300 0.782749
-1.835900 0.782749
-1.840100 0.782749
-1.844500 0.782749
-1.848600 0.782749
-1.853000 0.782749
-1.857100 0.782749
-1.861200 0.782749
-1.865500 0.782749
-1.869600 0.782749
-1.873600 0.782749
-1.877600 0.782749
-1.881700 0.782749
-1.885700 0.782749
-1.889900 0.782749
-1.893700 0.782749
-1.897500 0.782749
-1.901400 0.782749
-1.905400 0.782749
-1.909300 0.782749
-1.913200 0.782749
-1.916900 0.782749
-1.920700 0.782749
-1.924200 0.782749
-1.928000 0.782749
-1.931700 0.782749
-1.935300 0.782749
-1.939200 0.782749
-1.942900 0.782749
-1.946500 0.782749
-1.949800 0.782749
-1.953900 0.782749
-1.957300 0.782749
-1.960900 0.782749
-1.964600 0.782749
-1.967900 0.782749
-1.974900 0.782749
-1.978200 0.782749
-1.981700 0.782749
-1.985200 0.782749
-1.988800 0.782749
-1.992500 0.782749
-1.996000 0.782749
-1.999500 0.782749
-2.002800 0.782749
-2.006400 0.782749
-2.009400 0.782749
-2.012700 0.782749
-2.016100 0.782749
-2.022700 0.782749
-2.026100 0.782749
-2.029600 0.782749
-2.032800 0.782749
-2.036300 0.782749
-2.039700 0.782749
-2.043000 0.782749
-2.049600 0.782749
-2.052900 0.782749
-2.056300 0.782749
-2.059600 0.782749
-2.063000 0.782748
-2.066300 0.782743
-2.069500 0.782688
-2.072800 0.782140
-2.076200 0.781592
-2.079400 0.781248
-2.085800 0.780995
-2.089000 0.780792
-2.092300 0.780615
-2.095600 0.780457
-2.098900 0.780311
-2.102200 0.780174
-2.105700 0.780042
-2.112500 0.779910
-2.115800 0.779782
-2.119100 0.779657
-2.122400 0.779536
-2.125900 0.779418
-2.129100 0.779303
-2.132400 0.779189
-2.135500 0.779078
-2.138900 0.778968
-2.142200 0.778861
-2.145600 0.778723
-2.152200 0.778598
-2.155400 0.778482
-2.158700 0.778370
-2.161800 0.778263
-2.165000 0.778157
-2.168300 0.778054
-2.171500 0.777953
-2.174900 0.777854
-2.181300 0.777756
-2.184400 0.777660
-2.187700 0.777565
-2.191000 0.777473
-2.194400 0.777381
-2.197800 0.777291
-2.200900 0.777203
-2.204300 0.777117
-2.207700 0.777032
-2.211100 0.776951
-2.214500 0.776872
-2.217700 0.776796
-2.221000 0.776721
-2.224300 0.776650
-2.227500 0.776580
-2.230800 0.776513
-2.234100 0.776449
-2.237400 0.776387
-2.240800 0.776328
-2.244200 0.776271
-2.247500 0.776216
-2.251000 0.776165
-2.254200 0.776116
-2.261200 0.776070
-2.264600 0.776026
-2.271400 0.775984
-2.275000 0.775945
-2.278300 0.775909
-2.281800 0.775875
-2.285400 0.775842
-2.289000 0.775812
-2.292800 0.775783
-2.296200 0.775756
-2.299800 0.775731
-2.303500 0.775707
-2.307000 0.775683
-2.310300 0.775661
-2.313900 0.775638
-2.317200 0.775616
-2.320800 0.775594
-2.324600 0.775571
-2.328300 0.775548
-2.331900 0.775523
-2.335500 0.775497
-2.339300 0.775469
-2.342900 0.775438
-2.346500 0.775405
-2.350300 0.775369
-2.354300 0.775330
-2.358200 0.775287
-2.362000 0.775239
-2.365800 0.775187
-2.369500 0.775131
-2.373300 0.775069
-2.377300 0.775001
-2.381200 0.774928
-2.385200 0.774848
-2.389100 0.774762
-2.393300 0.774669
-2.397400 0.774569
-2.401700 0.774462
-2.405600 0.774347
-2.409600 0.774225
-2.413700 0.774094
-2.417600 0.773956
-2.421600 0.773809
-2.425800 0.773654
-2.430000 0.773491
-2.434300 0.773319
-2.438600 0.773139
-2.443000 0.772950
-2.447600 0.772752
-2.451800 0.772547
-2.456100 0.772333
-2.460500 0.772110
-2.465000 0.771880
-2.469300 0.771641
-2.473500 0.771394
-2.478000 0.771139
-2.482900 0.770877
-2.487700 0.770606
-2.492300 0.770329
-2.497300 0.770044
-2.502200 0.769752
-2.506900 0.769453
-2.511700 0.769148
-2.516600 0.768836
-2.521500 0.768518
-2.526600 0.768193
-2.531500 0.767863
-2.536800 0.767527
-2.542200 0.767185
-2.547600 0.766839
-2.552800 0.766486
-2.558200 0.766129
-2.564300 0.765768
-2.570000 0.765401
-2.575500 0.765030
-2.580900 0.764655
-2.586700 0.764275
-2.592700 0.763891
-2.598600 0.763504
-2.604600 0.763113
-2.616700 0.762717
-2.622800 0.762319
-2.629400 0.761917
-2.636200 0.761511
-2.642100 0.761102
-2.648400 0.760691
-2.661800 0.760276
-2.668800 0.759858
-2.675800 0.759437
-2.683500 0.759014
-2.691500 0.758587
-2.699000 0.758159
-2.714300 0.757727
-2.721900 0.757292
-2.730300 0.756855
-2.739000 0.756415
-2.748100 0.755972
-2.757000 0.755528
-2.766400 0.755081
-2.776400 0.754633
-2.786800 0.754182
-2.797200 0.753730
-2.807300 0.753275
-2.817600 0.752819
-2.828500 0.752361
-2.839600 0.751902
-2.851900 0.751440
-2.864700 0.750976
-2.877300 0.750509
-2.891900 0.750035
-2.906200 0.749546
-2.921500 0.749082
-2.936300 0.748616
-2.951800 0.748147
-2.969300 0.747676
-2.986800 0.747202
-3.005700 0.746726
-3.026600 0.746249
-3.049600 0.745768
-3.072600 0.745285
-3.097400 0.744800
-3.124000 0.744313
-3.155000 0.743826
-3.224100 0.743335
-3.264600 0.742838
-3.372300 0.742332
-3.440400 0.741809
-3.527700 0.741249
-4.846400 0.740602
-27.502000 0.739700
