138.810000 0.901506
2.836500 0.901506
2.052700 0.901506
1.702400 0.901506
1.239300 0.901506
0.925170 0.901506
0.801850 0.901506
0.618290 0.901506
0.542140 0.901506
0.429050 0.901506
0.373930 0.901506
0.326320 0.901506
0.289700 0.901506
0.249480 0.901506
0.214450 0.901506
0.183930 0.901506
0.147550 0.901506
0.117860 0.901506
0.065033 0.901506
0.037934 0.901506
0.013733 0.901506
-0.013671 0.901506
-0.039184 0.901506
-0.063324 0.901506
-0.086334 0.901506
-0.130650 0.901506
-0.146060 0.901504
-0.163510 0.901491
-0.179780 0.901355
-0.196010 0.900000
-0.213530 0.898645
-0.228760 0.897846
-0.242460 0.897274
-0.258330 0.896819
-0.271790 0.896435
-0.287470 0.896097
-0.302670 0.895791
-0.316380 0.895507
-0.329890 0.895241
-0.342130 0.894990
-0.356470 0.894750
-0.370060 0.894522
-0.381350 0.894303
-0.393100 0.894090
-0.404970 0.893878
-0.416870 0.893670
-0.438780 0.893467
-0.450870 0.893270
-0.459230 0.893077
-0.468780 0.892890
-0.479160 0.892708
-0.489070 0.892530
-0.497590 0.892357
-0.506380 0.892189
-0.524630 0.892025
-0.531920 0.891865
-0.541200 0.891709
-0.549410 0.891557
-0.566070 0.891410
-0.573610 0.891192
-0.581510 0.890999
-0.588960 0.890820
-0.596400 0.890650
-0.605530 0.890487
-0.614170 0.890330
-0.621280 0.890177
-0.629670 0.890029
-0.636570 0.889885
-0.644040 0.889744
-0.650820 0.889606
-0.658290 0.889472
-0.665800 0.889340
-0.672390 0.889212
-0.679600 0.889086
-0.686430 0.888964
-0.694060 0.888844
-0.700840 0.888727
-0.707640 0.888614
-0.713010 0.888503
-0.719880 0.888394
-0.726590 0.888289
-0.733310 0.888186
-0.739200 0.888086
-0.745210 0.887989
-0.751070 0.887894
-0.756710 0.887801
-0.763280 0.887712
-0.768890 0.887626
-0.774720 0.887544
-0.780460 0.887465
-0.787320 0.887388
-0.793000 0.887315
-0.798340 0.887245
-0.803980 0.887177
-0.809140 0.887112
-0.813930 0.887050
-0.820340 0.886990
-0.825530 0.886933
-0.831300 0.886878
-0.836490 0.886826
-0.841710 0.886776
-0.847080 0.886729
-0.852390 0.886683
-0.857570 0.886641
-0.862430 0.886600
-0.867520 0.886561
-0.872310 0.886525
-0.877440 0.886490
-0.882380 0.886458
-0.887180 0.886427
-0.891880 0.886398
-0.896940 0.886370
-0.901180 0.886344
-0.905390 0.886320
-0.909820 0.886296
-0.914090 0.886274
-0.918820 0.886253
-0.922760 0.886233
-0.927090 0.886213
-0.931370 0.886194
-0.935240 0.886175
-0.940220 0.886157
-0.944490 0.886139
-0.948970 0.886121
-0.953640 0.886102
-0.958160 0.886084
-0.962340 0.886065
-0.966340 0.886045
-0.970700 0.886024
-0.974820 0.886002
-0.979030 0.885978
-0.983430 0.885953
-0.986970 0.885927
-0.990840 0.885898
-0.998200 0.885868
-1.002200 0.885835
-1.005600 0.885799
-1.008500 0.885760
-1.012200 0.885719
-1.019400 0.885674
-1.023000 0.885625
-1.027000 0.885573
-1.030300 0.885516
-1.034100 0.885455
-1.038100 0.885390
-1.041500 0.885320
-1.044700 0.885244
-1.051200 0.885163
-1.054800 0.885077
-1.058200 0.884985
-1.061800 0.884886
-1.065400 0.884781
-1.068500 0.884670
-1.072100 0.884551
-1.075200 0.884425
-1.078800 0.884292
-1.082000 0.884151
-1.085300 0.884002
-1.088300 0.883844
-1.091600 0.883678
-1.094600 0.883503
-1.097400 0.883320
-1.100400 0.883126
-1.103900 0.882924
-1.106700 0.882711
-1.110100 0.882489
-1.113500 0.882256
-1.116200 0.882013
-1.119400 0.881759
-1.125200 0.881494
-1.128500 0.881218
-1.131700 0.880931
-1.137400 0.880633
-1.140500 0.880322
-1.143300 0.880000
-1.146500 0.879666
-1.149500 0.879320
-1.152300 0.878961
-1.155100 0.878591
-1.157400 0.878207
-1.160100 0.877811
-1.162900 0.877402
-1.166100 0.876980
-1.168900 0.876546
-1.171800 0.876098
-1.174500 0.875637
-1.191600 0.875163
-1.208300 0.874676
-1.224000 0.874176
-1.238800 0.873662
-1.253800 0.873135
-1.267000 0.872595
-1.295000 0.872042
-1.308200 0.871476
-1.322200 0.870896
-1.335300 0.870303
-1.360600 0.869697
-1.372900 0.869078
-1.385000 0.868446
-1.396500 0.867802
-1.408700 0.867144
-1.420400 0.866474
-1.432000 0.865791
-1.443600 0.865096
-1.454800 0.864389
-1.465700 0.863669
-1.476200 0.862937
-1.497100 0.862194
-1.507100 0.861438
-1.517200 0.860671
-1.526700 0.859893
-1.536300 0.859103
-1.545900 0.858303
-1.555900 0.857491
-1.565400 0.856669
-1.574400 0.855836
-1.583100 0.854993
-1.591800 0.854139
-1.600100 0.853276
-1.608800 0.852403
-1.617500 0.851520
-1.625900 0.850628
-1.634700 0.849727
-1.643300 0.848817
-1.651900 0.847898
-1.660400 0.846970
-1.668700 0.846034
-1.677000 0.845090
-1.685000 0.844138
-1.692600 0.843178
-1.700100 0.842210
-1.708000 0.841235
-1.715500 0.840253
-1.723000 0.839263
-1.730900 0.838266
-1.738700 0.837263
-1.746300 0.836253
-1.754100 0.835236
-1.761100 0.834213
-1.768500 0.833184
-1.775500 0.832149
-1.782600 0.831108
-1.789500 0.830061
-1.796400 0.829008
-1.803500 0.827949
-1.810800 0.826886
-1.817700 0.825816
-1.824500 0.824742
-1.831100 0.823662
-1.838000 0.822577
-1.845100 0.821486
-1.852000 0.820391
-1.858600 0.819291
-1.865500 0.818186
-1.872400 0.817076
-1.885400 0.815961
-1.892300 0.814842
-1.898900 0.813717
-1.905200 0.812589
-1.912000 0.811455
-1.918400 0.810317
-1.924800 0.809174
-1.931400 0.808026
-1.937300 0.806874
-1.943600 0.805718
-1.962400 0.804556
-1.968100 0.803391
-1.974100 0.802220
-1.980500 0.801045
-1.986600 0.799866
-1.992400 0.798682
-1.998300 0.797493
-2.004200 0.796300
-2.009800 0.795103
-2.015400 0.793901
-2.022000 0.792694
-2.028000 0.791483
-2.034200 0.790267
-2.040400 0.789047
-2.046500 0.787822
-2.052500 0.786593
-2.058300 0.785359
-2.064200 0.784120
-2.070000 0.782878
-2.075700 0.781631
-2.081900 0.780379
-2.087900 0.779123
-2.099500 0.777863
-2.105000 0.776598
-2.110500 0.775329
-2.116100 0.774056
-2.121600 0.772778
-2.127200 0.771497
-2.133100 0.770211
-2.144500 0.768921
-2.156000 0.767627
-2.161700 0.766330
-2.167500 0.765028
-2.172900 0.763723
-2.178300 0.762413
-2.184000 0.761101
-2.189700 0.759784
-2.195300 0.758464
-2.200600 0.757141
-2.206300 0.755815
-2.212300 0.754485
-2.217600 0.753152
-2.223300 0.751816
-2.228800 0.750478
-2.234400 0.749136
-2.240200 0.747792
-2.257000 0.746445
-2.262800 0.745096
-2.268500 0.743744
-2.273800 0.742390
-2.279500 0.741034
-2.285300 0.739676
-2.291400 0.738316
-2.297000 0.736955
-2.302300 0.735592
-2.307700 0.734227
-2.313500 0.732861
-2.319100 0.731494
-2.330600 0.730125
-2.336600 0.728756
-2.342200 0.727385
-2.348000 0.726014
-2.353500 0.724643
-2.359200 0.723271
-2.364700 0.721898
-2.370300 0.720525
-2.375800 0.719152
-2.381900 0.717780
-2.387700 0.716407
-2.393400 0.715034
-2.399100 0.713662
-2.405100 0.712290
-2.411000 0.710918
-2.417000 0.709548
-2.422800 0.708178
-2.428800 0.706809
-2.434500 0.705440
-2.440200 0.704073
-2.446200 0.702707
-2.452000 0.701342
-2.464300 0.699979
-2.470400 0.698616
-2.476200 0.697256
-2.488300 0.695896
-2.500400 0.694539
-2.506600 0.693183
-2.512600 0.691829
-2.518900 0.690476
-2.525200 0.689126
-2.531400 0.687777
-2.538100 0.686430
-2.544400 0.685085
-2.550900 0.683743
-2.557500 0.682402
-2.564100 0.681063
-2.570300 0.679727
-2.577100 0.678393
-2.583600 0.677061
-2.590200 0.675731
-2.597000 0.674404
-2.604100 0.673079
-2.617500 0.671756
-2.624000 0.670436
-2.630800 0.669118
-2.637600 0.667802
-2.644400 0.666489
-2.651500 0.665178
-2.658100 0.663869
-2.664800 0.662563
-2.672000 0.661259
-2.679100 0.659957
-2.686600 0.658658
-2.693800 0.657362
-2.701200 0.656067
-2.708600 0.654775
-2.716100 0.653485
-2.723900 0.652198
-2.731800 0.650912
-2.739000 0.649630
-2.746800 0.648349
-2.754100 0.647070
-2.762000 0.645794
-2.778600 0.644520
-2.786600 0.643248
-2.794400 0.641978
-2.802400 0.640711
-2.810900 0.639445
-2.819300 0.638182
-2.828200 0.636920
-2.836800 0.635661
-2.845800 0.634403
-2.854700 0.633147
-2.863600 0.631894
-2.873400 0.630642
-2.883200 0.629392
-2.892600 0.628144
-2.902100 0.626898
-2.912100 0.625653
-2.921900 0.624410
-2.932000 0.623169
-2.941700 0.621930
-2.952400 0.620691
-2.963400 0.619455
-2.974800 0.618220
-2.985100 0.616986
-2.996300 0.615754
-3.007000 0.614523
-3.019100 0.613294
-3.031300 0.612066
-3.043400 0.610839
-3.056200 0.609614
-3.068800 0.608390
-3.109400 0.607168
-3.123100 0.605946
-3.137700 0.604726
-3.153000 0.603507
-3.167100 0.602289
-3.181800 0.601073
-3.198000 0.599857
-3.214500 0.598643
-3.232100 0.597430
-3.249200 0.596217
-3.266700 0.595006
-3.284800 0.593795
-3.304200 0.592585
-3.325500 0.591376
-3.346500 0.590167
-3.368500 0.588952
-3.411800 0.587739
-3.433800 0.586528
-3.458700 0.585317
-3.483600 0.584108
-3.510800 0.582901
-3.537100 0.581695
-3.566300 0.580490
-3.598300 0.579285
-3.630800 0.578082
-3.665500 0.576880
-3.701800 0.575679
-3.741100 0.574479
-3.780500 0.573279
-3.825500 0.572080
-3.871900 0.570881
-3.921900 0.569684
-3.976000 0.568488
-4.033800 0.567293
-4.095000 0.566099
-4.166100 0.564905
-4.239800 0.563712
-4.328300 0.562520
-4.421100 0.561327
-4.538400 0.560134
-4.811100 0.558938
-5.253200 0.557739
-6.150300 0.556531
-7.347800 0.555310
