122.700000 0.985308
16.538000 0.985308
7.698100 0.985308
5.494300 0.985308
4.544000 0.985308
4.099000 0.985308
3.722600 0.985308
3.086600 0.985308
2.901500 0.985308
2.758400 0.985308
2.644400 0.985308
2.546600 0.985308
2.468500 0.985308
2.392700 0.985308
2.322700 0.985308
2.223000 0.985308
2.176700 0.985308
2.139600 0.985308
2.104800 0.985308
2.080800 0.985308
2.055900 0.985308
2.030300 0.985308
2.006200 0.985308
1.985500 0.985308
1.965000 0.985308
1.943500 0.985308
1.927900 0.985308
1.895600 0.985308
1.881100 0.985308
1.866100 0.985308
1.851300 0.985308
1.837400 0.985308
1.825600 0.985308
1.814300 0.985308
1.801900 0.985308
1.790000 0.985308
1.779400 0.985308
1.768200 0.985308
1.749900 0.985308
1.740400 0.985308
1.731600 0.985308
1.721400 0.985308
1.713100 0.985308
1.704700 0.985308
1.689000 0.985308
1.680600 0.985308
1.674400 0.985308
1.667000 0.985308
1.659700 0.985308
1.653200 0.985308
1.646800 0.985308
1.640100 0.985308
1.626500 0.985308
1.620400 0.985308
1.614600 0.985308
1.608500 0.985308
1.603300 0.985308
1.597800 0.985308
1.592500 0.985308
1.587200 0.985308
1.582300 0.985308
1.577400 0.985308
1.572800 0.985308
1.567800 0.985308
1.563100 0.985308
1.558000 0.985308
1.553600 0.985308
1.549700 0.985308
1.545300 0.985308
1.540800 0.985308
1.536300 0.985308
1.532200 0.985308
1.528200 0.985308
1.524700 0.985308
1.520600 0.985308
1.516600 0.985308
1.509200 0.985308
1.505600 0.985308
1.501500 0.985308
1.497900 0.985308
1.494000 0.985308
1.490700 0.985308
1.487100 0.985308
1.484100 0.985308
1.481000 0.985308
1.478200 0.985308
1.475100 0.985308
1.472000 0.985308
1.469000 0.985308
1.466000 0.985308
1.462900 0.985308
1.459600 0.985308
1.456400 0.985308
1.453200 0.985308
1.450200 0.985308
1.443600 0.985308
1.440400 0.985308
1.437800 0.985308
1.434600 0.985308
1.426200 0.985308
1.423700 0.985308
1.421100 0.985308
1.418400 0.985308
1.416000 0.985308
1.411400 0.985308
1.408600 0.985308
1.406200 0.985308
1.403700 0.985308
1.401300 0.985308
1.398800 0.985308
1.394000 0.985308
1.391800 0.985308
1.389400 0.985308
1.387300 0.985308
1.385200 0.985308
1.383100 0.985308
1.380500 0.985308
1.378000 0.985308
1.373500 0.985308
1.371600 0.985308
1.369500 0.985308
1.367400 0.985308
1.365300 0.985308
1.363300 0.985308
1.361400 0.985308
1.359200 0.985308
1.357100 0.985308
1.355100 0.985308
1.353100 0.985308
1.351100 0.985308
1.349200 0.985308
1.347100 0.985308
1.345200 0.985308
1.343500 0.985308
1.341500 0.985308
1.339700 0.985308
1.337600 0.985308
1.335600 0.985308
1.333400 0.985308
1.331400 0.985308
1.329600 0.985308
1.327600 0.985308
1.325800 0.985308
1.323900 0.985308
1.322200 0.985308
1.320400 0.985308
1.318600 0.985308
1.316900 0.985308
1.315100 0.985308
1.313300 0.985308
1.311700 0.985308
1.310000 0.985308
1.306200 0.985308
1.304500 0.985308
1.302700 0.985308
1.301000 0.985308
1.299300 0.985308
1.297700 0.985308
1.294700 0.985308
1.293000 0.985308
1.291500 0.985308
1.289600 0.985308
1.288100 0.985308
1.286600 0.985308
1.285200 0.985308
1.283600 0.985308
1.282100 0.985308
1.280900 0.985308
1.279200 0.985308
1.277600 0.985308
1.275900 0.985308
1.274300 0.985308
1.272800 0.985308
1.271400 0.985308
1.268500 0.985308
1.265400 0.985308
1.261100 0.985308
1.259800 0.985308
1.258400 0.985308
1.257000 0.985308
1.255600 0.985308
1.254300 0.985308
1.245400 0.985308
1.237100 0.985308
1.221900 0.985308
1.214100 0.985308
1.206900 0.985308
1.199400 0.985308
1.192300 0.985308
1.185400 0.985308
1.178800 0.985308
1.172400 0.985308
1.160100 0.985308
1.148000 0.985308
1.141900 0.985308
1.136300 0.985308
1.130600 0.985308
1.125100 0.985308
1.119100 0.985308
1.113600 0.985308
1.108200 0.985308
1.102700 0.985308
1.097000 0.985308
1.091900 0.985308
1.086700 0.985308
1.081800 0.985308
1.076500 0.985308
1.071500 0.985308
1.066200 0.985308
1.061300 0.985308
1.056500 0.985308
1.051700 0.985308
1.046900 0.985308
1.042400 0.985308
1.032800 0.985308
1.028400 0.985308
1.024100 0.985308
1.019700 0.985308
1.015400 0.985308
1.011200 0.985308
1.006600 0.985308
1.002100 0.985308
0.993820 0.985308
0.981340 0.985308
0.977160 0.985308
0.973190 0.985308
0.969260 0.985308
0.965320 0.985308
0.961290 0.985308
0.957200 0.985308
0.953330 0.985308
0.949360 0.985308
0.941390 0.985308
0.937460 0.985308
0.933610 0.985308
0.929770 0.985308
0.925920 0.985308
0.921950 0.985308
0.918020 0.985308
0.914450 0.985308
0.910630 0.985308
0.907030 0.985308
0.903520 0.985308
0.899770 0.985308
0.896080 0.985308
0.892410 0.985308
0.888750 0.985308
0.884940 0.985308
0.877670 0.985308
0.874230 0.985308
0.870560 0.985308
0.866840 0.985308
0.863150 0.985308
0.859640 0.985308
0.855880 0.985308
0.852340 0.985308
0.848650 0.985308
0.845110 0.985308
0.841750 0.985308
0.838150 0.985308
0.834710 0.985308
0.831100 0.985308
0.827660 0.985308
0.823960 0.985308
0.820420 0.985308
0.816880 0.985308
0.813740 0.985308
0.810140 0.985308
0.806600 0.985308
0.803240 0.985308
0.799790 0.985308
0.796500 0.985308
0.792740 0.985308
0.789110 0.985308
0.785600 0.985308
0.778700 0.985308
0.775290 0.985308
0.768480 0.985308
0.765060 0.985308
0.761710 0.985308
0.758350 0.985308
0.754810 0.985308
0.751360 0.985308
0.748000 0.985308
0.744560 0.985308
0.733880 0.985308
0.730120 0.985308
0.726700 0.985308
0.723130 0.985308
0.719530 0.985308
0.716080 0.985308
0.712690 0.985308
0.709400 0.985308
0.705770 0.985308
0.702440 0.985308
0.698960 0.985308
0.692100 0.985308
0.688710 0.985308
0.685290 0.985308
0.681630 0.985308
0.678270 0.985308
0.674640 0.985308
0.671010 0.985308
0.667590 0.985308
0.664050 0.985308
0.657150 0.985308
0.653490 0.985308
0.649890 0.985308
0.646140 0.985308
0.642440 0.985308
0.638870 0.985308
0.635180 0.985308
0.631520 0.985308
0.627950 0.985308
0.624320 0.985308
0.620690 0.985308
0.616840 0.985308
0.613180 0.985308
0.609420 0.985308
0.605730 0.985308
0.601980 0.985308
0.598440 0.985308
0.594620 0.985308
0.590620 0.985308
0.586510 0.985308
0.579120 0.985308
0.575270 0.985308
0.571220 0.985308
0.566970 0.985308
0.563070 0.985308
0.558830 0.985308
0.554770 0.985308
0.550740 0.985308
0.546590 0.985308
0.542590 0.985308
0.538530 0.985308
0.534170 0.985308
0.530050 0.985308
0.525870 0.985308
0.521630 0.985308
0.512990 0.985308
0.509110 0.985308
0.500840 0.985308
0.496750 0.985308
0.488180 0.985308
0.483540 0.985308
0.478990 0.985308
0.474410 0.985308
0.469870 0.985308
0.465630 0.985308
0.461230 0.985308
0.456410 0.985308
0.451830 0.985308
0.447220 0.985308
0.442430 0.985308
0.437640 0.985308
0.432970 0.985308
0.428180 0.985308
0.423180 0.985308
0.413070 0.985308
0.408190 0.985308
0.403490 0.985308
0.392900 0.985308
0.387440 0.985308
0.382340 0.985308
0.376820 0.985308
0.370840 0.985308
0.364920 0.985308
0.359180 0.985308
0.353440 0.985308
0.347800 0.985308
0.341660 0.985308
0.335800 0.985308
0.323540 0.985308
0.317550 0.985308
0.311510 0.985308
0.304800 0.985307
0.298750 0.985297
0.292350 0.985198
0.285970 0.984210
0.279250 0.983222
0.272330 0.982826
0.265700 0.982470
0.258560 0.982092
0.251730 0.981669
0.244520 0.981216
0.230240 0.980766
0.223040 0.980315
0.215380 0.979939
0.207750 0.979596
0.200000 0.979268
0.192430 0.978950
0.184250 0.978656
0.176380 0.978373
0.168540 0.978099
0.160020 0.977831
0.151480 0.977569
0.143020 0.977308
0.134230 0.977050
0.125600 0.976793
0.116990 0.976539
0.107380 0.976282
0.097369 0.976022
0.087268 0.975760
0.077136 0.975496
0.067218 0.975224
0.056537 0.974949
0.045398 0.974672
0.033618 0.974396
0.022235 0.974124
0.011035 0.973865
-0.013562 0.973617
-0.026501 0.973382
-0.039716 0.973152
-0.052868 0.972921
-0.066724 0.972674
-0.080762 0.972401
-0.095502 0.972088
-0.110300 0.971720
-0.125840 0.971284
-0.141920 0.970781
-0.157540 0.970209
-0.173960 0.969573
-0.191660 0.968884
-0.209640 0.968155
-0.227090 0.967391
-0.245770 0.966598
-0.265760 0.965784
-0.286240 0.964956
-0.308030 0.964114
-0.350540 0.963261
-0.374610 0.962403
-0.398820 0.961541
-0.423470 0.960680
-0.450020 0.959826
-0.478770 0.958984
-0.510020 0.958152
-0.540270 0.957331
-0.574660 0.956518
-0.608410 0.955705
-0.647350 0.954892
-0.688520 0.954080
-0.732100 0.953263
-0.780070 0.952450
-0.831280 0.951638
-0.888900 0.950838
-0.952500 0.950063
-1.119600 0.949338
-1.230600 0.948545
-1.366900 0.947795
-1.560500 0.947104
-1.772400 0.946466
-2.089000 0.945870
-2.490700 0.945324
-11.418000 0.945050
