15.550000 0.422933
6.510000 0.422933
3.769900 0.422933
1.768400 0.422933
1.254100 0.422933
0.885140 0.422931
0.612330 0.422910
0.423130 0.422704
0.140400 0.420640
0.024207 0.400000
-0.075037 0.379360
-0.171940 0.364535
-0.261760 0.352885
-0.337610 0.343322
-0.419380 0.335087
-0.484000 0.327885
-0.539870 0.321562
-0.592830 0.316006
-0.643920 0.310978
-0.687650 0.306124
-0.730030 0.301575
-0.773170 0.297367
-0.811620 0.293499
-0.845450 0.289959
-0.921000 0.286725
-0.951850 0.283771
-0.978130 0.281079
-1.008300 0.278637
-1.033200 0.276426
-1.077700 0.272205
-1.101100 0.268566
-1.125300 0.265353
-1.147400 0.262477
-1.168800 0.259879
-1.190300 0.257521
-1.209700 0.255368
-1.226900 0.253391
-1.246400 0.251582
-1.263900 0.249927
-1.281500 0.248413
-1.296100 0.247026
-1.314500 0.245753
-1.331400 0.244580
-1.345800 0.243495
-1.360800 0.242489
-1.375200 0.241549
-1.390100 0.240667
-1.404100 0.239905
-1.417700 0.239242
-1.431200 0.238665
-1.443800 0.238161
-1.456000 0.237720
-1.466900 0.237332
-1.478400 0.236992
-1.489100 0.236691
-1.500600 0.236423
-1.510800 0.236183
-1.532000 0.235966
-1.542400 0.235766
-1.552200 0.235581
-1.562100 0.235407
-1.583100 0.235241
-1.592900 0.235078
-1.610100 0.234914
-1.618200 0.234745
-1.625700 0.234569
-1.633900 0.234383
-1.641900 0.234186
-1.649500 0.233974
-1.657900 0.233747
-1.673900 0.233504
-1.681200 0.233244
-1.689200 0.232967
-1.696900 0.232670
-1.704500 0.232356
-1.718400 0.232023
-1.731300 0.231672
-1.738400 0.231302
-1.745000 0.230915
-1.751500 0.230512
-1.757600 0.230092
-1.763700 0.229657
-1.769100 0.229208
-1.775000 0.228746
-1.780500 0.228271
-1.785800 0.227785
-1.792400 0.227288
-1.797900 0.226783
-1.809100 0.226270
-1.814400 0.225750
-1.819200 0.225224
-1.824300 0.224693
-1.829600 0.224159
-1.834500 0.223621
-1.839300 0.223082
-1.844100 0.222541
-1.848700 0.222000
-1.853500 0.221460
-1.857900 0.220920
-1.862700 0.220383
-1.866600 0.219847
-1.871000 0.219315
-1.875700 0.218786
-1.879500 0.218261
-1.883500 0.217739
-1.887500 0.217223
-1.891600 0.216710
-1.894900 0.216203
-1.898700 0.215701
-1.902400 0.215204
-1.906400 0.214711
-1.910200 0.214224
-1.914100 0.213742
-1.917900 0.213266
-1.921800 0.212793
-1.925900 0.212326
-1.929800 0.211863
-1.933500 0.211405
-1.937400 0.210950
-1.941600 0.210499
-1.945800 0.210051
-1.949200 0.209607
-1.952300 0.209165
-1.956000 0.208726
-1.959000 0.208288
-1.962400 0.207852
-1.965800 0.207417
-1.968800 0.206982
-1.972300 0.206548
-1.975200 0.206114
-1.985200 0.205678
-1.988400 0.205242
-1.991300 0.204803
-1.994100 0.204363
-1.997100 0.203920
-2.002800 0.203474
-2.005500 0.203025
-2.008200 0.202572
-2.010800 0.202115
-2.016400 0.201652
-2.019100 0.201185
-2.021700 0.200713
-2.024600 0.200234
-2.027200 0.199750
-2.029900 0.199258
-2.032200 0.198761
-2.034900 0.198256
-2.037700 0.197743
-2.040300 0.197223
-2.042500 0.196696
-2.045100 0.196160
-2.047800 0.195616
-2.050500 0.195063
-2.052900 0.194502
-2.055300 0.193933
-2.058000 0.193354
-2.060100 0.192767
-2.062500 0.192170
-2.065200 0.191565
-2.067500 0.190951
-2.069900 0.190328
-2.072800 0.189696
-2.075000 0.189055
-2.077400 0.188405
-2.080200 0.187747
-2.085000 0.187080
-2.087200 0.186405
-2.089600 0.185721
-2.092000 0.185030
-2.094300 0.184330
-2.096300 0.183623
-2.098500 0.182909
-2.102600 0.182188
-2.106500 0.181459
-2.108500 0.180725
-2.110400 0.179984
-2.112500 0.179237
-2.114500 0.178484
-2.116400 0.177727
-2.118700 0.176964
-2.120900 0.176198
-2.123000 0.175427
-2.135700 0.174652
-2.147200 0.173874
-2.158300 0.173093
-2.168900 0.172310
-2.188500 0.171525
-2.198000 0.170738
-2.208100 0.169949
-2.217500 0.169160
-2.226500 0.168371
-2.234600 0.167581
-2.243300 0.166792
-2.251500 0.166003
-2.259200 0.165215
-2.266600 0.164429
-2.274000 0.163645
-2.281400 0.162863
-2.288600 0.162083
-2.295400 0.161306
-2.302100 0.160532
-2.308400 0.159762
-2.315100 0.158995
-2.321500 0.158232
-2.327400 0.157473
-2.333500 0.156719
-2.339300 0.155969
-2.344800 0.155224
-2.350600 0.154484
-2.356100 0.153749
-2.361300 0.153019
-2.366200 0.152294
-2.371200 0.151575
-2.376100 0.150862
-2.385800 0.150154
-2.390400 0.149451
-2.395300 0.148755
-2.399900 0.148064
-2.409000 0.147379
-2.417300 0.146700
-2.421600 0.146027
-2.425900 0.145360
-2.429900 0.144698
-2.433900 0.144042
-2.437700 0.143392
-2.441500 0.142748
-2.445400 0.142109
-2.449300 0.141476
-2.453200 0.140848
-2.456800 0.140226
-2.460600 0.139610
-2.464300 0.138998
-2.467700 0.138393
-2.471400 0.137792
-2.475000 0.137197
-2.478500 0.136607
-2.482300 0.136021
-2.486000 0.135441
-2.489400 0.134866
-2.492700 0.134296
-2.496100 0.133731
-2.499400 0.133170
-2.502600 0.132614
-2.509100 0.132063
-2.512300 0.131516
-2.515600 0.130974
-2.521900 0.130437
-2.525000 0.129904
-2.528100 0.129375
-2.534200 0.128850
-2.537400 0.128330
-2.540200 0.127814
-2.543300 0.127302
-2.546300 0.126795
-2.549100 0.126291
-2.552100 0.125791
-2.555100 0.125296
-2.558100 0.124804
-2.560900 0.124316
-2.563700 0.123832
-2.566700 0.123352
-2.569700 0.122875
-2.572500 0.122402
-2.575200 0.121933
-2.578100 0.121467
-2.580900 0.121005
-2.583800 0.120547
-2.586600 0.120092
-2.589700 0.119640
-2.592500 0.119192
-2.595100 0.118747
-2.597900 0.118306
-2.600400 0.117868
-2.603000 0.117433
-2.605600 0.117001
-2.608400 0.116572
-2.611000 0.116147
-2.613600 0.115725
-2.616400 0.115305
-2.619100 0.114889
-2.624300 0.114476
-2.626800 0.114066
-2.629400 0.113659
-2.631900 0.113254
-2.634500 0.112853
-2.637100 0.112454
-2.639500 0.112059
-2.642000 0.111666
-2.644400 0.111276
-2.646900 0.110888
-2.649500 0.110504
-2.657000 0.110122
-2.659400 0.109743
-2.661700 0.109366
-2.664100 0.108993
-2.669000 0.108622
-2.671500 0.108254
-2.673900 0.107888
-2.676300 0.107525
-2.681200 0.107165
-2.683600 0.106807
-2.686000 0.106453
-2.688400 0.106101
-2.690700 0.105751
-2.693200 0.105405
-2.695800 0.105061
-2.700400 0.104720
-2.707800 0.104382
-2.710100 0.104046
-2.712500 0.103714
-2.714900 0.103384
-2.719700 0.103058
-2.722000 0.102734
-2.724400 0.102413
-2.726900 0.102096
-2.731800 0.101781
-2.734200 0.101470
-2.736500 0.101162
-2.738900 0.100857
-2.741500 0.100555
-2.743900 0.100256
-2.746300 0.099961
-2.748800 0.099669
-2.751200 0.099380
-2.753600 0.099094
-2.756100 0.098812
-2.758400 0.098533
-2.760900 0.098258
-2.765800 0.097986
-2.768200 0.097717
-2.770600 0.097452
-2.773300 0.097189
-2.775700 0.096930
-2.778200 0.096675
-2.780600 0.096422
-2.783100 0.096173
-2.785600 0.095926
-2.788200 0.095683
-2.790800 0.095443
-2.793500 0.095205
-2.796000 0.094971
-2.798600 0.094739
-2.801000 0.094509
-2.803600 0.094282
-2.806000 0.094058
-2.808600 0.093835
-2.811000 0.093615
-2.813600 0.093397
-2.816300 0.093181
-2.819000 0.092967
-2.821500 0.092754
-2.823900 0.092543
-2.826600 0.092333
-2.829200 0.092125
-2.831800 0.091918
-2.834500 0.091712
-2.840000 0.091506
-2.842700 0.091302
-2.848400 0.091098
-2.851300 0.090895
-2.854100 0.090692
-2.856700 0.090490
-2.859600 0.090288
-2.862400 0.090086
-2.865300 0.089884
-2.868000 0.089682
-2.870800 0.089480
-2.873700 0.089278
-2.876600 0.089076
-2.882500 0.088873
-2.885500 0.088670
-2.888400 0.088467
-2.891400 0.088264
-2.894400 0.088060
-2.897500 0.087856
-2.900600 0.087651
-2.903700 0.087446
-2.907100 0.087241
-2.910100 0.087035
-2.916600 0.086829
-2.919900 0.086622
-2.923300 0.086415
-2.930100 0.086208
-2.933500 0.086001
-2.937000 0.085794
-2.940400 0.085586
-2.944100 0.085378
-2.947500 0.085170
-2.951200 0.084963
-2.954700 0.084755
-2.958600 0.084547
-2.962500 0.084340
-2.966400 0.084132
-2.970300 0.083925
-2.974400 0.083718
-2.978400 0.083512
-2.982300 0.083306
-2.990500 0.083100
-2.994900 0.082895
-3.003600 0.082690
-3.008200 0.082486
-3.012500 0.082283
-3.017200 0.082080
-3.026600 0.081878
-3.031400 0.081676
-3.036300 0.081476
-3.041500 0.081276
-3.046800 0.081076
-3.051700 0.080878
-3.057200 0.080680
-3.062600 0.080483
-3.068400 0.080287
-3.074400 0.080092
-3.080300 0.079897
-3.086100 0.079703
-3.092200 0.079510
-3.098100 0.079318
-3.104800 0.079127
-3.111300 0.078936
-3.118500 0.078746
-3.125600 0.078557
-3.133000 0.078369
-3.141000 0.078181
-3.148900 0.077994
-3.156800 0.077808
-3.174400 0.077622
-3.193300 0.077437
-3.203200 0.077253
-3.214300 0.077070
-3.225900 0.076888
-3.237900 0.076706
-3.250500 0.076525
-3.278200 0.076340
-3.294000 0.076157
-3.310700 0.075974
-3.328600 0.075793
-3.347800 0.075612
-3.368500 0.075432
-3.390500 0.075253
-3.417400 0.075074
-3.443100 0.074897
-3.474800 0.074719
-3.511900 0.074543
-3.553600 0.074367
-3.606300 0.074192
-3.671900 0.074019
-3.749700 0.073846
-3.860500 0.073675
-4.290500 0.073505
-5.030200 0.073337
-8.584400 0.073171
