45.208000 0.033966
0.374640 0.033966
-0.133080 0.033966
-0.391810 0.033966
-0.671900 0.033966
-0.817680 0.033966
-0.913750 0.033966
-1.002800 0.033966
-1.135100 0.033966
-1.193500 0.033966
-1.234600 0.033966
-1.272700 0.033966
-1.305800 0.033966
-1.331900 0.033966
-1.355400 0.033966
-1.376400 0.033966
-1.394900 0.033966
-1.412300 0.033966
-1.425600 0.033966
-1.442600 0.033966
-1.456100 0.033966
-1.469300 0.033966
-1.481600 0.033966
-1.491000 0.033966
-1.501300 0.033966
-1.510700 0.033966
-1.520300 0.033966
-1.528700 0.033960
-1.537200 0.033903
-1.544200 0.033333
-1.551200 0.032763
-1.558000 0.032271
-1.570600 0.031824
-1.576900 0.031408
-1.582700 0.031014
-1.588500 0.030639
-1.594100 0.030278
-1.599300 0.029930
-1.604600 0.029594
-1.609700 0.029267
-1.614500 0.028948
-1.619300 0.028637
-1.624000 0.028332
-1.629000 0.028033
-1.633500 0.027740
-1.637700 0.027453
-1.641600 0.027171
-1.645200 0.026895
-1.649500 0.026624
-1.653200 0.026358
-1.657000 0.026092
-1.660800 0.025829
-1.664500 0.025567
-1.668200 0.025309
-1.671900 0.025053
-1.675200 0.024800
-1.678700 0.024551
-1.682200 0.024304
-1.685000 0.024061
-1.688300 0.023821
-1.691200 0.023584
-1.694400 0.023351
-1.700500 0.023121
-1.702900 0.022894
-1.706200 0.022670
-1.709200 0.022450
-1.712100 0.022233
-1.714700 0.022020
-1.717400 0.021810
-1.720100 0.021603
-1.722400 0.021399
-1.725200 0.021199
-1.727500 0.020957
-1.729800 0.020720
-1.732100 0.020487
-1.734300 0.020259
-1.736500 0.020034
-1.739000 0.019813
-1.741300 0.019595
-1.743800 0.019380
-1.745700 0.019169
-1.748100 0.018960
-1.752400 0.018754
-1.754400 0.018551
-1.756900 0.018351
-1.759100 0.018153
-1.761300 0.017958
-1.763200 0.017765
-1.765100 0.017575
-1.767000 0.017387
-1.769000 0.017202
-1.771000 0.017019
-1.772800 0.016839
-1.774900 0.016660
-1.776500 0.016485
-1.780000 0.016311
-1.781500 0.016140
-1.783400 0.015971
-1.785100 0.015805
-1.786700 0.015640
-1.788600 0.015478
-1.790200 0.015319
-1.792100 0.015161
-1.793500 0.015006
-1.795100 0.014853
-1.796700 0.014702
-1.798300 0.014553
-1.799800 0.014406
-1.801400 0.014262
-1.802800 0.014119
-1.804300 0.013978
-1.806000 0.013840
-1.807700 0.013704
-1.809400 0.013570
-1.811000 0.013439
-1.812500 0.013310
-1.813800 0.013184
-1.815200 0.013059
-1.816500 0.012938
-1.817800 0.012818
-1.819200 0.012701
-1.821100 0.012586
-1.822600 0.012473
-1.825200 0.012362
-1.826600 0.012254
-1.828000 0.012147
-1.829200 0.012043
-1.830400 0.011941
-1.831800 0.011841
-1.833200 0.011743
-1.835500 0.011647
-1.836800 0.011553
-1.838100 0.011460
-1.840600 0.011370
-1.841800 0.011282
-1.842900 0.011196
-1.844300 0.011111
-1.845500 0.011029
-1.846700 0.010948
-1.847800 0.010869
-1.849100 0.010792
-1.850300 0.010717
-1.851500 0.010643
-1.852600 0.010572
-1.853500 0.010501
-1.854600 0.010433
-1.856900 0.010366
-1.858100 0.010301
-1.859300 0.010238
-1.860300 0.010176
-1.861300 0.010115
-1.862300 0.010057
-1.863300 0.009999
-1.863800 0.009943
-1.864200 0.009889
-1.865200 0.009836
-1.867400 0.009784
-1.868500 0.009734
-1.869600 0.009685
-1.870400 0.009638
-1.871400 0.009591
-1.872300 0.009546
-1.873400 0.009502
-1.874400 0.009460
-1.875600 0.009418
-1.876500 0.009378
-1.878800 0.009339
-1.879900 0.009300
-1.880900 0.009263
-1.882700 0.009227
-1.884400 0.009192
-1.885400 0.009158
-1.886300 0.009125
-1.887400 0.009093
-1.888400 0.009062
-1.889400 0.009031
-1.890200 0.009002
-1.891100 0.008973
-1.891900 0.008945
-1.892700 0.008918
-1.893600 0.008891
-1.895400 0.008866
-1.897200 0.008841
-1.897900 0.008816
-1.898900 0.008793
-1.904300 0.008770
-1.909500 0.008747
-1.914500 0.008726
-1.919300 0.008704
-1.923900 0.008684
-1.928400 0.008664
-1.932800 0.008644
-1.937100 0.008625
-1.941300 0.008606
-1.945300 0.008588
-1.949400 0.008570
-1.953400 0.008552
-1.957300 0.008535
-1.961100 0.008519
-1.964900 0.008502
-1.968500 0.008486
-1.972200 0.008471
-1.979300 0.008455
-1.982900 0.008440
-1.986300 0.008425
-1.989300 0.008411
-1.992500 0.008396
-1.995800 0.008382
-2.002200 0.008368
-2.005200 0.008355
-2.008200 0.008341
-2.011200 0.008328
-2.016900 0.008315
-2.019800 0.008302
-2.022700 0.008289
-2.025700 0.008276
-2.028400 0.008263
-2.031200 0.008251
-2.033900 0.008238
-2.036600 0.008226
-2.039200 0.008214
-2.041900 0.008202
-2.044600 0.008189
-2.047100 0.008177
-2.049500 0.008165
-2.052000 0.008153
-2.054600 0.008141
-2.057100 0.008129
-2.059400 0.008118
-2.061900 0.008106
-2.064200 0.008094
-2.066600 0.008082
-2.068800 0.008070
-2.071200 0.008058
-2.073400 0.008046
-2.075900 0.008034
-2.078200 0.008023
-2.082800 0.008011
-2.085100 0.007999
-2.087400 0.007987
-2.089700 0.007975
-2.092100 0.007963
-2.094300 0.007951
-2.096400 0.007939
-2.098500 0.007927
-2.100600 0.007915
-2.104800 0.007903
-2.106700 0.007891
-2.108800 0.007879
-2.110800 0.007867
-2.112800 0.007855
-2.116800 0.007842
-2.118800 0.007830
-2.120800 0.007818
-2.122800 0.007806
-2.124700 0.007794
-2.126700 0.007782
-2.128700 0.007770
-2.130600 0.007757
-2.132500 0.007745
-2.134500 0.007733
-2.138400 0.007721
-2.142400 0.007709
-2.144200 0.007697
-2.146200 0.007685
-2.148100 0.007673
-2.150000 0.007660
-2.152100 0.007648
-2.157800 0.007636
-2.159700 0.007625
-2.161500 0.007613
-2.163300 0.007601
-2.167000 0.007589
-2.168700 0.007577
-2.170500 0.007566
-2.172300 0.007554
-2.174300 0.007542
-2.176200 0.007531
-2.178000 0.007519
-2.179900 0.007508
-2.181600 0.007497
-2.185100 0.007486
-2.186800 0.007474
-2.188600 0.007463
-2.190400 0.007453
-2.192200 0.007442
-2.194000 0.007431
-2.195800 0.007420
-2.197600 0.007410
-2.199400 0.007400
-2.201200 0.007389
-2.202900 0.007379
-2.204800 0.007369
-2.206600 0.007359
-2.208400 0.007349
-2.211900 0.007340
-2.213800 0.007330
-2.215500 0.007321
-2.217300 0.007312
-2.219200 0.007303
-2.220900 0.007294
-2.222600 0.007285
-2.224300 0.007276
-2.227800 0.007268
-2.229500 0.007259
-2.231300 0.007251
-2.236400 0.007243
-2.238100 0.007235
-2.239700 0.007227
-2.241500 0.007220
-2.243200 0.007212
-2.244900 0.007205
-2.246700 0.007198
-2.248500 0.007191
-2.250300 0.007184
-2.252100 0.007178
-2.253800 0.007171
-2.255500 0.007165
-2.257200 0.007159
-2.259000 0.007153
-2.260800 0.007147
-2.262600 0.007141
-2.264300 0.007136
-2.266100 0.007130
-2.267900 0.007125
-2.269600 0.007120
-2.271400 0.007115
-2.273100 0.007110
-2.274900 0.007105
-2.276700 0.007101
-2.278600 0.007097
-2.280400 0.007092
-2.282300 0.007088
-2.284100 0.007084
-2.285900 0.007081
-2.287700 0.007077
-2.289600 0.007073
-2.291400 0.007070
-2.293300 0.007067
-2.295200 0.007063
-2.297100 0.007060
-2.299000 0.007057
-2.300800 0.007055
-2.302700 0.007052
-2.306500 0.007049
-2.308400 0.007047
-2.310200 0.007044
-2.312100 0.007042
-2.314000 0.007040
-2.316000 0.007037
-2.318000 0.007035
-2.319900 0.007033
-2.321800 0.007031
-2.323700 0.007030
-2.325700 0.007028
-2.327600 0.007026
-2.331700 0.007024
-2.333700 0.007023
-2.335700 0.007021
-2.337800 0.007020
-2.339900 0.007018
-2.341900 0.007017
-2.346100 0.007015
-2.348100 0.007014
-2.350100 0.007012
-2.354300 0.007011
-2.356300 0.007009
-2.358400 0.007008
-2.360600 0.007007
-2.362600 0.007005
-2.364700 0.007004
-2.367000 0.007003
-2.369300 0.007001
-2.371500 0.007000
-2.373700 0.006999
-2.375900 0.006997
-2.378100 0.006996
-2.380400 0.006995
-2.382700 0.006993
-2.385100 0.006992
-2.387500 0.006990
-2.389900 0.006989
-2.392200 0.006987
-2.394500 0.006986
-2.396800 0.006984
-2.401700 0.006983
-2.404200 0.006981
-2.406600 0.006979
-2.409200 0.006978
-2.411700 0.006976
-2.414100 0.006974
-2.419500 0.006972
-2.424800 0.006970
-2.427400 0.006968
-2.433000 0.006966
-2.435900 0.006963
-2.438900 0.006961
-2.441700 0.006958
-2.447800 0.006956
-2.450800 0.006953
-2.453800 0.006950
-2.456900 0.006947
-2.459900 0.006944
-2.463000 0.006940
-2.466400 0.006937
-2.473000 0.006933
-2.483300 0.006930
-2.486800 0.006926
-2.494500 0.006921
-2.498400 0.006919
-2.502400 0.006917
-2.506300 0.006915
-2.510400 0.006912
-2.514800 0.006910
-2.519100 0.006907
-2.523500 0.006904
-2.528000 0.006901
-2.532400 0.006898
-2.537300 0.006894
-2.542300 0.006891
-2.547500 0.006887
-2.552800 0.006884
-2.558000 0.006880
-2.563500 0.006875
-2.569300 0.006871
-2.575400 0.006867
-2.581700 0.006862
-2.588200 0.006857
-2.594500 0.006852
-2.601700 0.006847
-2.609200 0.006842
-2.617200 0.006837
-2.625800 0.006831
-2.634400 0.006825
-2.653300 0.006819
-2.664100 0.006813
-2.675000 0.006806
-2.687100 0.006798
-2.714300 0.006791
-2.729400 0.006783
-2.745800 0.006774
-2.765600 0.006765
-2.787700 0.006756
-2.811700 0.006746
-2.838900 0.006735
-2.872500 0.006723
-2.949700 0.006710
-3.018400 0.006697
-3.280300 0.006683
-3.598800 0.006668
-3.951600 0.006652
