0.660880 0.029437
0.372230 0.029437
0.372230 0.029437
0.198540 0.029437
0.049525 0.029437
-0.064351 0.029437
-0.140100 0.029437
-0.140100 0.029437
-0.165030 0.029437
-0.299070 0.029437
-0.336930 0.029437
-0.355600 0.029437
-0.396670 0.029437
-0.435170 0.029437
-0.495810 0.029437
-0.519920 0.029437
-0.535040 0.029437
-0.559940 0.029437
-0.577500 0.029437
-0.595610 0.029437
-0.612110 0.029437
-0.627200 0.029437
-0.642480 0.029437
-0.657500 0.029437
-0.669680 0.029437
-0.680560 0.029437
-0.690530 0.029437
-0.701070 0.029437
-0.710610 0.029437
-0.719770 0.029437
-0.728860 0.029436
-0.735110 0.029436
-0.742410 0.029428
-0.748460 0.029350
-0.760790 0.028571
-0.766970 0.027792
-0.772890 0.027067
-0.777860 0.026352
-0.783000 0.025675
-0.787490 0.025031
-0.791380 0.024419
-0.795410 0.023837
-0.799790 0.023281
-0.803950 0.022751
-0.807980 0.022244
-0.811630 0.021760
-0.815510 0.021296
-0.818870 0.020851
-0.821960 0.020425
-0.825240 0.020016
-0.828230 0.019623
-0.831150 0.019245
-0.834020 0.018882
-0.839620 0.018531
-0.842350 0.018194
-0.845220 0.017869
-0.848100 0.017555
-0.851070 0.017252
-0.854200 0.016959
-0.856630 0.016676
-0.858950 0.016402
-0.861260 0.016137
-0.863860 0.015881
-0.866190 0.015633
-0.868650 0.015392
-0.873240 0.015159
-0.875540 0.014932
-0.877550 0.014712
-0.879640 0.014499
-0.881970 0.014292
-0.884030 0.014090
-0.886090 0.013895
-0.888280 0.013704
-0.890280 0.013519
-0.892440 0.013338
-0.894630 0.013163
-0.896660 0.012991
-0.898310 0.012825
-0.900220 0.012662
-0.902270 0.012504
-0.903900 0.012349
-0.905480 0.012199
-0.907190 0.012052
-0.908880 0.011908
-0.910530 0.011768
-0.912230 0.011631
-0.913740 0.011497
-0.915160 0.011367
-0.916730 0.011239
-0.918480 0.011114
-0.920030 0.010992
-0.921580 0.010872
-0.923030 0.010755
-0.924630 0.010641
-0.926220 0.010529
-0.927580 0.010419
-0.929080 0.010311
-0.930390 0.010206
-0.931680 0.010103
-0.932950 0.010002
-0.934540 0.009903
-0.935880 0.009806
-0.937340 0.009711
-0.938780 0.009617
-0.941350 0.009526
-0.942500 0.009436
-0.943700 0.009347
-0.946120 0.009261
-0.949660 0.009176
-0.950880 0.009092
-0.952020 0.009010
-0.953040 0.008930
-0.954270 0.008851
-0.955420 0.008773
-0.956640 0.008697
-0.957750 0.008622
-0.958870 0.008548
-0.959950 0.008476
-0.961070 0.008405
-0.963050 0.008334
-0.964030 0.008266
-0.965060 0.008198
-0.966030 0.008131
-0.967130 0.008066
-0.968280 0.008001
-0.969200 0.007938
-0.970150 0.007875
-0.970990 0.007813
-0.972030 0.007753
-0.974010 0.007693
-0.974950 0.007634
-0.975980 0.007577
-0.976970 0.007520
-0.977720 0.007464
-0.978670 0.007408
-0.979550 0.007354
-0.980420 0.007300
-0.981340 0.007247
-0.983190 0.007195
-0.984070 0.007144
-0.984860 0.007093
-0.985710 0.007043
-0.986550 0.006994
-0.987390 0.006945
-0.988210 0.006897
-0.989070 0.006850
-0.989980 0.006803
-0.990810 0.006757
-0.991710 0.006712
-0.992500 0.006667
-0.993360 0.006623
-0.994210 0.006580
-0.995160 0.006536
-0.996050 0.006494
-0.996910 0.006452
-0.997670 0.006411
-0.999300 0.006370
-1.000100 0.006330
-1.000900 0.006290
-1.001600 0.006250
-1.002500 0.006212
-1.003300 0.006173
-1.004900 0.006135
-1.005700 0.006098
-1.006500 0.006061
-1.007200 0.006025
-1.008000 0.005988
-1.008700 0.005953
-1.009400 0.005918
-1.010200 0.005883
-1.010900 0.005848
-1.011600 0.005814
-1.012300 0.005781
-1.013100 0.005748
-1.013900 0.005715
-1.014500 0.005682
-1.015300 0.005650
-1.016000 0.005618
-1.016700 0.005587
-1.017300 0.005556
-1.017900 0.005525
-1.018700 0.005495
-1.027100 0.005465
-1.030600 0.005435
-1.034200 0.005406
-1.037700 0.005377
-1.041100 0.005348
-1.044200 0.005319
-1.047400 0.005291
-1.050600 0.005263
-1.053700 0.005236
-1.056700 0.005209
-1.059600 0.005182
-1.062400 0.005155
-1.065400 0.005128
-1.068200 0.005102
-1.071000 0.005076
-1.073600 0.005051
-1.076100 0.005025
-1.078700 0.005000
-1.081300 0.004975
-1.083900 0.004951
-1.086400 0.004926
-1.091000 0.004902
-1.093400 0.004878
-1.095800 0.004855
-1.098200 0.004831
-1.100500 0.004808
-1.102700 0.004785
-1.104700 0.004762
-1.106900 0.004740
-1.109100 0.004717
-1.111300 0.004695
-1.113400 0.004673
-1.115500 0.004651
-1.119400 0.004630
-1.121400 0.004608
-1.123400 0.004587
-1.125300 0.004566
-1.127200 0.004546
-1.129000 0.004525
-1.130900 0.004505
-1.132800 0.004484
-1.134700 0.004464
-1.136600 0.004445
-1.138400 0.004425
-1.140200 0.004405
-1.142000 0.004386
-1.143700 0.004367
-1.145400 0.004348
-1.147200 0.004329
-1.148800 0.004310
-1.150500 0.004292
-1.152200 0.004274
-1.155500 0.004255
-1.157100 0.004237
-1.158800 0.004220
-1.160200 0.004202
-1.163400 0.004184
-1.164900 0.004167
-1.166400 0.004150
-1.168000 0.004132
-1.169400 0.004115
-1.170900 0.004098
-1.172500 0.004082
-1.174100 0.004065
-1.175700 0.004049
-1.177200 0.004032
-1.178700 0.004016
-1.180200 0.004000
-1.181600 0.003984
-1.183100 0.003968
-1.184600 0.003953
-1.186000 0.003937
-1.187500 0.003922
-1.189000 0.003906
-1.190400 0.003891
-1.193300 0.003876
-1.194800 0.003861
-1.196100 0.003846
-1.197500 0.003832
-1.198900 0.003817
-1.200300 0.003802
-1.201500 0.003788
-1.202900 0.003774
-1.204300 0.003759
-1.206900 0.003745
-1.208200 0.003731
-1.209500 0.003718
-1.210900 0.003704
-1.212300 0.003690
-1.213600 0.003677
-1.215000 0.003663
-1.217600 0.003650
-1.218900 0.003636
-1.220200 0.003623
-1.221500 0.003610
-1.222800 0.003597
-1.224200 0.003584
-1.225500 0.003572
-1.226900 0.003559
-1.228200 0.003546
-1.229500 0.003534
-1.232100 0.003521
-1.233400 0.003509
-1.234600 0.003497
-1.235900 0.003484
-1.237200 0.003472
-1.238500 0.003460
-1.241100 0.003448
-1.242400 0.003437
-1.243600 0.003425
-1.246200 0.003413
-1.247400 0.003401
-1.248800 0.003390
-1.250100 0.003378
-1.251300 0.003367
-1.252600 0.003356
-1.253800 0.003345
-1.255200 0.003333
-1.259000 0.003322
-1.260300 0.003311
-1.261500 0.003300
-1.262900 0.003290
-1.265500 0.003279
-1.266800 0.003268
-1.268000 0.003257
-1.269300 0.003247
-1.270600 0.003236
-1.271900 0.003226
-1.273100 0.003215
-1.274400 0.003205
-1.275700 0.003195
-1.276900 0.003185
-1.278200 0.003175
-1.279500 0.003165
-1.280800 0.003155
-1.282100 0.003145
-1.283300 0.003135
-1.284500 0.003125
-1.285700 0.003115
-1.287100 0.003106
-1.288400 0.003096
-1.289700 0.003086
-1.291000 0.003077
-1.292200 0.003068
-1.293600 0.003058
-1.294800 0.003049
-1.296100 0.003040
-1.297400 0.003030
-1.298700 0.003021
-1.301300 0.003012
-1.302600 0.003003
-1.303900 0.002994
-1.305300 0.002985
-1.306500 0.002976
-1.309200 0.002967
-1.310600 0.002959
-1.311900 0.002950
-1.313200 0.002941
-1.314600 0.002933
-1.315800 0.002924
-1.317200 0.002916
-1.318600 0.002907
-1.319900 0.002899
-1.321300 0.002890
-1.322500 0.002882
-1.323800 0.002874
-1.325200 0.002865
-1.326600 0.002857
-1.328000 0.002849
-1.329400 0.002841
-1.330800 0.002833
-1.332300 0.002825
-1.333800 0.002817
-1.335300 0.002809
-1.336700 0.002801
-1.338200 0.002793
-1.339700 0.002786
-1.341100 0.002778
-1.342500 0.002770
-1.343900 0.002762
-1.345400 0.002755
-1.346900 0.002747
-1.348400 0.002740
-1.350000 0.002732
-1.351500 0.002725
-1.353100 0.002717
-1.356200 0.002710
-1.357900 0.002703
-1.359400 0.002695
-1.361000 0.002688
-1.362700 0.002681
-1.364400 0.002674
-1.365900 0.002667
-1.367600 0.002660
-1.369300 0.002653
-1.370900 0.002646
-1.372600 0.002639
-1.376000 0.002632
-1.377700 0.002625
-1.379400 0.002618
-1.381200 0.002611
-1.383100 0.002604
-1.384800 0.002597
-1.388200 0.002591
-1.390100 0.002584
-1.391900 0.002577
-1.393800 0.002571
-1.395600 0.002564
-1.397400 0.002558
-1.399300 0.002551
-1.401300 0.002545
-1.403300 0.002538
-1.405500 0.002532
-1.409700 0.002525
-1.411800 0.002519
-1.413800 0.002513
-1.416000 0.002506
-1.418100 0.002500
-1.420400 0.002494
-1.422700 0.002488
-1.427400 0.002481
-1.429800 0.002475
-1.432300 0.002469
-1.434700 0.002463
-1.437200 0.002457
-1.439700 0.002451
-1.442200 0.002445
-1.444700 0.002439
-1.447500 0.002433
-1.450400 0.002427
-1.453200 0.002421
-1.456000 0.002415
-1.459000 0.002410
-1.461900 0.002404
-1.465000 0.002398
-1.468200 0.002392
-1.471500 0.002387
-1.478100 0.002381
-1.481700 0.002375
-1.489100 0.002370
-1.493000 0.002364
-1.496900 0.002359
-1.500800 0.002353
-1.505000 0.002347
-1.509400 0.002342
-1.513900 0.002336
-1.518800 0.002331
-1.523700 0.002326
-1.529000 0.002320
-1.534400 0.002315
-1.539700 0.002310
-1.545500 0.002304
-1.551500 0.002299
-1.558000 0.002294
-1.565500 0.002288
-1.573100 0.002283
-1.589800 0.002278
-1.598600 0.002273
-1.608500 0.002268
-1.618700 0.002262
-1.630300 0.002257
-1.655600 0.002252
-1.671300 0.002247
-1.688900 0.002242
-1.710100 0.002237
-1.734600 0.002232
-1.796300 0.002227
-1.835300 0.002222
-1.887100 0.002217
-2.053500 0.002212
-2.522200 0.002207
-4.729400 0.002203
