55.926000 0.109720
1.183700 0.109720
0.152320 0.109720
-0.219050 0.109720
-0.508810 0.109720
-0.664540 0.109720
-0.832050 0.109720
-1.032700 0.109720
-1.121200 0.109720
-1.195000 0.109720
-1.248000 0.109720
-1.290800 0.109720
-1.333400 0.109720
-1.373500 0.109720
-1.439000 0.109720
-1.482500 0.109720
-1.506300 0.109720
-1.527300 0.109720
-1.544000 0.109720
-1.558000 0.109720
-1.575700 0.109720
-1.590700 0.109720
-1.603800 0.109720
-1.616600 0.109720
-1.629800 0.109720
-1.641100 0.109720
-1.651800 0.109720
-1.662900 0.109720
-1.673100 0.109720
-1.682400 0.109720
-1.692100 0.109720
-1.701700 0.109720
-1.709000 0.109720
-1.717400 0.109720
-1.725700 0.109720
-1.732500 0.109720
-1.738800 0.109720
-1.745400 0.109720
-1.759700 0.109720
-1.765600 0.109720
-1.772000 0.109720
-1.777700 0.109720
-1.783500 0.109720
-1.789100 0.109720
-1.793800 0.109720
-1.798800 0.109720
-1.803500 0.109720
-1.808700 0.109720
-1.813500 0.109720
-1.818300 0.109720
-1.822900 0.109720
-1.828000 0.109720
-1.832000 0.109720
-1.836100 0.109720
-1.844000 0.109720
-1.848300 0.109720
-1.851700 0.109720
-1.855300 0.109720
-1.862900 0.109720
-1.866700 0.109720
-1.870300 0.109720
-1.873600 0.109720
-1.876800 0.109720
-1.880400 0.109720
-1.883500 0.109720
-1.887300 0.109720
-1.890600 0.109720
-1.893400 0.109720
-1.897000 0.109720
-1.900400 0.109720
-1.903500 0.109720
-1.906200 0.109720
-1.909100 0.109720
-1.915200 0.109720
-1.918100 0.109720
-1.924100 0.109720
-1.926800 0.109720
-1.929700 0.109720
-1.935300 0.109720
-1.937800 0.109720
-1.940100 0.109720
-1.942600 0.109720
-1.947300 0.109720
-1.949500 0.109720
-1.951600 0.109720
-1.953500 0.109720
-1.955700 0.109720
-1.960200 0.109720
-1.962400 0.109720
-1.966800 0.109720
-1.968900 0.109720
-1.973100 0.109720
-1.975400 0.109720
-1.977300 0.109720
-1.979100 0.109720
-1.981000 0.109720
-1.983100 0.109720
-1.985200 0.109720
-1.987100 0.109720
-1.989100 0.109720
-1.991200 0.109720
-1.993300 0.109720
-1.995100 0.109720
-1.996800 0.109720
-1.998300 0.109720
-2.001500 0.109720
-2.003100 0.109720
-2.004800 0.109720
-2.006600 0.109720
-2.008500 0.109720
-2.010400 0.109720
-2.012100 0.109720
-2.013700 0.109720
-2.015200 0.109720
-2.016800 0.109720
-2.018500 0.109720
-2.020200 0.109720
-2.022000 0.109720
-2.025400 0.109720
-2.028300 0.109720
-2.029900 0.109720
-2.031400 0.109720
-2.032900 0.109720
-2.034300 0.109720
-2.035800 0.109720
-2.037300 0.109720
-2.038800 0.109720
-2.040200 0.109720
-2.041700 0.109720
-2.043200 0.109720
-2.044700 0.109720
-2.046100 0.109720
-2.047800 0.109720
-2.049100 0.109720
-2.050300 0.109720
-2.053200 0.109720
-2.054600 0.109720
-2.056000 0.109720
-2.057300 0.109720
-2.058700 0.109720
-2.059800 0.109720
-2.061300 0.109720
-2.062500 0.109720
-2.063700 0.109720
-2.065200 0.109720
-2.066400 0.109720
-2.067700 0.109720
-2.069000 0.109720
-2.070100 0.109720
-2.071300 0.109720
-2.072500 0.109720
-2.073500 0.109720
-2.074800 0.109720
-2.077300 0.109720
-2.078500 0.109720
-2.079700 0.109720
-2.081000 0.109720
-2.082100 0.109720
-2.083400 0.109720
-2.085700 0.109720
-2.086800 0.109720
-2.087900 0.109720
-2.089100 0.109720
-2.090200 0.109720
-2.091400 0.109720
-2.092500 0.109720
-2.093600 0.109720
-2.094800 0.109720
-2.095900 0.109720
-2.097000 0.109720
-2.098200 0.109720
-2.099300 0.109720
-2.100400 0.109720
-2.101400 0.109720
-2.102400 0.109720
-2.103600 0.109720
-2.104700 0.109720
-2.105800 0.109720
-2.106700 0.109720
-2.107800 0.109720
-2.108800 0.109720
-2.109900 0.109720
-2.116800 0.109720
-2.122900 0.109720
-2.128600 0.109720
-2.134300 0.109720
-2.139700 0.109720
-2.150600 0.109720
-2.155700 0.109720
-2.160500 0.109720
-2.165500 0.109720
-2.170200 0.109720
-2.175100 0.109720
-2.179800 0.109720
-2.188900 0.109720
-2.193400 0.109720
-2.197700 0.109720
-2.202000 0.109720
-2.206200 0.109720
-2.210500 0.109720
-2.213800 0.109720
-2.218000 0.109720
-2.222000 0.109720
-2.226000 0.109720
-2.229800 0.109720
-2.237300 0.109720
-2.241100 0.109720
-2.244800 0.109720
-2.248500 0.109720
-2.252100 0.109720
-2.255400 0.109720
-2.259100 0.109720
-2.262800 0.109720
-2.266200 0.109720
-2.269600 0.109720
-2.272900 0.109720
-2.276200 0.109720
-2.279700 0.109720
-2.282900 0.109720
-2.286200 0.109720
-2.289300 0.109720
-2.292700 0.109720
-2.295900 0.109720
-2.299000 0.109720
-2.302200 0.109720
-2.305100 0.109720
-2.308100 0.109720
-2.311200 0.109720
-2.314300 0.109720
-2.316600 0.109720
-2.319600 0.109720
-2.322500 0.109720
-2.325500 0.109720
-2.328200 0.109720
-2.330800 0.109720
-2.333700 0.109720
-2.339400 0.109720
-2.342100 0.109720
-2.344800 0.109720
-2.347700 0.109720
-2.350600 0.109720
-2.353200 0.109720
-2.355800 0.109720
-2.358300 0.109720
-2.361000 0.109720
-2.363600 0.109720
-2.366100 0.109720
-2.368700 0.109720
-2.371200 0.109720
-2.373800 0.109720
-2.376400 0.109720
-2.378900 0.109720
-2.381300 0.109720
-2.383900 0.109720
-2.386400 0.109720
-2.391400 0.109720
-2.393700 0.109720
-2.396000 0.109720
-2.398400 0.109720
-2.400900 0.109720
-2.403400 0.109720
-2.405700 0.109720
-2.408300 0.109720
-2.410700 0.109720
-2.413200 0.109720
-2.415600 0.109720
-2.418000 0.109720
-2.420500 0.109720
-2.422900 0.109720
-2.425200 0.109720
-2.427500 0.109720
-2.429800 0.109720
-2.432200 0.109720
-2.434400 0.109720
-2.436700 0.109720
-2.439000 0.109720
-2.441400 0.109720
-2.443600 0.109720
-2.445800 0.109720
-2.448000 0.109720
-2.450300 0.109720
-2.452600 0.109720
-2.455000 0.109720
-2.457300 0.109720
-2.459600 0.109720
-2.461900 0.109720
-2.464300 0.109720
-2.466500 0.109720
-2.468800 0.109720
-2.471200 0.109720
-2.473400 0.109720
-2.475600 0.109720
-2.477800 0.109720
-2.480000 0.109720
-2.482300 0.109720
-2.484500 0.109720
-2.486700 0.109720
-2.489000 0.109720
-2.491300 0.109720
-2.495700 0.109720
-2.497900 0.109720
-2.500200 0.109720
-2.502400 0.109720
-2.504800 0.109720
-2.506900 0.109720
-2.509200 0.109720
-2.511400 0.109720
-2.513600 0.109720
-2.515900 0.109720
-2.518100 0.109720
-2.520200 0.109720
-2.522400 0.109720
-2.524600 0.109720
-2.526900 0.109720
-2.529100 0.109720
-2.531300 0.109720
-2.533500 0.109720
-2.535900 0.109717
-2.538300 0.109686
-2.540400 0.109380
-2.542600 0.109074
-2.544800 0.108904
-2.547000 0.108805
-2.549200 0.108713
-2.551300 0.108609
-2.553600 0.108500
-2.555800 0.108388
-2.558000 0.108273
-2.560200 0.108157
-2.562500 0.108032
-2.564800 0.107920
-2.567000 0.107817
-2.569300 0.107717
-2.571500 0.107618
-2.573800 0.107521
-2.576100 0.107427
-2.578400 0.107338
-2.580700 0.107257
-2.582900 0.107184
-2.585200 0.107118
-2.587500 0.107057
-2.589800 0.107002
-2.592100 0.106950
-2.594600 0.106901
-2.596900 0.106854
-2.599100 0.106806
-2.601400 0.106756
-2.603800 0.106704
-2.606200 0.106648
-2.608500 0.106585
-2.610900 0.106515
-2.613300 0.106434
-2.615700 0.106341
-2.618000 0.106233
-2.620400 0.106111
-2.622800 0.105972
-2.625100 0.105817
-2.627500 0.105646
-2.629900 0.105460
-2.632400 0.105259
-2.634700 0.105045
-2.637200 0.104820
-2.639600 0.104583
-2.641900 0.104337
-2.644400 0.104084
-2.646800 0.103824
-2.649300 0.103558
-2.651900 0.103289
-2.654400 0.103016
-2.656900 0.102742
-2.659400 0.102467
-2.662000 0.102192
-2.664500 0.101918
-2.667100 0.101646
-2.669800 0.101374
-2.672300 0.101105
-2.674800 0.100836
-2.680200 0.100569
-2.682800 0.100304
-2.685500 0.100039
-2.690900 0.099777
-2.693700 0.099515
-2.696500 0.099255
-2.699400 0.098997
-2.702200 0.098740
-2.705000 0.098486
-2.707800 0.098235
-2.710700 0.097989
-2.713500 0.097747
-2.716400 0.097512
-2.719200 0.097283
-2.722200 0.097063
-2.725000 0.096851
-2.728000 0.096649
-2.731000 0.096456
-2.734100 0.096272
-2.736900 0.096099
-2.740200 0.095935
-2.743200 0.095781
-2.746400 0.095635
-2.749700 0.095499
-2.752800 0.095369
-2.756100 0.095247
-2.759300 0.095129
-2.765700 0.095015
-2.769300 0.094903
-2.772800 0.094791
-2.776500 0.094676
-2.780000 0.094559
-2.783500 0.094437
-2.787300 0.094309
-2.791000 0.094174
-2.794800 0.094032
-2.798400 0.093882
-2.802500 0.093725
-2.806500 0.093560
-2.810400 0.093388
-2.814400 0.093208
-2.818300 0.093020
-2.822500 0.092826
-2.826900 0.092627
-2.836100 0.092423
-2.845300 0.092215
-2.849600 0.092004
-2.854600 0.091791
-2.859600 0.091577
-2.864700 0.091363
-2.869800 0.091150
-2.875000 0.090937
-2.885600 0.090726
-2.891400 0.090515
-2.897300 0.090306
-2.903100 0.090097
-2.909300 0.089889
-2.915500 0.089682
-2.921400 0.089477
-2.928000 0.089272
-2.934900 0.089068
-2.942500 0.088865
-2.949800 0.088663
-2.957000 0.088461
-2.964900 0.088261
-2.972900 0.088062
-2.982000 0.087863
-2.991200 0.087666
-3.000900 0.087469
-3.011100 0.087273
-3.022000 0.087078
-3.032400 0.086884
-3.044300 0.086691
-3.056600 0.086499
-3.070900 0.086307
-3.085600 0.086117
-3.102600 0.085927
-3.120000 0.085738
-3.132900 0.085549
-3.153900 0.085362
-3.177800 0.085175
-3.203900 0.084989
-3.235600 0.084803
-3.272200 0.084616
-3.314600 0.084431
-3.367100 0.084246
-3.435800 0.084062
-3.526000 0.083879
-3.649900 0.083696
-4.207400 0.083515
-4.872000 0.083335
-10.158000 0.083156
