-0.246050 0.058268
-0.388150 0.058268
-0.466840 0.058268
-0.518710 0.058268
-0.572540 0.058268
-0.618900 0.058268
-0.660400 0.058268
-0.693270 0.058268
-0.723400 0.058268
-0.749510 0.058268
-0.774410 0.058268
-0.797090 0.058268
-0.817760 0.058268
-0.838880 0.058268
-0.856940 0.058268
-0.875040 0.058268
-0.890000 0.058268
-0.904340 0.058268
-0.918650 0.058268
-0.932790 0.058268
-0.945650 0.058268
-0.958640 0.058268
-0.971540 0.058268
-0.982010 0.058268
-0.992570 0.058268
-1.003100 0.058268
-1.012400 0.058268
-1.021300 0.058268
-1.030600 0.058268
-1.038400 0.058268
-1.046800 0.058268
-1.053700 0.058267
-1.061400 0.058257
-1.069000 0.058156
-1.076500 0.057143
-1.083300 0.056130
-1.090100 0.055329
-1.096900 0.054664
-1.102900 0.054095
-1.115500 0.053596
-1.120700 0.053150
-1.126100 0.052748
-1.132400 0.052380
-1.137200 0.052038
-1.142300 0.051719
-1.147400 0.051420
-1.161700 0.051138
-1.166800 0.050874
-1.170900 0.050624
-1.175000 0.050386
-1.183800 0.050149
-1.187800 0.049917
-1.192500 0.049691
-1.195800 0.049473
-1.199300 0.049262
-1.202500 0.049059
-1.206700 0.048863
-1.210700 0.048674
-1.214200 0.048492
-1.217700 0.048316
-1.221600 0.048147
-1.225100 0.047984
-1.228400 0.047827
-1.231800 0.047674
-1.235600 0.047527
-1.239000 0.047385
-1.242400 0.047248
-1.245200 0.047028
-1.251200 0.046824
-1.253800 0.046633
-1.259300 0.046452
-1.265400 0.046280
-1.268100 0.046115
-1.270500 0.045958
-1.275600 0.045807
-1.278400 0.045661
-1.281300 0.045521
-1.283900 0.045385
-1.286600 0.045253
-1.291500 0.045126
-1.294200 0.045002
-1.296500 0.044881
-1.301500 0.044764
-1.303800 0.044650
-1.305700 0.044540
-1.308100 0.044432
-1.310400 0.044327
-1.312800 0.044225
-1.315100 0.044126
-1.317100 0.044029
-1.319000 0.043934
-1.321300 0.043842
-1.325100 0.043752
-1.327300 0.043663
-1.329600 0.043577
-1.331700 0.043492
-1.333500 0.043409
-1.335200 0.043330
-1.337200 0.043253
-1.339000 0.043179
-1.340900 0.043107
-1.342900 0.043038
-1.344600 0.042972
-1.350200 0.042907
-1.352300 0.042845
-1.354100 0.042784
-1.355700 0.042725
-1.357300 0.042668
-1.359100 0.042613
-1.360800 0.042559
-1.362700 0.042507
-1.364500 0.042456
-1.366100 0.042407
-1.368000 0.042359
-1.370000 0.042312
-1.371700 0.042267
-1.373300 0.042224
-1.374700 0.042181
-1.376300 0.042140
-1.379500 0.042100
-1.381000 0.042061
-1.382400 0.042023
-1.384000 0.041986
-1.385600 0.041951
-1.387300 0.041917
-1.388700 0.041883
-1.390000 0.041851
-1.391600 0.041820
-1.393200 0.041790
-1.394700 0.041761
-1.397900 0.041732
-1.399500 0.041705
-1.400900 0.041678
-1.402300 0.041652
-1.403600 0.041627
-1.405000 0.041603
-1.406300 0.041580
-1.408900 0.041557
-1.409900 0.041536
-1.411300 0.041515
-1.412600 0.041494
-1.414000 0.041475
-1.415300 0.041456
-1.416700 0.041438
-1.418100 0.041421
-1.419500 0.041404
-1.420700 0.041388
-1.422000 0.041372
-1.423200 0.041357
-1.424300 0.041343
-1.425500 0.041330
-1.426800 0.041317
-1.428100 0.041304
-1.429300 0.041292
-1.430700 0.041281
-1.431900 0.041270
-1.433100 0.041259
-1.434200 0.041249
-1.435300 0.041240
-1.436500 0.041231
-1.437700 0.041222
-1.438900 0.041214
-1.441200 0.041206
-1.442200 0.041198
-1.443400 0.041191
-1.444400 0.041184
-1.445500 0.041177
-1.446600 0.041171
-1.447800 0.041164
-1.448700 0.041158
-1.449900 0.041152
-1.451000 0.041147
-1.452100 0.041141
-1.453100 0.041135
-1.454200 0.041130
-1.455200 0.041124
-1.456200 0.041119
-1.457300 0.041113
-1.458300 0.041108
-1.459300 0.041102
-1.460300 0.041096
-1.466900 0.041090
-1.473000 0.041084
-1.478400 0.041078
-1.483900 0.041072
-1.489200 0.041065
-1.494900 0.041058
-1.499900 0.041051
-1.505300 0.041043
-1.510100 0.041035
-1.515000 0.041027
-1.520100 0.041018
-1.524900 0.041009
-1.529600 0.040999
-1.534100 0.040989
-1.538700 0.040978
-1.547400 0.040967
-1.551500 0.040955
-1.555500 0.040943
-1.563400 0.040930
-1.567300 0.040917
-1.571400 0.040903
-1.575400 0.040888
-1.579200 0.040873
-1.583000 0.040857
-1.586800 0.040840
-1.590400 0.040823
-1.594200 0.040804
-1.597600 0.040786
-1.600900 0.040766
-1.604200 0.040746
-1.607400 0.040725
-1.610700 0.040703
-1.613900 0.040681
-1.617000 0.040657
-1.620100 0.040633
-1.623200 0.040609
-1.626300 0.040583
-1.629400 0.040557
-1.632500 0.040529
-1.635500 0.040501
-1.641500 0.040473
-1.644400 0.040443
-1.647300 0.040413
-1.650300 0.040382
-1.653200 0.040350
-1.656100 0.040317
-1.658800 0.040284
-1.661500 0.040249
-1.667100 0.040214
-1.669800 0.040178
-1.675200 0.040142
-1.682900 0.040104
-1.685400 0.040066
-1.688000 0.040027
-1.690500 0.039988
-1.693000 0.039947
-1.695500 0.039906
-1.698000 0.039864
-1.700400 0.039821
-1.703000 0.039778
-1.705300 0.039733
-1.710400 0.039689
-1.712800 0.039643
-1.720100 0.039596
-1.722500 0.039549
-1.724800 0.039502
-1.727100 0.039453
-1.729500 0.039404
-1.731700 0.039354
-1.736200 0.039303
-1.738400 0.039252
-1.740600 0.039200
-1.742800 0.039147
-1.745000 0.039094
-1.747300 0.039040
-1.749600 0.038985
-1.751900 0.038930
-1.754100 0.038874
-1.758600 0.038817
-1.760800 0.038760
-1.762900 0.038702
-1.765100 0.038643
-1.767300 0.038584
-1.769400 0.038524
-1.771500 0.038463
-1.773600 0.038402
-1.775800 0.038340
-1.777900 0.038277
-1.780100 0.038214
-1.782300 0.038151
-1.784500 0.038086
-1.786500 0.038021
-1.788600 0.037956
-1.790600 0.037889
-1.792800 0.037823
-1.795000 0.037755
-1.797200 0.037687
-1.799300 0.037618
-1.801400 0.037549
-1.803600 0.037479
-1.805700 0.037409
-1.807800 0.037338
-1.812200 0.037267
-1.814200 0.037195
-1.816300 0.037122
-1.818400 0.037049
-1.820500 0.036975
-1.822500 0.036901
-1.824700 0.036826
-1.826900 0.036751
-1.829000 0.036675
-1.831000 0.036598
-1.833200 0.036522
-1.835200 0.036444
-1.837400 0.036366
-1.839500 0.036288
-1.841600 0.036209
-1.843600 0.036130
-1.845700 0.036050
-1.850000 0.035970
-1.852100 0.035890
-1.854300 0.035809
-1.856300 0.035727
-1.858300 0.035645
-1.860500 0.035563
-1.862500 0.035481
-1.866700 0.035398
-1.868900 0.035314
-1.870900 0.035231
-1.873000 0.035147
-1.875000 0.035063
-1.877000 0.034978
-1.879000 0.034893
-1.881200 0.034808
-1.883100 0.034723
-1.885200 0.034637
-1.887200 0.034551
-1.889300 0.034465
-1.891400 0.034379
-1.893600 0.034292
-1.895600 0.034205
-1.897900 0.034118
-1.900100 0.034031
-1.902200 0.033944
-1.904300 0.033857
-1.908500 0.033769
-1.910500 0.033682
-1.912500 0.033594
-1.916900 0.033507
-1.921300 0.033419
-1.923300 0.033331
-1.925300 0.033243
-1.927500 0.033155
-1.929700 0.033067
-1.931700 0.032979
-1.933800 0.032892
-1.936000 0.032804
-1.938100 0.032716
-1.940400 0.032628
-1.942700 0.032541
-1.944900 0.032453
-1.947200 0.032366
-1.949400 0.032278
-1.951700 0.032191
-1.953800 0.032104
-1.956000 0.032017
-1.958300 0.031930
-1.960500 0.031843
-1.962800 0.031757
-1.965200 0.031670
-1.967600 0.031584
-1.969700 0.031498
-1.972100 0.031412
-1.974500 0.031327
-1.976800 0.031241
-1.979200 0.031156
-1.981600 0.031071
-1.991700 0.030987
-1.994200 0.030902
-1.996600 0.030818
-1.999100 0.030734
-2.001700 0.030651
-2.004300 0.030567
-2.011900 0.030484
-2.017000 0.030402
-2.019500 0.030319
-2.022100 0.030237
-2.024700 0.030155
-2.027400 0.030073
-2.030100 0.029992
-2.032800 0.029911
-2.035700 0.029830
-2.038500 0.029750
-2.041300 0.029670
-2.044000 0.029590
-2.046800 0.029510
-2.052400 0.029431
-2.058100 0.029352
-2.061200 0.029274
-2.064300 0.029196
-2.067200 0.029118
-2.070300 0.029040
-2.073400 0.028963
-2.076500 0.028886
-2.079500 0.028809
-2.082500 0.028733
-2.085900 0.028657
-2.092500 0.028581
-2.095900 0.028506
-2.099300 0.028431
-2.106400 0.028356
-2.110000 0.028281
-2.113700 0.028207
-2.117400 0.028133
-2.121100 0.028059
-2.124700 0.027986
-2.128700 0.027913
-2.132700 0.027840
-2.136700 0.027767
-2.140700 0.027695
-2.144900 0.027623
-2.149400 0.027551
-2.153800 0.027480
-2.157900 0.027409
-2.162700 0.027338
-2.167100 0.027267
-2.171400 0.027197
-2.176100 0.027127
-2.180900 0.027057
-2.186000 0.026987
-2.191000 0.026918
-2.196200 0.026849
-2.201400 0.026780
-2.206700 0.026712
-2.212600 0.026644
-2.218500 0.026573
-2.224500 0.026503
-2.237200 0.026434
-2.244100 0.026364
-2.251200 0.026295
-2.258700 0.026226
-2.266200 0.026158
-2.274400 0.026090
-2.282600 0.026022
-2.291700 0.025955
-2.300200 0.025888
-2.309600 0.025821
-2.320200 0.025754
-2.330700 0.025688
-2.341700 0.025622
-2.353400 0.025556
-2.366600 0.025490
-2.380300 0.025425
-2.394700 0.025360
-2.410500 0.025295
-2.428200 0.025230
-2.447200 0.025166
-2.468900 0.025103
-2.493000 0.025039
-2.519100 0.024977
-2.548700 0.024914
-2.586900 0.024852
-2.781500 0.024791
-2.907900 0.024730
-3.107100 0.024671
-3.481600 0.024612
-4.622700 0.024554
