56.139000 0.255667
2.291200 0.255667
0.276920 0.255667
-0.225280 0.255667
-0.463900 0.255667
-0.599520 0.255667
-0.700870 0.255667
-0.788300 0.255667
-0.909450 0.255667
-0.955200 0.255667
-0.996920 0.255667
-1.026200 0.255667
-1.059500 0.255667
-1.088500 0.255667
-1.118800 0.255667
-1.145400 0.255666
-1.167800 0.255661
-1.187200 0.255610
-1.208000 0.255100
-1.224500 0.250000
-1.243000 0.244900
-1.259900 0.241167
-1.275100 0.238038
-1.292300 0.235343
-1.307700 0.232951
-1.323300 0.230813
-1.336300 0.228909
-1.348700 0.227224
-1.359500 0.225704
-1.380200 0.224249
-1.401600 0.222886
-1.411400 0.221624
-1.421100 0.220467
-1.430500 0.219414
-1.440100 0.218461
-1.455700 0.217601
-1.463800 0.216828
-1.470500 0.216138
-1.478800 0.215523
-1.487000 0.214351
-1.494100 0.213326
-1.500100 0.212405
-1.507000 0.211572
-1.513200 0.210817
-1.518600 0.210132
-1.524400 0.209511
-1.530600 0.208944
-1.536900 0.208430
-1.542500 0.207963
-1.548200 0.207539
-1.552900 0.207154
-1.558200 0.206802
-1.563200 0.206479
-1.568500 0.206179
-1.572800 0.205899
-1.578000 0.205633
-1.583200 0.205377
-1.587700 0.205147
-1.592700 0.204937
-1.597200 0.204741
-1.601500 0.204557
-1.605400 0.204381
-1.609300 0.204208
-1.613500 0.204036
-1.617300 0.203862
-1.621300 0.203682
-1.625100 0.203494
-1.628500 0.203295
-1.632800 0.203084
-1.636500 0.202857
-1.640300 0.202614
-1.643700 0.202353
-1.647700 0.202071
-1.651400 0.201768
-1.663800 0.201442
-1.667200 0.201091
-1.670000 0.200716
-1.673100 0.200314
-1.676400 0.199887
-1.679200 0.199432
-1.685100 0.198951
-1.688400 0.198443
-1.691200 0.197909
-1.693900 0.197349
-1.696900 0.196763
-1.699500 0.196152
-1.702100 0.195517
-1.704600 0.194860
-1.707700 0.194180
-1.710200 0.193480
-1.713000 0.192760
-1.715700 0.192022
-1.722700 0.191268
-1.725000 0.190498
-1.727600 0.189715
-1.730300 0.188919
-1.732600 0.188113
-1.735100 0.187297
-1.737600 0.186474
-1.740000 0.185646
-1.742300 0.184812
-1.744600 0.183976
-1.746700 0.183139
-1.748800 0.182301
-1.750900 0.181465
-1.753200 0.180632
-1.755300 0.179802
-1.757600 0.178977
-1.759600 0.178159
-1.761700 0.177348
-1.763700 0.176545
-1.765700 0.175752
-1.767900 0.174968
-1.769900 0.174195
-1.771800 0.173433
-1.773900 0.172682
-1.775800 0.171945
-1.779800 0.171220
-1.781900 0.170508
-1.785500 0.169809
-1.787200 0.169124
-1.788800 0.168452
-1.790700 0.167795
-1.792200 0.167151
-1.794100 0.166520
-1.795900 0.165903
-1.797700 0.165300
-1.799500 0.164710
-1.801100 0.164133
-1.802600 0.163568
-1.804500 0.163016
-1.806200 0.162475
-1.807900 0.161946
-1.811300 0.161428
-1.812800 0.160921
-1.814600 0.160423
-1.816200 0.159935
-1.817800 0.159457
-1.819300 0.158986
-1.820900 0.158524
-1.822400 0.158068
-1.823900 0.157620
-1.825400 0.157177
-1.826800 0.156740
-1.828300 0.156308
-1.829800 0.155880
-1.831200 0.155456
-1.832900 0.155034
-1.834300 0.154616
-1.835600 0.154199
-1.837100 0.153784
-1.838500 0.153370
-1.839900 0.152957
-1.841300 0.152543
-1.842900 0.152129
-1.844200 0.151714
-1.845400 0.151298
-1.846700 0.150881
-1.848100 0.150461
-1.849600 0.150039
-1.850900 0.149615
-1.852300 0.149188
-1.853400 0.148759
-1.854800 0.148326
-1.856100 0.147891
-1.857500 0.147452
-1.858700 0.147010
-1.860100 0.146565
-1.861500 0.146117
-1.862700 0.145665
-1.863900 0.145211
-1.865100 0.144754
-1.866400 0.144294
-1.867700 0.143832
-1.868800 0.143367
-1.870100 0.142901
-1.871500 0.142432
-1.872700 0.141962
-1.874000 0.141491
-1.876600 0.141019
-1.877800 0.140546
-1.878900 0.140074
-1.880000 0.139601
-1.881100 0.139129
-1.882200 0.138657
-1.883300 0.138187
-1.884500 0.137718
-1.898500 0.137252
-1.904900 0.136787
-1.910600 0.136325
-1.916800 0.135866
-1.928500 0.135410
-1.934100 0.134958
-1.939200 0.134509
-1.944700 0.134065
-1.950200 0.133625
-1.955300 0.133190
-1.960100 0.132760
-1.964900 0.132335
-1.969600 0.131915
-1.974300 0.131501
-1.983500 0.131093
-1.987700 0.130691
-1.991900 0.130294
-1.996300 0.129904
-2.000500 0.129520
-2.004800 0.129142
-2.008800 0.128771
-2.012600 0.128406
-2.016700 0.128048
-2.020600 0.127696
-2.024400 0.127351
-2.028200 0.127013
-2.032000 0.126681
-2.035800 0.126356
-2.039500 0.126037
-2.043100 0.125725
-2.046500 0.125419
-2.049900 0.125120
-2.053500 0.124827
-2.057000 0.124540
-2.060400 0.124259
-2.063800 0.123984
-2.070300 0.123716
-2.073500 0.123453
-2.076800 0.123196
-2.079800 0.122944
-2.083000 0.122698
-2.086200 0.122458
-2.092400 0.122222
-2.095300 0.121992
-2.101400 0.121766
-2.104300 0.121546
-2.107200 0.121330
-2.109900 0.121119
-2.112900 0.120911
-2.115600 0.120709
-2.118400 0.120510
-2.121200 0.120315
-2.124100 0.120123
-2.127000 0.119936
-2.129800 0.119751
-2.132700 0.119570
-2.135400 0.119393
-2.138100 0.119218
-2.143300 0.119046
-2.146000 0.118876
-2.148800 0.118710
-2.151600 0.118546
-2.154200 0.118384
-2.156800 0.118225
-2.159400 0.118068
-2.162100 0.117913
-2.164600 0.117760
-2.167100 0.117610
-2.169600 0.117461
-2.172100 0.117315
-2.174500 0.117170
-2.177100 0.117028
-2.179500 0.116888
-2.181900 0.116750
-2.184500 0.116615
-2.186800 0.116481
-2.189200 0.116350
-2.191700 0.116221
-2.194100 0.116095
-2.196400 0.115971
-2.201200 0.115850
-2.203500 0.115732
-2.206000 0.115617
-2.208300 0.115504
-2.210700 0.115395
-2.213000 0.115289
-2.215200 0.115186
-2.217400 0.115086
-2.219800 0.114990
-2.222100 0.114898
-2.224200 0.114809
-2.226400 0.114723
-2.228600 0.114642
-2.233000 0.114564
-2.235200 0.114490
-2.237500 0.114419
-2.239700 0.114352
-2.241900 0.114290
-2.244100 0.114230
-2.246300 0.114175
-2.248300 0.114123
-2.250600 0.114075
-2.252900 0.114030
-2.255000 0.113988
-2.257100 0.113949
-2.259200 0.113914
-2.261400 0.113881
-2.263500 0.113852
-2.265600 0.113824
-2.267700 0.113800
-2.269800 0.113777
-2.271900 0.113756
-2.274100 0.113738
-2.276300 0.113720
-2.278500 0.113705
-2.280700 0.113690
-2.282800 0.113676
-2.285100 0.113663
-2.289500 0.113650
-2.291600 0.113638
-2.293700 0.113626
-2.295800 0.113613
-2.297800 0.113600
-2.299900 0.113587
-2.301900 0.113573
-2.304100 0.113557
-2.306100 0.113541
-2.308200 0.113524
-2.310300 0.113504
-2.312600 0.113484
-2.314700 0.113461
-2.316700 0.113437
-2.318700 0.113410
-2.320900 0.113381
-2.322900 0.113350
-2.325000 0.113316
-2.327200 0.113280
-2.329300 0.113242
-2.333500 0.113200
-2.337700 0.113156
-2.339800 0.113109
-2.341900 0.113059
-2.344100 0.113006
-2.346300 0.112950
-2.348400 0.112890
-2.350600 0.112828
-2.352700 0.112762
-2.354900 0.112693
-2.357100 0.112621
-2.359200 0.112545
-2.363500 0.112466
-2.365700 0.112384
-2.368000 0.112298
-2.370200 0.112208
-2.372400 0.112115
-2.374600 0.112019
-2.376700 0.111919
-2.379200 0.111815
-2.381300 0.111708
-2.383500 0.111597
-2.385700 0.111482
-2.388000 0.111364
-2.392500 0.111242
-2.394700 0.111117
-2.397200 0.110988
-2.399400 0.110856
-2.401700 0.110720
-2.404000 0.110581
-2.406400 0.110438
-2.408700 0.110293
-2.411000 0.110143
-2.413400 0.109991
-2.415700 0.109835
-2.418000 0.109676
-2.422600 0.109515
-2.424900 0.109350
-2.427300 0.109183
-2.429700 0.109012
-2.431900 0.108840
-2.434300 0.108664
-2.436900 0.108487
-2.439300 0.108306
-2.441900 0.108124
-2.444400 0.107940
-2.446800 0.107753
-2.449500 0.107565
-2.452100 0.107375
-2.454800 0.107183
-2.457200 0.106990
-2.459600 0.106795
-2.462300 0.106599
-2.465000 0.106402
-2.467800 0.106203
-2.473200 0.106003
-2.476100 0.105802
-2.478800 0.105600
-2.481500 0.105397
-2.484400 0.105194
-2.487300 0.104989
-2.490400 0.104784
-2.493200 0.104578
-2.496200 0.104371
-2.499100 0.104164
-2.502100 0.103956
-2.505000 0.103748
-2.508100 0.103539
-2.511200 0.103329
-2.514200 0.103119
-2.517300 0.102908
-2.520300 0.102697
-2.523500 0.102485
-2.526700 0.102273
-2.530000 0.102060
-2.533300 0.101847
-2.536500 0.101633
-2.540000 0.101419
-2.543400 0.101204
-2.547000 0.100989
-2.550600 0.100774
-2.554100 0.100558
-2.557600 0.100341
-2.561400 0.100124
-2.565000 0.099907
-2.568800 0.099689
-2.572500 0.099471
-2.576300 0.099253
-2.580100 0.099034
-2.584100 0.098815
-2.588300 0.098595
-2.592700 0.098376
-2.596800 0.098156
-2.601000 0.097937
-2.605500 0.097717
-2.610000 0.097497
-2.614800 0.097277
-2.619700 0.097057
-2.624500 0.096837
-2.629600 0.096617
-2.634400 0.096398
-2.644800 0.096178
-2.650100 0.095959
-2.655300 0.095740
-2.661500 0.095522
-2.667600 0.095303
-2.674000 0.095086
-2.680400 0.094868
-2.687200 0.094651
-2.694100 0.094435
-2.701400 0.094219
-2.708300 0.094003
-2.715500 0.093788
-2.723900 0.093573
-2.732600 0.093359
-2.741200 0.093146
-2.750600 0.092933
-2.760400 0.092721
-2.768600 0.092510
-2.779700 0.092299
-2.792000 0.092089
-2.803900 0.091880
-2.817100 0.091671
-2.830500 0.091463
-2.845300 0.091252
-2.860800 0.091041
-2.877300 0.090832
-2.895900 0.090623
-2.917500 0.090416
-2.941500 0.090209
-2.967100 0.090003
-2.994000 0.089798
-3.027200 0.089593
-3.104500 0.089390
-3.156500 0.089187
-3.214800 0.088984
-3.250100 0.088783
-3.325500 0.088584
-3.420000 0.088385
-3.558600 0.088188
-3.770700 0.087992
-4.049600 0.087798
-4.765800 0.087607
