116.690000 0.115818
10.497000 0.115818
6.138100 0.115818
5.918300 0.115818
5.255500 0.115818
5.216800 0.115818
5.216800 0.115818
5.134700 0.115818
4.882500 0.115818
4.351900 0.115818
4.007800 0.115818
2.410400 0.115818
1.931500 0.115818
1.218800 0.115818
0.741650 0.115818
0.581980 0.115818
0.308670 0.115818
0.206440 0.115818
0.132830 0.115818
-0.032213 0.115818
-0.088365 0.115818
-0.137560 0.115818
-0.184620 0.115818
-0.239490 0.115818
-0.285940 0.115818
-0.321400 0.115818
-0.394760 0.115818
-0.432300 0.115818
-0.465750 0.115818
-0.495710 0.115818
-0.524220 0.115818
-0.552290 0.115818
-0.578200 0.115818
-0.602950 0.115818
-0.623160 0.115818
-0.645620 0.115818
-0.666430 0.115818
-0.687550 0.115818
-0.706440 0.115818
-0.722890 0.115818
-0.740470 0.115818
-0.756150 0.115818
-0.786670 0.115818
-0.801320 0.115818
-0.815110 0.115818
-0.831470 0.115818
-0.846760 0.115818
-0.859300 0.115818
-0.870230 0.115818
-0.882070 0.115818
-0.893110 0.115818
-0.904770 0.115818
-0.916550 0.115818
-0.937670 0.115818
-0.957690 0.115818
-0.967760 0.115818
-0.979170 0.115818
-0.988210 0.115818
-0.996630 0.115818
-1.004700 0.115818
-1.013900 0.115818
-1.021600 0.115818
-1.028800 0.115818
-1.046000 0.115818
-1.054400 0.115818
-1.062100 0.115818
-1.069400 0.115818
-1.076600 0.115818
-1.084600 0.115818
-1.091500 0.115818
-1.098800 0.115818
-1.105700 0.115818
-1.112300 0.115818
-1.119200 0.115818
-1.125400 0.115818
-1.137100 0.115818
-1.143500 0.115818
-1.148700 0.115818
-1.153800 0.115818
-1.160000 0.115818
-1.165500 0.115818
-1.170800 0.115818
-1.175300 0.115818
-1.180200 0.115818
-1.185700 0.115818
-1.190600 0.115818
-1.195000 0.115818
-1.199600 0.115818
-1.203900 0.115818
-1.209100 0.115818
-1.213200 0.115818
-1.217100 0.115818
-1.221200 0.115818
-1.225800 0.115818
-1.230300 0.115818
-1.234700 0.115818
-1.239000 0.115818
-1.243000 0.115818
-1.247000 0.115818
-1.251000 0.115818
-1.254900 0.115818
-1.259200 0.115818
-1.263400 0.115818
-1.267400 0.115818
-1.271400 0.115818
-1.275300 0.115818
-1.279000 0.115818
-1.286000 0.115818
-1.290000 0.115818
-1.293500 0.115818
-1.296200 0.115818
-1.299900 0.115818
-1.303600 0.115818
-1.306900 0.115818
-1.310400 0.115818
-1.313900 0.115818
-1.317200 0.115818
-1.320800 0.115818
-1.324200 0.115818
-1.327300 0.115818
-1.329900 0.115818
-1.333100 0.115818
-1.336000 0.115818
-1.339000 0.115818
-1.341900 0.115818
-1.345100 0.115818
-1.347600 0.115818
-1.350700 0.115814
-1.353600 0.115775
-1.356500 0.115380
-1.359200 0.114985
-1.365000 0.114616
-1.367500 0.114259
-1.370300 0.113912
-1.372700 0.113573
-1.375500 0.113239
-1.378100 0.112910
-1.380500 0.112585
-1.382700 0.112264
-1.385400 0.111946
-1.387400 0.111631
-1.390100 0.111318
-1.392400 0.111008
-1.395100 0.110700
-1.397300 0.110394
-1.400000 0.110090
-1.402200 0.109788
-1.404500 0.109488
-1.407000 0.109189
-1.409400 0.108893
-1.411900 0.108597
-1.414100 0.108301
-1.416400 0.108007
-1.418400 0.107713
-1.420600 0.107421
-1.427200 0.107130
-1.429200 0.106839
-1.431400 0.106550
-1.433600 0.106263
-1.435800 0.105976
-1.438000 0.105691
-1.440200 0.105407
-1.442400 0.105124
-1.444100 0.104843
-1.445900 0.104563
-1.447900 0.104284
-1.450100 0.104007
-1.452400 0.103731
-1.454600 0.103456
-1.456800 0.103183
-1.460400 0.102911
-1.462300 0.102641
-1.464200 0.102355
-1.466000 0.102071
-1.467900 0.101788
-1.469600 0.101507
-1.471700 0.101228
-1.473700 0.100950
-1.475600 0.100673
-1.477500 0.100397
-1.480800 0.100122
-1.482700 0.099849
-1.494300 0.099577
-1.504500 0.099306
-1.514300 0.099036
-1.523900 0.098767
-1.533000 0.098499
-1.541600 0.098232
-1.550400 0.097966
-1.558700 0.097702
-1.567100 0.097438
-1.574600 0.097176
-1.582900 0.096914
-1.590700 0.096654
-1.598600 0.096394
-1.605600 0.096136
-1.612800 0.095879
-1.619400 0.095623
-1.626200 0.095367
-1.632600 0.095113
-1.639200 0.094860
-1.645500 0.094608
-1.651800 0.094357
-1.657900 0.094107
-1.663600 0.093859
-1.669400 0.093611
-1.675300 0.093364
-1.681000 0.093118
-1.686900 0.092874
-1.692400 0.092630
-1.697600 0.092388
-1.703200 0.092146
-1.708200 0.091906
-1.713300 0.091667
-1.718000 0.091429
-1.722700 0.091192
-1.727500 0.090957
-1.732500 0.090723
-1.737400 0.090490
-1.742100 0.090258
-1.746500 0.090027
-1.751200 0.089798
-1.755500 0.089570
-1.759900 0.089343
-1.764100 0.089117
-1.768500 0.088893
-1.772900 0.088670
-1.776900 0.088448
-1.781000 0.088227
-1.785500 0.088007
-1.789500 0.087789
-1.797400 0.087572
-1.801300 0.087356
-1.805400 0.087141
-1.809000 0.086927
-1.813000 0.086715
-1.816800 0.086504
-1.820400 0.086294
-1.824000 0.086086
-1.827800 0.085878
-1.831400 0.085672
-1.838700 0.085467
-1.845700 0.085264
-1.849200 0.085061
-1.852700 0.084860
-1.856200 0.084660
-1.859700 0.084461
-1.862900 0.084264
-1.866200 0.084068
-1.869400 0.083873
-1.872700 0.083679
-1.875900 0.083486
-1.879100 0.083295
-1.882400 0.083105
-1.885600 0.082916
-1.888900 0.082729
-1.895000 0.082542
-1.898000 0.082357
-1.901000 0.082173
-1.904000 0.081991
-1.907000 0.081809
-1.910100 0.081629
-1.916300 0.081450
-1.919100 0.081273
-1.925200 0.081096
-1.928100 0.080921
-1.931100 0.080747
-1.934100 0.080574
-1.937100 0.080402
-1.940000 0.080232
-1.942900 0.080062
-1.945900 0.079894
-1.948700 0.079728
-1.951800 0.079562
-1.954600 0.079398
-1.957500 0.079234
-1.960300 0.079072
-1.965600 0.078912
-1.968400 0.078752
-1.971000 0.078594
-1.973700 0.078436
-1.976400 0.078280
-1.979200 0.078125
-1.981700 0.077972
-1.984400 0.077819
-1.987100 0.077668
-1.989700 0.077518
-1.992300 0.077369
-1.994900 0.077221
-1.997500 0.077074
-2.000300 0.076928
-2.002900 0.076784
-2.005600 0.076641
-2.008300 0.076499
-2.010700 0.076358
-2.013300 0.076218
-2.016000 0.076079
-2.018600 0.075942
-2.021400 0.075806
-2.023900 0.075670
-2.026500 0.075536
-2.029100 0.075403
-2.031400 0.075271
-2.034000 0.075140
-2.036600 0.075011
-2.039200 0.074882
-2.041800 0.074755
-2.044300 0.074629
-2.047000 0.074503
-2.049500 0.074379
-2.051900 0.074256
-2.054200 0.074134
-2.056900 0.074013
-2.061900 0.073894
-2.064300 0.073775
-2.066800 0.073657
-2.069200 0.073541
-2.071700 0.073425
-2.074300 0.073311
-2.076800 0.073197
-2.079200 0.073085
-2.081600 0.072974
-2.084000 0.072863
-2.086500 0.072754
-2.089000 0.072646
-2.091400 0.072539
-2.093900 0.072433
-2.096400 0.072328
-2.098900 0.072224
-2.101300 0.072120
-2.103900 0.072018
-2.106400 0.071917
-2.109000 0.071817
-2.114100 0.071718
-2.116500 0.071620
-2.119100 0.071523
-2.121500 0.071427
-2.123900 0.071332
-2.126400 0.071238
-2.128900 0.071145
-2.131300 0.071053
-2.133800 0.070961
-2.136500 0.070871
-2.138900 0.070782
-2.141400 0.070693
-2.143900 0.070606
-2.146400 0.070519
-2.148900 0.070434
-2.151500 0.070349
-2.154000 0.070265
-2.156500 0.070182
-2.159100 0.070100
-2.164400 0.070019
-2.167100 0.069939
-2.169700 0.069860
-2.172200 0.069782
-2.174800 0.069704
-2.177400 0.069627
-2.180000 0.069552
-2.182600 0.069477
-2.185100 0.069402
-2.187800 0.069329
-2.190400 0.069257
-2.193000 0.069185
-2.195800 0.069114
-2.198500 0.069044
-2.201200 0.068975
-2.204000 0.068907
-2.206700 0.068839
-2.209400 0.068773
-2.212100 0.068707
-2.214900 0.068642
-2.217500 0.068577
-2.223100 0.068514
-2.225800 0.068451
-2.228600 0.068389
-2.231400 0.068327
-2.234200 0.068267
-2.237000 0.068207
-2.239900 0.068147
-2.242800 0.068089
-2.251500 0.068031
-2.254400 0.067974
-2.257400 0.067917
-2.260400 0.067862
-2.263400 0.067806
-2.269600 0.067752
-2.272600 0.067698
-2.275600 0.067644
-2.281800 0.067592
-2.285000 0.067540
-2.291400 0.067488
-2.294600 0.067437
-2.297900 0.067387
-2.301200 0.067337
-2.304700 0.067288
-2.308100 0.067240
-2.311400 0.067192
-2.314900 0.067145
-2.318300 0.067098
-2.321800 0.067052
-2.325500 0.067006
-2.329200 0.066961
-2.332900 0.066916
-2.336700 0.066872
-2.340300 0.066829
-2.344200 0.066786
-2.348100 0.066744
-2.351900 0.066702
-2.359500 0.066660
-2.367500 0.066620
-2.371700 0.066579
-2.375800 0.066540
-2.380100 0.066500
-2.384400 0.066462
-2.388800 0.066423
-2.393400 0.066386
-2.398100 0.066349
-2.402700 0.066312
-2.407400 0.066270
-2.412400 0.066228
-2.417400 0.066188
-2.422300 0.066147
-2.427200 0.066108
-2.432200 0.066069
-2.437700 0.066031
-2.442700 0.065993
-2.448000 0.065956
-2.453600 0.065920
-2.464800 0.065884
-2.471100 0.065849
-2.477300 0.065815
-2.484000 0.065781
-2.497800 0.065747
-2.505100 0.065714
-2.512800 0.065682
-2.521100 0.065649
-2.529700 0.065618
-2.538100 0.065586
-2.547500 0.065556
-2.557000 0.065525
-2.567000 0.065495
-2.577700 0.065465
-2.588300 0.065436
-2.600600 0.065407
-2.612500 0.065380
-2.625900 0.065353
-2.639600 0.065326
-2.654900 0.065300
-2.672800 0.065275
-2.691400 0.065251
-2.711400 0.065227
-2.734500 0.065204
-2.760400 0.065182
-2.791100 0.065160
-2.826700 0.065140
-2.869900 0.065121
-2.925500 0.065103
-3.006000 0.065088
-3.133200 0.065076
-3.419600 0.065076
