568.450000 0.135860
5.432200 0.135860
2.112200 0.135860
1.284000 0.135860
0.675800 0.135860
0.358600 0.135860
0.182540 0.135860
0.051056 0.135860
-0.052948 0.135860
-0.133940 0.135860
-0.209240 0.135860
-0.377720 0.135858
-0.420070 0.135835
-0.457030 0.135607
-0.496060 0.133330
-0.527920 0.131053
-0.558430 0.129273
-0.587860 0.127763
-0.612820 0.126430
-0.636190 0.125226
-0.657360 0.124119
-0.679750 0.123092
-0.698410 0.122128
-0.718020 0.121218
-0.736690 0.120353
-0.768630 0.119530
-0.784700 0.118744
-0.797350 0.117989
-0.811000 0.117260
-0.822080 0.116555
-0.833250 0.115871
-0.843220 0.115207
-0.853790 0.114563
-0.865630 0.113936
-0.875810 0.113327
-0.885250 0.112735
-0.896350 0.112158
-0.912350 0.111598
-0.921010 0.111053
-0.928670 0.110519
-0.936390 0.109987
-0.944290 0.109458
-0.952440 0.108936
-0.960800 0.108420
-0.967480 0.107912
-0.973080 0.107412
-0.979260 0.106919
-0.993130 0.106435
-0.998410 0.105959
-1.004200 0.105492
-1.009800 0.105034
-1.015500 0.104584
-1.020200 0.104142
-1.026300 0.103709
-1.031500 0.103284
-1.037700 0.102867
-1.042900 0.102459
-1.047200 0.102059
-1.056100 0.101667
-1.060200 0.101283
-1.064300 0.100907
-1.068100 0.100538
-1.072300 0.100178
-1.076200 0.099824
-1.080200 0.099478
-1.084800 0.099140
-1.089000 0.098809
-1.092100 0.098316
-1.096200 0.097845
-1.100100 0.097392
-1.104100 0.096953
-1.107700 0.096526
-1.111100 0.096111
-1.114700 0.095706
-1.118500 0.095310
-1.121600 0.094924
-1.125000 0.094546
-1.127900 0.094176
-1.131100 0.093814
-1.134000 0.093458
-1.137000 0.093110
-1.139700 0.092769
-1.146400 0.092434
-1.152400 0.092105
-1.155700 0.091783
-1.158400 0.091467
-1.161200 0.091156
-1.164200 0.090851
-1.166900 0.090551
-1.170000 0.090257
-1.173100 0.089968
-1.175900 0.089685
-1.178700 0.089406
-1.181100 0.089132
-1.183900 0.088864
-1.186500 0.088600
-1.189700 0.088341
-1.192300 0.088087
-1.194800 0.087838
-1.197300 0.087594
-1.199500 0.087354
-1.202000 0.087119
-1.204700 0.086888
-1.206900 0.086662
-1.209500 0.086440
-1.211900 0.086223
-1.214400 0.086009
-1.216900 0.085800
-1.219200 0.085594
-1.223800 0.085393
-1.226100 0.085196
-1.228100 0.085002
-1.230500 0.084812
-1.232700 0.084625
-1.234900 0.084443
-1.236700 0.084263
-1.240600 0.084087
-1.244700 0.083917
-1.246900 0.083751
-1.249200 0.083590
-1.250800 0.083433
-1.252800 0.083281
-1.254600 0.083133
-1.256500 0.082990
-1.258500 0.082851
-1.260400 0.082715
-1.262200 0.082584
-1.263800 0.082456
-1.265600 0.082332
-1.267300 0.082212
-1.269000 0.082096
-1.271000 0.081983
-1.272800 0.081873
-1.274600 0.081767
-1.276300 0.081664
-1.278300 0.081564
-1.279800 0.081468
-1.281500 0.081375
-1.283300 0.081284
-1.285100 0.081197
-1.286800 0.081113
-1.288400 0.081031
-1.290300 0.080953
-1.291800 0.080877
-1.293500 0.080804
-1.297000 0.080733
-1.298700 0.080665
-1.300300 0.080599
-1.302000 0.080536
-1.303400 0.080475
-1.305000 0.080417
-1.306500 0.080361
-1.308100 0.080307
-1.311100 0.080255
-1.312500 0.080205
-1.314200 0.080157
-1.315700 0.080112
-1.317300 0.080068
-1.318800 0.080026
-1.320400 0.079985
-1.322200 0.079947
-1.323600 0.079910
-1.325100 0.079875
-1.326500 0.079841
-1.327600 0.079810
-1.329200 0.079779
-1.330400 0.079750
-1.331900 0.079722
-1.333500 0.079696
-1.334900 0.079670
-1.336400 0.079646
-1.337800 0.079623
-1.339300 0.079601
-1.340600 0.079580
-1.342000 0.079560
-1.343500 0.079541
-1.344800 0.079522
-1.346000 0.079505
-1.347300 0.079488
-1.348700 0.079471
-1.350000 0.079456
-1.351300 0.079440
-1.352500 0.079425
-1.353900 0.079411
-1.355400 0.079397
-1.356600 0.079384
-1.357700 0.079370
-1.359000 0.079357
-1.366800 0.079344
-1.374000 0.079332
-1.381600 0.079319
-1.388200 0.079306
-1.395400 0.079294
-1.402000 0.079281
-1.408600 0.079268
-1.420800 0.079256
-1.427300 0.079243
-1.432900 0.079230
-1.438800 0.079216
-1.445000 0.079203
-1.450500 0.079189
-1.455900 0.079174
-1.461200 0.079160
-1.471800 0.079145
-1.477100 0.079129
-1.482000 0.079113
-1.486900 0.079097
-1.492000 0.079080
-1.501600 0.079062
-1.506100 0.079044
-1.510300 0.079025
-1.514900 0.079005
-1.519300 0.078985
-1.523600 0.078964
-1.527800 0.078942
-1.536200 0.078920
-1.540500 0.078896
-1.544700 0.078872
-1.548900 0.078847
-1.556800 0.078821
-1.561000 0.078794
-1.565300 0.078767
-1.569200 0.078738
-1.572900 0.078709
-1.576700 0.078678
-1.580600 0.078647
-1.584200 0.078614
-1.588100 0.078581
-1.591800 0.078546
-1.595500 0.078510
-1.599100 0.078474
-1.603100 0.078436
-1.606700 0.078397
-1.610300 0.078357
-1.614000 0.078316
-1.617600 0.078274
-1.621200 0.078231
-1.624900 0.078187
-1.628100 0.078141
-1.631500 0.078094
-1.634900 0.078047
-1.638000 0.077998
-1.641500 0.077948
-1.644700 0.077896
-1.648200 0.077844
-1.651400 0.077790
-1.654800 0.077735
-1.658100 0.077679
-1.661100 0.077622
-1.664400 0.077564
-1.667600 0.077505
-1.671000 0.077444
-1.674100 0.077382
-1.677400 0.077319
-1.680600 0.077255
-1.683900 0.077190
-1.686900 0.077123
-1.689900 0.077055
-1.693000 0.076987
-1.696200 0.076917
-1.699300 0.076846
-1.702400 0.076773
-1.705600 0.076700
-1.708700 0.076625
-1.714800 0.076550
-1.717700 0.076473
-1.720700 0.076395
-1.723600 0.076316
-1.726700 0.076236
-1.729800 0.076155
-1.732600 0.076073
-1.735600 0.075990
-1.738700 0.075906
-1.741600 0.075821
-1.744600 0.075734
-1.747600 0.075647
-1.750500 0.075559
-1.753400 0.075469
-1.756200 0.075379
-1.759300 0.075288
-1.762200 0.075196
-1.765100 0.075102
-1.768000 0.075008
-1.770800 0.074913
-1.773700 0.074817
-1.776400 0.074721
-1.779400 0.074623
-1.782200 0.074524
-1.785000 0.074425
-1.787900 0.074325
-1.790800 0.074224
-1.793500 0.074122
-1.796500 0.074019
-1.799400 0.073916
-1.802300 0.073812
-1.805000 0.073707
-1.807800 0.073601
-1.810800 0.073495
-1.813700 0.073388
-1.816500 0.073280
-1.822100 0.073172
-1.825000 0.073063
-1.827700 0.072953
-1.830400 0.072842
-1.833300 0.072731
-1.836000 0.072620
-1.838700 0.072508
-1.841500 0.072395
-1.844500 0.072282
-1.847400 0.072168
-1.850300 0.072053
-1.853100 0.071939
-1.855900 0.071823
-1.858800 0.071707
-1.861700 0.071591
-1.864600 0.071474
-1.867400 0.071357
-1.870400 0.071239
-1.873300 0.071121
-1.876200 0.071003
-1.879100 0.070884
-1.882100 0.070765
-1.884900 0.070645
-1.887500 0.070525
-1.890300 0.070405
-1.893200 0.070285
-1.896300 0.070164
-1.899300 0.070043
-1.902300 0.069921
-1.905200 0.069800
-1.908200 0.069678
-1.911100 0.069556
-1.914000 0.069433
-1.916900 0.069311
-1.919900 0.069188
-1.922800 0.069065
-1.928700 0.068942
-1.931600 0.068818
-1.934700 0.068695
-1.937500 0.068571
-1.940400 0.068448
-1.943300 0.068324
-1.946300 0.068200
-1.949300 0.068076
-1.952300 0.067951
-1.955400 0.067827
-1.958400 0.067703
-1.961300 0.067578
-1.964600 0.067454
-1.967600 0.067330
-1.973700 0.067205
-1.976900 0.067081
-1.980000 0.066956
-1.983000 0.066832
-1.986100 0.066707
-1.989200 0.066582
-1.992300 0.066458
-1.995500 0.066334
-1.998600 0.066209
-2.001900 0.066085
-2.005100 0.065960
-2.008400 0.065836
-2.011900 0.065712
-2.015200 0.065588
-2.018400 0.065464
-2.021900 0.065339
-2.025100 0.065215
-2.028200 0.065091
-2.031600 0.064968
-2.034800 0.064844
-2.038300 0.064720
-2.041500 0.064596
-2.044800 0.064473
-2.048400 0.064349
-2.051900 0.064226
-2.055500 0.064103
-2.062300 0.063980
-2.066000 0.063857
-2.069500 0.063734
-2.073100 0.063611
-2.076600 0.063489
-2.080300 0.063367
-2.084200 0.063244
-2.087900 0.063122
-2.091700 0.063000
-2.095400 0.062879
-2.103500 0.062757
-2.107600 0.062636
-2.111700 0.062514
-2.115900 0.062393
-2.119800 0.062272
-2.124000 0.062152
-2.128200 0.062031
-2.132300 0.061911
-2.136400 0.061790
-2.140700 0.061670
-2.149200 0.061551
-2.153600 0.061431
-2.158100 0.061312
-2.162400 0.061193
-2.167100 0.061074
-2.171600 0.060955
-2.176200 0.060836
-2.181000 0.060718
-2.185700 0.060600
-2.195000 0.060482
-2.200000 0.060364
-2.204700 0.060246
-2.210000 0.060129
-2.215100 0.060012
-2.220300 0.059895
-2.225400 0.059778
-2.230900 0.059658
-2.236300 0.059538
-2.242000 0.059418
-2.247900 0.059299
-2.253600 0.059180
-2.259400 0.059061
-2.265400 0.058943
-2.271400 0.058825
-2.277400 0.058707
-2.283700 0.058589
-2.289900 0.058472
-2.296300 0.058355
-2.303000 0.058238
-2.310100 0.058122
-2.316900 0.058005
-2.323800 0.057889
-2.338400 0.057774
-2.345600 0.057658
-2.353300 0.057543
-2.361200 0.057428
-2.369500 0.057314
-2.378000 0.057199
-2.395800 0.057085
-2.405300 0.056971
-2.414800 0.056857
-2.424400 0.056743
-2.435000 0.056630
-2.446100 0.056516
-2.457500 0.056403
-2.469200 0.056290
-2.481300 0.056178
-2.493500 0.056066
-2.506400 0.055955
-2.519700 0.055844
-2.533900 0.055733
-2.549100 0.055622
-2.564700 0.055512
-2.582400 0.055402
-2.601200 0.055293
-2.621000 0.055184
-2.641900 0.055075
-2.690700 0.054967
-2.719400 0.054859
-2.751700 0.054751
-2.784600 0.054643
-2.825400 0.054536
-3.158100 0.054428
-3.272100 0.054320
-3.610600 0.054212
-4.177800 0.054103
-4.789300 0.053993
-9.768300 0.053879
