126.210000 0.184862
9.193600 0.184862
9.120400 0.184862
8.877400 0.184862
8.849800 0.184862
8.479500 0.184862
8.048300 0.184862
7.273500 0.184862
4.975200 0.184862
4.384900 0.184862
3.818500 0.184862
3.304300 0.184862
2.942300 0.184862
2.659800 0.184862
2.408300 0.184862
2.047500 0.184862
1.926900 0.184862
1.826500 0.184862
1.715400 0.184862
1.603400 0.184862
1.509600 0.184862
1.416300 0.184862
1.320000 0.184862
1.241600 0.184862
1.188100 0.184862
1.136400 0.184862
1.011100 0.184862
0.964210 0.184862
0.922730 0.184862
0.883720 0.184862
0.851310 0.184862
0.820790 0.184862
0.783010 0.184862
0.755600 0.184862
0.725330 0.184862
0.671740 0.184862
0.641700 0.184862
0.617740 0.184862
0.594560 0.184862
0.573350 0.184862
0.553300 0.184862
0.532990 0.184862
0.513600 0.184862
0.494010 0.184862
0.475480 0.184862
0.441580 0.184862
0.408100 0.184862
0.391610 0.184862
0.375550 0.184862
0.360800 0.184862
0.331710 0.184862
0.317600 0.184862
0.304920 0.184862
0.294290 0.184862
0.280370 0.184862
0.267290 0.184862
0.256610 0.184862
0.244130 0.184862
0.233190 0.184862
0.221120 0.184862
0.209490 0.184862
0.198930 0.184862
0.189520 0.184862
0.180640 0.184862
0.171850 0.184862
0.162480 0.184862
0.145410 0.184862
0.136880 0.184862
0.127490 0.184862
0.112340 0.184862
0.104270 0.184862
0.096471 0.184862
0.089818 0.184862
0.083104 0.184862
0.076268 0.184862
0.068242 0.184862
0.060872 0.184862
0.054722 0.184862
0.048283 0.184862
0.042683 0.184862
0.036229 0.184862
0.030308 0.184862
0.024541 0.184862
0.019002 0.184862
0.014378 0.184862
0.008839 0.184862
0.003422 0.184862
-0.001674 0.184862
-0.006618 0.184862
-0.011775 0.184862
-0.016765 0.184862
-0.026912 0.184862
-0.030971 0.184862
-0.035472 0.184862
-0.040004 0.184862
-0.048534 0.184862
-0.052745 0.184862
-0.057125 0.184862
-0.069606 0.184862
-0.073604 0.184862
-0.077571 0.184862
-0.080821 0.184862
-0.084743 0.184862
-0.088146 0.184862
-0.091136 0.184862
-0.094615 0.184862
-0.098491 0.184862
-0.101800 0.184862
-0.105220 0.184862
-0.108150 0.184862
-0.111810 0.184862
-0.114420 0.184862
-0.118080 0.184862
-0.121500 0.184862
-0.125150 0.184862
-0.128520 0.184862
-0.132060 0.184862
-0.134620 0.184862
-0.137250 0.184862
-0.140350 0.184862
-0.143120 0.184862
-0.146010 0.184862
-0.149030 0.184862
-0.151730 0.184862
-0.154430 0.184862
-0.156920 0.184862
-0.162150 0.184862
-0.165110 0.184862
-0.167840 0.184862
-0.170250 0.184862
-0.175120 0.184862
-0.177430 0.184862
-0.180070 0.184862
-0.182510 0.184862
-0.185130 0.184862
-0.187330 0.184862
-0.189480 0.184862
-0.191620 0.184862
-0.194070 0.184862
-0.196480 0.184862
-0.198390 0.184862
-0.200540 0.184862
-0.202780 0.184862
-0.207010 0.184862
-0.209130 0.184862
-0.211270 0.184862
-0.213300 0.184862
-0.215630 0.184862
-0.217600 0.184862
-0.219630 0.184862
-0.221840 0.184862
-0.224040 0.184862
-0.226090 0.184862
-0.228140 0.184862
-0.229980 0.184862
-0.231970 0.184862
-0.234030 0.184862
-0.235850 0.184862
-0.237910 0.184862
-0.239970 0.184862
-0.241830 0.184862
-0.243740 0.184862
-0.245570 0.184862
-0.247250 0.184862
-0.248840 0.184862
-0.250610 0.184862
-0.252390 0.184862
-0.254090 0.184862
-0.255600 0.184862
-0.257310 0.184862
-0.259120 0.184862
-0.260740 0.184862
-0.262400 0.184862
-0.265740 0.184862
-0.267370 0.184862
-0.269240 0.184862
-0.270850 0.184862
-0.272230 0.184862
-0.273940 0.184862
-0.284310 0.184862
-0.293020 0.184862
-0.301360 0.184861
-0.309340 0.184852
-0.317180 0.184754
-0.324930 0.183780
-0.332330 0.182806
-0.339660 0.181846
-0.346840 0.180896
-0.353620 0.179969
-0.360480 0.179129
-0.366860 0.178410
-0.373170 0.177797
-0.384710 0.177101
-0.390940 0.176450
-0.396420 0.175844
-0.401440 0.175281
-0.411890 0.174760
-0.417000 0.174283
-0.421810 0.173848
-0.426390 0.173456
-0.435590 0.173097
-0.440440 0.172766
-0.449670 0.172454
-0.454160 0.172146
-0.462110 0.171828
-0.466120 0.171499
-0.470120 0.171160
-0.474220 0.170809
-0.478080 0.170453
-0.481870 0.170100
-0.485650 0.169750
-0.489210 0.169403
-0.492790 0.169059
-0.496490 0.168719
-0.499860 0.168376
-0.503440 0.168022
-0.506860 0.167652
-0.510370 0.167258
-0.513560 0.166841
-0.516800 0.166407
-0.519970 0.165959
-0.523300 0.165494
-0.526560 0.165015
-0.533020 0.164515
-0.536280 0.163986
-0.539460 0.163429
-0.542450 0.162843
-0.545570 0.162230
-0.548500 0.161588
-0.551490 0.160926
-0.557510 0.160249
-0.560450 0.159564
-0.563340 0.158878
-0.568840 0.158199
-0.571710 0.157525
-0.577130 0.156857
-0.579940 0.156194
-0.585310 0.155537
-0.587960 0.154886
-0.590600 0.154240
-0.593210 0.153599
-0.595760 0.152964
-0.598450 0.152334
-0.601020 0.151709
-0.603530 0.151089
-0.606010 0.150475
-0.608560 0.149871
-0.610990 0.149283
-0.613510 0.148717
-0.616130 0.148179
-0.618600 0.147673
-0.621010 0.147201
-0.623500 0.146761
-0.625900 0.146354
-0.628290 0.145979
-0.630660 0.145631
-0.632980 0.145303
-0.635360 0.144990
-0.637620 0.144686
-0.639920 0.144386
-0.644620 0.144089
-0.647060 0.143789
-0.649200 0.143481
-0.651530 0.143160
-0.653870 0.142818
-0.656090 0.142452
-0.658460 0.142061
-0.660670 0.141644
-0.662930 0.141202
-0.667370 0.140736
-0.669580 0.140250
-0.673820 0.139751
-0.676020 0.139245
-0.678250 0.138736
-0.680450 0.138236
-0.682540 0.137750
-0.684580 0.137283
-0.686840 0.136841
-0.689070 0.136427
-0.691220 0.136042
-0.693340 0.135687
-0.695430 0.135359
-0.697640 0.135061
-0.699840 0.134786
-0.701930 0.134529
-0.704110 0.134285
-0.706430 0.134048
-0.708430 0.133814
-0.710460 0.133582
-0.712540 0.133348
-0.714520 0.133105
-0.716580 0.132850
-0.718710 0.132576
-0.720970 0.132279
-0.723020 0.131959
-0.725060 0.131616
-0.727150 0.131250
-0.731300 0.130860
-0.733580 0.130453
-0.735610 0.130034
-0.737590 0.129607
-0.739500 0.129177
-0.741500 0.128751
-0.743570 0.128327
-0.745600 0.127906
-0.747720 0.127488
-0.749740 0.127072
-0.751810 0.126660
-0.753860 0.126250
-0.755980 0.125842
-0.757920 0.125437
-0.759990 0.125035
-0.762000 0.124636
-0.764110 0.124239
-0.766110 0.123844
-0.768180 0.123452
-0.770180 0.123062
-0.772170 0.122675
-0.774120 0.122291
-0.776130 0.121908
-0.778210 0.121528
-0.780300 0.121151
-0.782310 0.120775
-0.784460 0.120402
-0.786420 0.120031
-0.788400 0.119663
-0.790370 0.119297
-0.792340 0.118937
-0.794320 0.118588
-0.796410 0.118255
-0.798560 0.117941
-0.800620 0.117651
-0.802730 0.117384
-0.804800 0.117141
-0.806940 0.116921
-0.808940 0.116725
-0.811080 0.116548
-0.813140 0.116386
-0.815270 0.116234
-0.817320 0.116087
-0.819390 0.115942
-0.821470 0.115799
-0.823650 0.115652
-0.825850 0.115498
-0.828120 0.115333
-0.830210 0.115151
-0.832240 0.114949
-0.838690 0.114728
-0.840890 0.114486
-0.842940 0.114223
-0.845270 0.113941
-0.847450 0.113643
-0.849620 0.113334
-0.851910 0.113018
-0.854110 0.112700
-0.856330 0.112383
-0.858520 0.112068
-0.860840 0.111755
-0.863180 0.111444
-0.865550 0.111134
-0.870130 0.110826
-0.872310 0.110520
-0.874630 0.110215
-0.876890 0.109913
-0.879090 0.109612
-0.881340 0.109312
-0.883720 0.109014
-0.886030 0.108718
-0.888290 0.108423
-0.890820 0.108130
-0.893180 0.107839
-0.895690 0.107549
-0.898200 0.107260
-0.900830 0.106973
-0.903300 0.106688
-0.908180 0.106404
-0.910610 0.106122
-0.913170 0.105841
-0.915870 0.105565
-0.918530 0.105299
-0.921280 0.105045
-0.924020 0.104807
-0.926690 0.104590
-0.929290 0.104394
-0.931970 0.104217
-0.937450 0.104060
-0.940240 0.103924
-0.943100 0.103803
-0.946040 0.103695
-0.948970 0.103595
-0.951880 0.103500
-0.954850 0.103406
-0.957930 0.103313
-0.960990 0.103217
-0.964230 0.103115
-0.967360 0.103002
-0.970620 0.102874
-0.973840 0.102729
-0.977000 0.102566
-0.980400 0.102385
-0.983870 0.102187
-0.987130 0.101970
-0.990440 0.101743
-0.994000 0.101513
-0.997800 0.101288
-1.001800 0.101074
-1.005500 0.100879
-1.009400 0.100702
-1.013400 0.100545
-1.017500 0.100407
-1.021500 0.100287
-1.025700 0.100182
-1.029800 0.100089
-1.034400 0.100004
-1.043100 0.099923
-1.047400 0.099843
-1.052100 0.099764
-1.056900 0.099682
-1.061700 0.099594
-1.066700 0.099495
-1.072000 0.099384
-1.077400 0.099255
-1.083000 0.099109
-1.088700 0.098947
-1.094400 0.098767
-1.100300 0.098571
-1.106400 0.098361
-1.113100 0.098142
-1.120000 0.097917
-1.127100 0.097689
-1.134200 0.097462
-1.142000 0.097237
-1.149800 0.097012
-1.158100 0.096788
-1.166700 0.096566
-1.175400 0.096344
-1.185800 0.096124
-1.196400 0.095904
-1.208100 0.095686
-1.220000 0.095468
-1.233000 0.095251
-1.247900 0.095036
-1.263100 0.094821
-1.278800 0.094608
-1.297200 0.094395
-1.317900 0.094183
-1.340100 0.093973
-1.364300 0.093763
-1.391700 0.093554
-1.423300 0.093346
-1.464600 0.093138
-1.509300 0.092932
-1.567700 0.092725
-1.642100 0.092518
-1.745500 0.092313
-1.884900 0.092109
-2.130800 0.091906
-2.642800 0.091704
-5.590700 0.091503
