1.533100 0.095041
0.678960 0.095041
0.301260 0.095041
0.109860 0.095041
-0.033346 0.095041
-0.118480 0.095041
-0.197200 0.095041
-0.261240 0.095041
-0.311360 0.095041
-0.350470 0.095041
-0.391610 0.095041
-0.426640 0.095041
-0.462150 0.095041
-0.489550 0.095041
-0.512320 0.095041
-0.532920 0.095041
-0.553170 0.095041
-0.568960 0.095041
-0.586230 0.095041
-0.601510 0.095041
-0.618250 0.095041
-0.632570 0.095041
-0.644990 0.095041
-0.658300 0.095041
-0.669610 0.095041
-0.680850 0.095041
-0.691060 0.095041
-0.701830 0.095041
-0.711740 0.095041
-0.721460 0.095041
-0.730310 0.095041
-0.739060 0.095041
-0.746010 0.095041
-0.753410 0.095041
-0.760690 0.095041
-0.768560 0.095041
-0.775000 0.095041
-0.781900 0.095041
-0.788410 0.095041
-0.794260 0.095041
-0.799760 0.095041
-0.805840 0.095041
-0.812350 0.095041
-0.817800 0.095041
-0.822520 0.095041
-0.827610 0.095041
-0.832450 0.095041
-0.837730 0.095041
-0.843590 0.095041
-0.848520 0.095041
-0.852500 0.095041
-0.857030 0.095041
-0.861900 0.095041
-0.866170 0.095041
-0.870430 0.095041
-0.874490 0.095041
-0.878350 0.095041
-0.881860 0.095041
-0.885760 0.095041
-0.889460 0.095041
-0.897540 0.095041
-0.901160 0.095041
-0.904150 0.095041
-0.907460 0.095041
-0.910760 0.095041
-0.913630 0.095041
-0.916510 0.095041
-0.919930 0.095041
-0.923220 0.095041
-0.925860 0.095041
-0.929240 0.095041
-0.934910 0.095041
-0.937460 0.095041
-0.940040 0.095041
-0.942620 0.095041
-0.945170 0.095041
-0.947470 0.095041
-0.950200 0.095041
-0.952750 0.095041
-0.954990 0.095041
-0.957490 0.095041
-0.960100 0.095040
-0.962420 0.095031
-0.964730 0.094948
-0.966960 0.094118
-0.969400 0.093288
-0.971210 0.092640
-0.973320 0.092091
-0.975650 0.091598
-0.977500 0.091142
-0.979360 0.090708
-0.981440 0.090288
-0.983710 0.089880
-0.985910 0.089480
-0.987870 0.089087
-0.990070 0.088697
-0.992100 0.088307
-0.993890 0.087918
-0.995920 0.087530
-0.997700 0.087144
-0.999320 0.086760
-1.000900 0.086377
-1.002900 0.085994
-1.004800 0.085612
-1.006900 0.085230
-1.010700 0.084848
-1.012500 0.084465
-1.014200 0.084082
-1.016000 0.083699
-1.017700 0.083290
-1.019500 0.082892
-1.021100 0.082500
-1.022800 0.082113
-1.024300 0.081727
-1.026000 0.081344
-1.027700 0.080961
-1.029200 0.080579
-1.030600 0.080198
-1.032100 0.079816
-1.033600 0.079435
-1.035300 0.079053
-1.036800 0.078672
-1.038100 0.078290
-1.039600 0.077908
-1.041300 0.077527
-1.042700 0.077145
-1.045700 0.076763
-1.047100 0.076381
-1.048500 0.076000
-1.049800 0.075618
-1.051100 0.075237
-1.052500 0.074857
-1.053900 0.074478
-1.055500 0.074100
-1.056800 0.073723
-1.058300 0.073347
-1.059700 0.072973
-1.061000 0.072600
-1.065100 0.072229
-1.066500 0.071859
-1.067800 0.071491
-1.068900 0.071125
-1.070200 0.070761
-1.071300 0.070400
-1.072600 0.070041
-1.073800 0.069685
-1.075000 0.069331
-1.076600 0.068982
-1.078900 0.068635
-1.080100 0.068292
-1.081300 0.067954
-1.082400 0.067619
-1.083600 0.067288
-1.084700 0.066963
-1.085800 0.066642
-1.087000 0.066325
-1.088100 0.066014
-1.089300 0.065709
-1.090300 0.065409
-1.091400 0.065114
-1.092700 0.064826
-1.093900 0.064544
-1.095000 0.064268
-1.096200 0.063999
-1.097500 0.063736
-1.098600 0.063480
-1.099600 0.063231
-1.100700 0.062989
-1.102800 0.062755
-1.105200 0.062527
-1.106300 0.062307
-1.107500 0.062094
-1.108500 0.061889
-1.109600 0.061691
-1.110800 0.061501
-1.111700 0.061318
-1.112600 0.061143
-1.113600 0.060976
-1.114700 0.060816
-1.115700 0.060663
-1.116600 0.060518
-1.117600 0.060380
-1.118700 0.060249
-1.119700 0.060125
-1.120500 0.060009
-1.121500 0.059899
-1.122400 0.059795
-1.123400 0.059699
-1.124400 0.059608
-1.125500 0.059524
-1.126300 0.059446
-1.132400 0.059374
-1.137700 0.059307
-1.142900 0.059245
-1.148100 0.059189
-1.153200 0.059137
-1.158200 0.059090
-1.163000 0.059047
-1.167900 0.059008
-1.172300 0.058973
-1.176900 0.058941
-1.181200 0.058913
-1.185500 0.058888
-1.189800 0.058865
-1.194200 0.058845
-1.198400 0.058828
-1.202600 0.058812
-1.206500 0.058797
-1.210300 0.058784
-1.213800 0.058773
-1.221400 0.058762
-1.225100 0.058752
-1.228700 0.058742
-1.232500 0.058733
-1.236000 0.058724
-1.242700 0.058714
-1.246200 0.058704
-1.249600 0.058694
-1.253000 0.058683
-1.256300 0.058671
-1.262700 0.058658
-1.265700 0.058644
-1.268800 0.058629
-1.274800 0.058612
-1.277800 0.058594
-1.280700 0.058575
-1.283600 0.058554
-1.286500 0.058531
-1.289500 0.058506
-1.292300 0.058480
-1.295200 0.058452
-1.298200 0.058422
-1.301100 0.058391
-1.304000 0.058358
-1.306700 0.058323
-1.312000 0.058286
-1.314700 0.058247
-1.317300 0.058207
-1.320100 0.058166
-1.322700 0.058123
-1.325500 0.058078
-1.331000 0.058033
-1.333500 0.057986
-1.336100 0.057937
-1.338600 0.057888
-1.341100 0.057838
-1.343800 0.057787
-1.346200 0.057735
-1.351400 0.057682
-1.353800 0.057629
-1.356400 0.057575
-1.361300 0.057521
-1.363900 0.057467
-1.368800 0.057413
-1.371300 0.057358
-1.373700 0.057304
-1.376100 0.057250
-1.378500 0.057196
-1.383200 0.057142
-1.385500 0.057089
-1.387800 0.057036
-1.390100 0.056984
-1.392500 0.056932
-1.394800 0.056881
-1.397100 0.056831
-1.399400 0.056782
-1.401800 0.056734
-1.404100 0.056686
-1.406500 0.056640
-1.409000 0.056594
-1.411300 0.056550
-1.413700 0.056506
-1.415900 0.056464
-1.420400 0.056423
-1.422600 0.056383
-1.424800 0.056344
-1.426900 0.056306
-1.429100 0.056270
-1.431400 0.056234
-1.433600 0.056200
-1.435800 0.056166
-1.438000 0.056134
-1.442500 0.056103
-1.444600 0.056072
-1.446800 0.056043
-1.449100 0.056015
-1.451200 0.055988
-1.453400 0.055961
-1.455700 0.055936
-1.458000 0.055911
-1.460300 0.055888
-1.464600 0.055865
-1.466700 0.055842
-1.468900 0.055821
-1.471000 0.055800
-1.473200 0.055779
-1.475300 0.055760
-1.477400 0.055741
-1.479700 0.055722
-1.481900 0.055704
-1.483900 0.055686
-1.486100 0.055669
-1.490600 0.055652
-1.492700 0.055635
-1.494800 0.055619
-1.497000 0.055603
-1.499300 0.055587
-1.501400 0.055571
-1.503700 0.055556
-1.505900 0.055540
-1.508000 0.055525
-1.510200 0.055510
-1.512500 0.055494
-1.514600 0.055479
-1.516900 0.055464
-1.519000 0.055448
-1.521200 0.055433
-1.525600 0.055417
-1.527800 0.055402
-1.530000 0.055386
-1.532300 0.055370
-1.534400 0.055353
-1.536500 0.055337
-1.538800 0.055320
-1.541100 0.055302
-1.543400 0.055285
-1.545700 0.055267
-1.550100 0.055248
-1.552400 0.055229
-1.554600 0.055210
-1.556700 0.055190
-1.559000 0.055169
-1.561100 0.055148
-1.563500 0.055126
-1.565800 0.055104
-1.568200 0.055081
-1.570400 0.055057
-1.572700 0.055032
-1.575000 0.055007
-1.577300 0.054981
-1.579700 0.054954
-1.581900 0.054926
-1.584400 0.054897
-1.586700 0.054868
-1.591400 0.054837
-1.593600 0.054806
-1.596000 0.054773
-1.598200 0.054740
-1.600500 0.054705
-1.602900 0.054669
-1.605300 0.054633
-1.607800 0.054595
-1.610200 0.054556
-1.612500 0.054516
-1.615000 0.054475
-1.617500 0.054433
-1.619900 0.054389
-1.622500 0.054345
-1.624900 0.054299
-1.627200 0.054252
-1.629700 0.054204
-1.632300 0.054155
-1.634900 0.054105
-1.637400 0.054053
-1.639800 0.054000
-1.644900 0.053947
-1.647600 0.053892
-1.650100 0.053836
-1.652800 0.053778
-1.655500 0.053720
-1.658100 0.053661
-1.663600 0.053600
-1.666300 0.053539
-1.668900 0.053476
-1.674400 0.053412
-1.677200 0.053348
-1.680100 0.053282
-1.683200 0.053215
-1.686000 0.053148
-1.688900 0.053079
-1.692000 0.053010
-1.694900 0.052939
-1.697900 0.052868
-1.700900 0.052796
-1.704000 0.052723
-1.710100 0.052649
-1.713300 0.052574
-1.716800 0.052499
-1.720000 0.052423
-1.723300 0.052346
-1.726500 0.052268
-1.729900 0.052190
-1.733200 0.052110
-1.736700 0.052030
-1.743400 0.051950
-1.747100 0.051869
-1.750500 0.051787
-1.754000 0.051704
-1.757700 0.051621
-1.761300 0.051537
-1.765100 0.051453
-1.768700 0.051367
-1.772700 0.051282
-1.780800 0.051195
-1.784700 0.051108
-1.788800 0.051021
-1.792900 0.050933
-1.797300 0.050844
-1.801600 0.050755
-1.805900 0.050665
-1.810200 0.050575
-1.814600 0.050484
-1.819600 0.050393
-1.824300 0.050301
-1.828900 0.050208
-1.833400 0.050115
-1.838300 0.050022
-1.843700 0.049928
-1.849000 0.049834
-1.854300 0.049739
-1.860000 0.049643
-1.877900 0.049548
-1.884000 0.049451
-1.890300 0.049354
-1.896900 0.049257
-1.903500 0.049159
-1.910000 0.049061
-1.917100 0.048962
-1.924400 0.048863
-1.931400 0.048763
-1.939400 0.048663
-1.948000 0.048563
-1.956100 0.048462
-1.973700 0.048361
-1.993400 0.048260
-2.003600 0.048158
-2.014300 0.048057
-2.025800 0.047957
-2.037200 0.047856
-2.049800 0.047755
-2.063000 0.047653
-2.077200 0.047551
-2.092200 0.047448
-2.109000 0.047344
-2.127300 0.047240
-2.145800 0.047136
-2.167000 0.047031
-2.217100 0.046926
-2.247100 0.046821
-2.279700 0.046715
-2.364300 0.046609
-2.420900 0.046503
-2.493700 0.046396
-2.588900 0.046289
-2.712800 0.046182
-2.895100 0.046076
-3.173900 0.045969
-3.581500 0.045864
-4.309800 0.045759
-6.446300 0.045655
-9.696300 0.045553
