229.020000 0.151528
1.095100 0.151528
0.558030 0.151528
0.317090 0.151528
0.176270 0.151528
0.085202 0.151528
0.014401 0.151528
-0.041095 0.151528
-0.086459 0.151528
-0.122870 0.151528
-0.188370 0.151528
-0.211120 0.151528
-0.230490 0.151528
-0.248110 0.151528
-0.266120 0.151528
-0.279470 0.151528
-0.295830 0.151528
-0.310850 0.151528
-0.330450 0.151528
-0.349890 0.151528
-0.359670 0.151528
-0.368590 0.151528
-0.376500 0.151528
-0.385900 0.151528
-0.393660 0.151528
-0.399690 0.151528
-0.406390 0.151528
-0.413900 0.151528
-0.420510 0.151528
-0.426550 0.151528
-0.432210 0.151528
-0.437380 0.151528
-0.442740 0.151528
-0.447850 0.151528
-0.452690 0.151528
-0.462150 0.151528
-0.466660 0.151527
-0.471040 0.151513
-0.475080 0.151375
-0.479450 0.150000
-0.484030 0.148625
-0.487770 0.147165
-0.491520 0.145690
-0.495290 0.144229
-0.499260 0.142797
-0.502730 0.141396
-0.506230 0.140024
-0.509590 0.138683
-0.512470 0.137377
-0.515890 0.136109
-0.519230 0.134881
-0.522080 0.133675
-0.525390 0.132486
-0.528640 0.131316
-0.531670 0.130170
-0.534850 0.129048
-0.537830 0.127953
-0.540770 0.126886
-0.543160 0.125848
-0.548780 0.124841
-0.551210 0.123863
-0.553330 0.122917
-0.555620 0.122002
-0.558510 0.121119
-0.560810 0.120091
-0.563080 0.119082
-0.565360 0.118093
-0.567600 0.117127
-0.569830 0.116184
-0.572090 0.115264
-0.574330 0.114367
-0.576400 0.113494
-0.578650 0.112643
-0.580920 0.111816
-0.583470 0.111011
-0.585320 0.110228
-0.587160 0.109468
-0.589270 0.108731
-0.591340 0.108016
-0.593340 0.107323
-0.595370 0.106651
-0.597430 0.106002
-0.599200 0.105373
-0.601250 0.104765
-0.603090 0.104177
-0.604830 0.103608
-0.606340 0.103059
-0.608020 0.102532
-0.609770 0.102026
-0.611420 0.101542
-0.613120 0.101079
-0.614730 0.100637
-0.616350 0.100216
-0.617970 0.099815
-0.619600 0.099433
-0.621130 0.099070
-0.622760 0.098726
-0.624480 0.098401
-0.625870 0.098093
-0.627280 0.097802
-0.628890 0.097529
-0.630420 0.097271
-0.631960 0.097029
-0.633470 0.096802
-0.635180 0.096590
-0.636860 0.096392
-0.638400 0.096208
-0.639560 0.096036
-0.640920 0.095877
-0.642430 0.095729
-0.643800 0.095593
-0.645430 0.095467
-0.647860 0.095351
-0.649250 0.095245
-0.650580 0.095147
-0.651780 0.095057
-0.652930 0.094975
-0.654350 0.094900
-0.655570 0.094831
-0.656650 0.094768
-0.657950 0.094710
-0.658920 0.094657
-0.660020 0.094608
-0.661390 0.094563
-0.662680 0.094521
-0.664040 0.094482
-0.665260 0.094445
-0.666480 0.094410
-0.667620 0.094376
-0.668960 0.094343
-0.670090 0.094310
-0.671150 0.094277
-0.672320 0.094245
-0.673370 0.094211
-0.674810 0.094177
-0.675850 0.094141
-0.676870 0.094103
-0.678940 0.094064
-0.679920 0.094022
-0.681030 0.093978
-0.682090 0.093932
-0.683230 0.093882
-0.684420 0.093829
-0.685630 0.093773
-0.686860 0.093714
-0.687880 0.093651
-0.689140 0.093585
-0.690230 0.093514
-0.691240 0.093440
-0.692230 0.093361
-0.693010 0.093279
-0.694060 0.093192
-0.695070 0.093101
-0.696200 0.093006
-0.697100 0.092907
-0.698120 0.092803
-0.699020 0.092696
-0.700000 0.092584
-0.701830 0.092467
-0.702840 0.092347
-0.705420 0.092222
-0.706410 0.092093
-0.707350 0.091960
-0.708250 0.091824
-0.709140 0.091683
-0.710070 0.091538
-0.710820 0.091390
-0.711700 0.091237
-0.712660 0.091082
-0.713600 0.090922
-0.714590 0.090759
-0.715500 0.090593
-0.716480 0.090424
-0.717270 0.090251
-0.718140 0.090075
-0.718950 0.089897
-0.719710 0.089715
-0.720640 0.089530
-0.721420 0.089343
-0.722220 0.089154
-0.723120 0.088961
-0.723940 0.088767
-0.724720 0.088569
-0.725510 0.088370
-0.726230 0.088169
-0.726900 0.087965
-0.727800 0.087759
-0.728590 0.087552
-0.729510 0.087342
-0.730290 0.087131
-0.735670 0.086918
-0.740220 0.086703
-0.744710 0.086487
-0.749120 0.086269
-0.753560 0.086049
-0.757910 0.085828
-0.765740 0.085606
-0.769520 0.085382
-0.773380 0.085157
-0.777260 0.084930
-0.780980 0.084702
-0.784580 0.084473
-0.788010 0.084243
-0.791400 0.084012
-0.794850 0.083779
-0.798250 0.083545
-0.801430 0.083310
-0.804720 0.083074
-0.807900 0.082837
-0.811160 0.082599
-0.814040 0.082360
-0.817140 0.082119
-0.820190 0.081878
-0.823090 0.081636
-0.826170 0.081392
-0.828910 0.081148
-0.831740 0.080902
-0.834600 0.080656
-0.837390 0.080409
-0.839850 0.080161
-0.842410 0.079912
-0.845030 0.079662
-0.847670 0.079411
-0.850220 0.079160
-0.855110 0.078907
-0.857520 0.078654
-0.859930 0.078401
-0.862580 0.078146
-0.865040 0.077891
-0.867510 0.077635
-0.869750 0.077379
-0.872060 0.077122
-0.874450 0.076865
-0.876700 0.076607
-0.878910 0.076349
-0.883550 0.076090
-0.885880 0.075831
-0.888020 0.075572
-0.890250 0.075313
-0.894690 0.075054
-0.896810 0.074794
-0.899050 0.074535
-0.901140 0.074276
-0.903340 0.074017
-0.905380 0.073758
-0.907440 0.073500
-0.909610 0.073242
-0.911700 0.072985
-0.913760 0.072728
-0.915730 0.072472
-0.917730 0.072216
-0.919660 0.071961
-0.921650 0.071708
-0.923680 0.071455
-0.927490 0.071203
-0.929520 0.070953
-0.931520 0.070703
-0.933440 0.070455
-0.935270 0.070209
-0.937200 0.069964
-0.939090 0.069720
-0.941000 0.069479
-0.942830 0.069238
-0.944750 0.069000
-0.946550 0.068764
-0.950210 0.068530
-0.952050 0.068297
-0.953890 0.068067
-0.955860 0.067839
-0.957690 0.067613
-0.959660 0.067390
-0.961670 0.067169
-0.963550 0.066951
-0.965370 0.066735
-0.969180 0.066522
-0.971070 0.066311
-0.972870 0.066103
-0.974630 0.065898
-0.976440 0.065696
-0.978320 0.065497
-0.980090 0.065300
-0.981840 0.065107
-0.983650 0.064916
-0.985460 0.064729
-0.987340 0.064545
-0.989090 0.064364
-0.990830 0.064185
-0.992660 0.064011
-0.994510 0.063839
-0.996280 0.063670
-1.000100 0.063505
-1.001800 0.063343
-1.003600 0.063184
-1.007100 0.063029
-1.008900 0.062877
-1.010600 0.062728
-1.012400 0.062582
-1.014200 0.062440
-1.016000 0.062301
-1.017800 0.062165
-1.019600 0.062032
-1.021400 0.061903
-1.023100 0.061777
-1.024900 0.061654
-1.026800 0.061534
-1.028600 0.061418
-1.032100 0.061304
-1.033900 0.061194
-1.035800 0.061086
-1.037500 0.060982
-1.039300 0.060881
-1.041100 0.060782
-1.042900 0.060687
-1.044700 0.060594
-1.046500 0.060505
-1.048400 0.060418
-1.050300 0.060333
-1.052000 0.060252
-1.053900 0.060173
-1.055800 0.060097
-1.057600 0.060023
-1.059300 0.059951
-1.061200 0.059882
-1.063000 0.059815
-1.064800 0.059751
-1.066600 0.059689
-1.068300 0.059628
-1.070000 0.059570
-1.071800 0.059514
-1.075600 0.059460
-1.077400 0.059407
-1.079200 0.059357
-1.081100 0.059308
-1.083000 0.059260
-1.084800 0.059214
-1.086700 0.059170
-1.088600 0.059127
-1.090400 0.059085
-1.092300 0.059045
-1.094300 0.059005
-1.096100 0.058967
-1.098000 0.058929
-1.099800 0.058893
-1.101700 0.058857
-1.103700 0.058823
-1.105600 0.058788
-1.107600 0.058755
-1.109500 0.058722
-1.111500 0.058689
-1.113500 0.058657
-1.115500 0.058625
-1.117500 0.058593
-1.119600 0.058562
-1.121700 0.058530
-1.123700 0.058499
-1.125700 0.058467
-1.127700 0.058436
-1.129900 0.058404
-1.131900 0.058372
-1.136100 0.058340
-1.138000 0.058308
-1.140100 0.058275
-1.142300 0.058242
-1.144300 0.058209
-1.146400 0.058175
-1.150600 0.058140
-1.152800 0.058105
-1.155000 0.058069
-1.157100 0.058033
-1.159200 0.057996
-1.161400 0.057958
-1.163600 0.057920
-1.165700 0.057881
-1.168000 0.057842
-1.170200 0.057801
-1.172600 0.057760
-1.174800 0.057719
-1.177000 0.057676
-1.179300 0.057633
-1.181600 0.057589
-1.184100 0.057545
-1.186400 0.057500
-1.188700 0.057454
-1.191100 0.057408
-1.193600 0.057361
-1.196200 0.057313
-1.198700 0.057265
-1.201100 0.057217
-1.203600 0.057168
-1.206200 0.057118
-1.208800 0.057068
-1.211400 0.057018
-1.214200 0.056967
-1.217000 0.056916
-1.219700 0.056865
-1.222400 0.056813
-1.225200 0.056761
-1.228000 0.056710
-1.233600 0.056658
-1.236400 0.056606
-1.239300 0.056553
-1.242300 0.056501
-1.248300 0.056449
-1.251300 0.056397
-1.254300 0.056345
-1.257500 0.056294
-1.260600 0.056242
-1.263800 0.056191
-1.267000 0.056140
-1.270400 0.056089
-1.273900 0.056039
-1.277400 0.055989
-1.280900 0.055939
-1.284600 0.055890
-1.288100 0.055841
-1.291800 0.055793
-1.295400 0.055745
-1.299000 0.055698
-1.302800 0.055651
-1.307000 0.055604
-1.311200 0.055558
-1.315200 0.055512
-1.327900 0.055467
-1.332400 0.055422
-1.336800 0.055378
-1.341300 0.055335
-1.346100 0.055292
-1.355900 0.055249
-1.366500 0.055208
-1.371800 0.055166
-1.377400 0.055126
-1.383500 0.055085
-1.389400 0.055045
-1.395700 0.055006
-1.402300 0.054967
-1.409000 0.054928
-1.415600 0.054890
-1.429500 0.054851
-1.436900 0.054812
-1.445100 0.054773
-1.453400 0.054733
-1.462200 0.054692
-1.471000 0.054653
-1.490000 0.054615
-1.501200 0.054578
-1.512100 0.054541
-1.524300 0.054505
-1.537000 0.054470
-1.551000 0.054435
-1.565900 0.054400
-1.582100 0.054365
-1.598900 0.054330
-1.637000 0.054295
-1.658500 0.054260
-1.682600 0.054225
-1.710200 0.054191
-1.742700 0.054156
-1.779600 0.054120
-1.824600 0.054083
-1.882500 0.054043
-1.954000 0.054001
-2.420300 0.053954
-2.978100 0.053900
-4.672400 0.053835
-7.494000 0.053754
-8.159200 0.053648
