4.935200 0.404887
2.955400 0.404887
2.182000 0.404887
1.740900 0.404887
1.517200 0.404887
1.304600 0.404887
1.132600 0.404887
0.892480 0.404887
0.634120 0.404887
0.570490 0.404887
0.512840 0.404887
0.453210 0.404887
0.387720 0.404887
0.331690 0.404887
0.282710 0.404887
0.242420 0.404887
0.160940 0.404887
0.121940 0.404887
0.079429 0.404887
0.043693 0.404887
0.015403 0.404887
-0.022103 0.404887
-0.055550 0.404887
-0.082589 0.404887
-0.109720 0.404887
-0.140050 0.404887
-0.165290 0.404887
-0.193730 0.404887
-0.222420 0.404887
-0.244180 0.404887
-0.265300 0.404887
-0.283940 0.404887
-0.304570 0.404887
-0.325360 0.404887
-0.348760 0.404887
-0.369120 0.404887
-0.388070 0.404887
-0.410840 0.404887
-0.429880 0.404887
-0.449350 0.404887
-0.469220 0.404887
-0.484720 0.404887
-0.503270 0.404887
-0.518990 0.404887
-0.534800 0.404887
-0.550640 0.404886
-0.564250 0.404882
-0.578530 0.404838
-0.593210 0.404398
-0.606270 0.400000
-0.618510 0.395602
-0.632300 0.392873
-0.645790 0.391011
-0.659040 0.389669
-0.671330 0.388634
-0.684300 0.387823
-0.695560 0.387188
-0.707070 0.386693
-0.717170 0.386282
-0.728710 0.385891
-0.738690 0.385551
-0.759350 0.385266
-0.770060 0.385034
-0.780160 0.384848
-0.791510 0.384700
-0.802380 0.384585
-0.812230 0.384496
-0.821660 0.384431
-0.830790 0.384384
-0.840430 0.383966
-0.849370 0.383676
-0.857770 0.383471
-0.866310 0.383324
-0.874700 0.383218
-0.881970 0.383143
-0.889630 0.383089
-0.904670 0.383052
-0.911900 0.383027
-0.919350 0.383013
-0.926280 0.383007
-0.933300 0.383005
-0.939800 0.383004
-0.947150 0.383002
-0.954020 0.382997
-0.960000 0.382987
-0.967200 0.382971
-0.974070 0.382946
-0.980720 0.382925
-0.987130 0.382903
-0.993750 0.382877
-1.005700 0.382844
-1.017300 0.382801
-1.023700 0.382748
-1.029800 0.382682
-1.036800 0.382604
-1.042700 0.382511
-1.048300 0.382404
-1.054100 0.382281
-1.059500 0.382142
-1.065600 0.381987
-1.071200 0.381815
-1.076000 0.381626
-1.080900 0.381421
-1.085700 0.381197
-1.091200 0.380956
-1.095600 0.380697
-1.100800 0.380420
-1.105800 0.380125
-1.111300 0.379812
-1.116400 0.379482
-1.121000 0.379135
-1.125100 0.378771
-1.130100 0.378390
-1.136000 0.377994
-1.141200 0.377581
-1.145800 0.377153
-1.155100 0.376711
-1.170600 0.376253
-1.175300 0.375782
-1.179700 0.375297
-1.183900 0.374798
-1.188400 0.374287
-1.193200 0.373763
-1.197900 0.373227
-1.202100 0.372679
-1.206500 0.372119
-1.211000 0.371548
-1.215400 0.370966
-1.219700 0.370373
-1.223700 0.369768
-1.228100 0.369153
-1.232100 0.368527
-1.236400 0.367889
-1.240200 0.367241
-1.244500 0.366582
-1.248500 0.365911
-1.252200 0.365228
-1.255700 0.364534
-1.259700 0.363827
-1.267400 0.363108
-1.271000 0.362377
-1.274800 0.361632
-1.278500 0.360873
-1.281900 0.360100
-1.285200 0.359313
-1.289000 0.358511
-1.292700 0.357693
-1.296500 0.356860
-1.300000 0.356011
-1.303700 0.355144
-1.307300 0.354261
-1.310100 0.353360
-1.313200 0.352442
-1.316500 0.351505
-1.319900 0.350550
-1.322900 0.349576
-1.326300 0.348583
-1.329800 0.347571
-1.333000 0.346540
-1.335700 0.345489
-1.339000 0.344419
-1.342100 0.343330
-1.345900 0.342221
-1.349500 0.341092
-1.352500 0.339945
-1.355700 0.338779
-1.359000 0.337594
-1.362300 0.336391
-1.365500 0.335171
-1.371900 0.333933
-1.374900 0.332678
-1.378000 0.331406
-1.380800 0.330119
-1.383800 0.328817
-1.386800 0.327501
-1.392300 0.326171
-1.394900 0.324828
-1.397700 0.323473
-1.400500 0.322106
-1.403200 0.320730
-1.406400 0.319343
-1.409500 0.317948
-1.414600 0.316545
-1.417400 0.315135
-1.420100 0.313719
-1.438700 0.312298
-1.453900 0.310872
-1.469000 0.309443
-1.483600 0.308011
-1.498400 0.306578
-1.512800 0.305144
-1.526100 0.303710
-1.539800 0.302276
-1.553900 0.300844
-1.566900 0.299414
-1.579600 0.297987
-1.592300 0.296564
-1.605100 0.295145
-1.617000 0.293731
-1.628400 0.292322
-1.638800 0.290919
-1.650300 0.289523
-1.661600 0.288134
-1.672300 0.286752
-1.682500 0.285378
-1.692400 0.284012
-1.701800 0.282654
-1.711500 0.281306
-1.720700 0.279966
-1.729800 0.278636
-1.738800 0.277316
-1.747900 0.276005
-1.756400 0.274704
-1.764800 0.273413
-1.773300 0.272132
-1.781900 0.270862
-1.798400 0.269602
-1.806900 0.268352
-1.814700 0.267113
-1.822400 0.265884
-1.830200 0.264665
-1.837400 0.263457
-1.844900 0.262259
-1.852300 0.261071
-1.859300 0.259894
-1.866300 0.258727
-1.873200 0.257570
-1.880100 0.256423
-1.886900 0.255286
-1.900300 0.254159
-1.907000 0.253042
-1.913400 0.251935
-1.920100 0.250837
-1.926500 0.249749
-1.938500 0.248670
-1.950700 0.247600
-1.956800 0.246540
-1.963000 0.245489
-1.968800 0.244446
-1.974800 0.243413
-1.980800 0.242388
-1.986300 0.241372
-1.991900 0.240365
-1.997700 0.239366
-2.003000 0.238375
-2.008600 0.237392
-2.013800 0.236418
-2.019100 0.235452
-2.024700 0.234493
-2.029900 0.233543
-2.035000 0.232600
-2.040400 0.231664
-2.045300 0.230737
-2.050600 0.229816
-2.056000 0.228904
-2.070600 0.227998
-2.075400 0.227099
-2.080400 0.226208
-2.085200 0.225324
-2.089900 0.224446
-2.094900 0.223576
-2.099700 0.222712
-2.104100 0.221855
-2.108900 0.221004
-2.113700 0.220161
-2.118500 0.219323
-2.123100 0.218492
-2.127600 0.217667
-2.132200 0.216849
-2.136800 0.216036
-2.141300 0.215230
-2.145700 0.214430
-2.150400 0.213635
-2.154800 0.212847
-2.159100 0.212064
-2.163100 0.211288
-2.167400 0.210516
-2.171500 0.209751
-2.175800 0.208991
-2.179900 0.208237
-2.184300 0.207488
-2.188800 0.206744
-2.196900 0.206006
-2.200900 0.205273
-2.205000 0.204546
-2.209200 0.203823
-2.213300 0.203106
-2.217200 0.202393
-2.221100 0.201686
-2.224900 0.200984
-2.228800 0.200286
-2.232400 0.199594
-2.236100 0.198906
-2.243800 0.198223
-2.247700 0.197544
-2.251400 0.196871
-2.259100 0.196202
-2.262800 0.195537
-2.266300 0.194878
-2.270000 0.194222
-2.273800 0.193572
-2.277600 0.192925
-2.281600 0.192283
-2.285200 0.191646
-2.288700 0.191013
-2.292300 0.190384
-2.296100 0.189760
-2.299800 0.189140
-2.303700 0.188524
-2.310800 0.187913
-2.314400 0.187306
-2.317800 0.186703
-2.321500 0.186104
-2.325100 0.185510
-2.328500 0.184921
-2.332100 0.184335
-2.335400 0.183754
-2.349300 0.183178
-2.352600 0.182605
-2.356100 0.182037
-2.363100 0.181474
-2.366400 0.180915
-2.369700 0.180360
-2.373000 0.179810
-2.376400 0.179265
-2.379800 0.178724
-2.383000 0.178187
-2.386200 0.177655
-2.389400 0.177128
-2.392700 0.176605
-2.396000 0.176087
-2.402800 0.175573
-2.409300 0.175064
-2.412400 0.174560
-2.419000 0.174060
-2.422200 0.173565
-2.425400 0.173074
-2.428800 0.172588
-2.432000 0.172107
-2.435400 0.171630
-2.438800 0.171157
-2.442000 0.170689
-2.445300 0.170225
-2.448700 0.169765
-2.451900 0.169310
-2.458300 0.168859
-2.461500 0.168412
-2.464600 0.167969
-2.468000 0.167530
-2.471200 0.167094
-2.474400 0.166663
-2.477500 0.166235
-2.480400 0.165810
-2.483700 0.165389
-2.486900 0.164971
-2.490200 0.164556
-2.493600 0.164145
-2.496900 0.163736
-2.500200 0.163329
-2.503600 0.162926
-2.506700 0.162525
-2.510200 0.162126
-2.513300 0.161729
-2.516600 0.161335
-2.520300 0.160942
-2.523800 0.160551
-2.527100 0.160162
-2.534000 0.159774
-2.537500 0.159388
-2.541000 0.159004
-2.544400 0.158620
-2.548000 0.158238
-2.551400 0.157856
-2.558200 0.157476
-2.561800 0.157096
-2.565500 0.156718
-2.568900 0.156340
-2.572400 0.155963
-2.576000 0.155586
-2.579900 0.155210
-2.583500 0.154835
-2.587200 0.154460
-2.590900 0.154086
-2.594900 0.153712
-2.598500 0.153339
-2.606100 0.152966
-2.609900 0.152594
-2.614000 0.152222
-2.617900 0.151851
-2.621900 0.151480
-2.625800 0.151110
-2.629900 0.150740
-2.634000 0.150371
-2.642300 0.150003
-2.646500 0.149636
-2.650500 0.149269
-2.654900 0.148903
-2.659500 0.148538
-2.664000 0.148174
-2.668400 0.147811
-2.673100 0.147448
-2.677600 0.147087
-2.686500 0.146727
-2.691100 0.146368
-2.696000 0.146010
-2.701100 0.145653
-2.706000 0.145297
-2.711000 0.144943
-2.716000 0.144590
-2.720900 0.144238
-2.726300 0.143888
-2.731500 0.143539
-2.736600 0.143191
-2.747700 0.142844
-2.753100 0.142499
-2.764800 0.142156
-2.770600 0.141814
-2.776400 0.141473
-2.782600 0.141134
-2.789200 0.140796
-2.795600 0.140459
-2.802500 0.140124
-2.809400 0.139790
-2.816700 0.139458
-2.824000 0.139126
-2.831500 0.138796
-2.839000 0.138467
-2.846900 0.138140
-2.855200 0.137814
-2.863400 0.137489
-2.872600 0.137165
-2.882600 0.136843
-2.892800 0.136522
-2.902500 0.136202
-2.913400 0.135883
-2.924900 0.135566
-2.937500 0.135250
-2.951400 0.134935
-2.966400 0.134614
-2.983100 0.134295
-2.999600 0.133978
-3.039000 0.133662
-3.062000 0.133348
-3.088900 0.133035
-3.118100 0.132723
-3.152800 0.132413
-3.194000 0.132104
-3.247500 0.131796
-3.314700 0.131488
-3.399100 0.131183
-3.514000 0.130879
-3.684700 0.130577
-3.943800 0.130276
-4.279300 0.129978
-5.433100 0.129682
-6.932200 0.129389
-13.540000 0.129100
