4.351800 0.730563
3.413100 0.730563
3.006500 0.730563
2.725400 0.730563
2.538500 0.730562
2.378900 0.730559
2.271500 0.730532
2.184000 0.730257
2.102900 0.727506
2.032000 0.700000
1.971400 0.672494
1.911400 0.659071
1.856400 0.649956
1.800800 0.643173
1.751500 0.637575
1.705700 0.632506
1.660400 0.628160
1.621000 0.624362
1.582400 0.620952
1.549900 0.617823
1.514100 0.614827
1.481800 0.611832
1.445900 0.606709
1.414100 0.602768
1.386100 0.599249
1.358300 0.595888
1.328900 0.592593
1.300400 0.589315
1.270700 0.585995
1.239600 0.582586
1.213300 0.579053
1.189500 0.575373
1.165000 0.571664
1.115200 0.567840
1.071300 0.563870
1.050100 0.559741
1.029000 0.555451
1.009300 0.551002
0.989600 0.546404
0.969900 0.541665
0.950820 0.536791
0.934070 0.531792
0.919130 0.526686
0.902880 0.521492
0.888550 0.516227
0.872520 0.510912
0.844930 0.505566
0.831940 0.500210
0.818820 0.494861
0.806600 0.489535
0.793430 0.484247
0.780760 0.479009
0.769580 0.473831
0.758150 0.468723
0.745520 0.463690
0.734590 0.458737
0.721760 0.453866
0.709340 0.449077
0.700590 0.444369
0.690940 0.439738
0.681400 0.435179
0.671680 0.430688
0.662070 0.426256
0.652130 0.421878
0.644560 0.417546
0.635040 0.413253
0.626100 0.408994
0.616950 0.404762
0.608460 0.400553
0.600400 0.396364
0.593490 0.392194
0.585990 0.388043
0.577670 0.383912
0.570560 0.379806
0.562560 0.375727
0.556090 0.371683
0.548740 0.367680
0.541580 0.363725
0.526970 0.359826
0.520420 0.355991
0.513700 0.352229
0.507160 0.348546
0.501410 0.344950
0.488650 0.341448
0.482760 0.338044
0.477240 0.334744
0.465410 0.331550
0.460240 0.328466
0.454810 0.325491
0.448610 0.322625
0.442900 0.319868
0.438040 0.317218
0.433350 0.314671
0.427770 0.312224
0.422290 0.309873
0.417380 0.307614
0.412390 0.305440
0.407520 0.303347
0.401920 0.301327
0.397480 0.299375
0.393330 0.297484
0.389240 0.295646
0.384600 0.293854
0.379960 0.292102
0.376130 0.290382
0.372360 0.288689
0.367850 0.287015
0.363890 0.285355
0.351550 0.283705
0.347750 0.282059
0.343620 0.280413
0.340210 0.278764
0.328540 0.277108
0.324980 0.275441
0.321400 0.273764
0.317810 0.272072
0.314410 0.270367
0.311040 0.268647
0.307450 0.266913
0.304170 0.265167
0.300510 0.263410
0.296940 0.261644
0.293550 0.259873
0.287460 0.258098
0.284400 0.256324
0.281310 0.254555
0.277900 0.252795
0.274550 0.251048
0.271180 0.249319
0.267780 0.247613
0.264650 0.245935
0.261490 0.244289
0.258750 0.242679
0.252520 0.241111
0.249880 0.239586
0.246860 0.238108
0.244100 0.236680
0.240950 0.235304
0.237780 0.233979
0.229860 0.232708
0.227150 0.231490
0.224220 0.230325
0.221700 0.229212
0.218980 0.228149
0.216310 0.227133
0.214040 0.226162
0.211050 0.225232
0.208580 0.224340
0.200490 0.223480
0.198200 0.222648
0.195620 0.221840
0.193100 0.221051
0.190720 0.220275
0.188250 0.219509
0.185530 0.218748
0.183180 0.217987
0.180870 0.217224
0.173860 0.216455
0.171280 0.215677
0.169070 0.214889
0.166960 0.214088
0.164830 0.213275
0.162590 0.212448
0.158370 0.211608
0.156300 0.210756
0.151800 0.209893
0.149810 0.209022
0.147630 0.208143
0.145310 0.207261
0.143300 0.206377
0.141190 0.205494
0.139130 0.204615
0.137030 0.203742
0.134780 0.202879
0.133070 0.202028
0.131340 0.201190
0.129140 0.200368
0.127080 0.199563
0.124910 0.198775
0.122760 0.198006
0.110720 0.197255
0.099887 0.196521
0.088687 0.195804
0.078112 0.195102
0.056994 0.194414
0.047076 0.193737
0.037463 0.193070
0.027453 0.192410
0.017993 0.191754
0.008654 0.191101
0.000613 0.190448
-0.008207 0.189793
-0.016553 0.189133
-0.024640 0.188467
-0.032667 0.187794
-0.040449 0.187111
-0.047880 0.186419
-0.055295 0.185715
-0.062940 0.185000
-0.070173 0.184274
-0.084516 0.183536
-0.091093 0.182787
-0.097654 0.182027
-0.104020 0.181258
-0.110580 0.180480
-0.117290 0.179694
-0.136170 0.178901
-0.142160 0.178103
-0.153970 0.177302
-0.159820 0.176498
-0.165430 0.175692
-0.170680 0.174887
-0.175990 0.174082
-0.181730 0.173281
-0.187030 0.172482
-0.192370 0.171687
-0.197810 0.170898
-0.203060 0.170114
-0.208200 0.169335
-0.213450 0.168563
-0.218380 0.167798
-0.223390 0.167039
-0.228310 0.166286
-0.232970 0.165541
-0.237960 0.164802
-0.242540 0.164069
-0.247010 0.163344
-0.251770 0.162624
-0.260970 0.161911
-0.265520 0.161204
-0.270200 0.160503
-0.274200 0.159809
-0.278590 0.159120
-0.282860 0.158437
-0.291530 0.157760
-0.295420 0.157089
-0.299560 0.156424
-0.303880 0.155764
-0.307950 0.155110
-0.316300 0.154461
-0.320540 0.153818
-0.324430 0.153180
-0.332560 0.152547
-0.336380 0.151919
-0.340440 0.151297
-0.348540 0.150680
-0.352280 0.150068
-0.356090 0.149460
-0.359880 0.148858
-0.363650 0.148260
-0.367580 0.147668
-0.371550 0.147080
-0.375140 0.146496
-0.378860 0.145918
-0.386080 0.145343
-0.389780 0.144774
-0.393640 0.144209
-0.397210 0.143648
-0.400980 0.143091
-0.404580 0.142539
-0.408290 0.141991
-0.411850 0.141448
-0.415360 0.140908
-0.418730 0.140373
-0.422350 0.139841
-0.426070 0.139314
-0.429730 0.138790
-0.433320 0.138271
-0.436780 0.137755
-0.440290 0.137244
-0.443720 0.136736
-0.447360 0.136231
-0.454660 0.135731
-0.458170 0.135234
-0.461640 0.134741
-0.464890 0.134251
-0.468280 0.133765
-0.471710 0.133283
-0.475230 0.132803
-0.485750 0.132328
-0.489130 0.131856
-0.492670 0.131387
-0.499280 0.130921
-0.506220 0.130459
-0.509660 0.130000
-0.513060 0.129544
-0.516460 0.129092
-0.519880 0.128642
-0.523310 0.128197
-0.526790 0.127755
-0.530330 0.127317
-0.533800 0.126883
-0.537180 0.126453
-0.540600 0.126028
-0.544000 0.125608
-0.550990 0.125194
-0.554440 0.124786
-0.558040 0.124383
-0.561460 0.123988
-0.564850 0.123600
-0.568190 0.123219
-0.571670 0.122846
-0.575160 0.122481
-0.581880 0.122125
-0.585350 0.121777
-0.588770 0.121438
-0.592130 0.121107
-0.595610 0.120785
-0.598970 0.120471
-0.602310 0.120166
-0.605790 0.119868
-0.609270 0.119577
-0.612530 0.119293
-0.616210 0.119016
-0.620020 0.118743
-0.623400 0.118476
-0.626720 0.118213
-0.630260 0.117953
-0.633790 0.117695
-0.637300 0.117439
-0.640530 0.117184
-0.644060 0.116928
-0.647530 0.116672
-0.651070 0.116414
-0.654520 0.116154
-0.657990 0.115892
-0.661390 0.115626
-0.665220 0.115357
-0.668710 0.115083
-0.672250 0.114806
-0.675730 0.114524
-0.679180 0.114238
-0.682770 0.113948
-0.686320 0.113654
-0.689890 0.113356
-0.693460 0.113054
-0.697140 0.112749
-0.700730 0.112441
-0.704500 0.112130
-0.707870 0.111817
-0.711580 0.111503
-0.715270 0.111188
-0.718840 0.110871
-0.722500 0.110555
-0.726250 0.110238
-0.729890 0.109922
-0.733560 0.109607
-0.737300 0.109293
-0.741190 0.108980
-0.744900 0.108668
-0.748610 0.108358
-0.752390 0.108050
-0.756100 0.107743
-0.759950 0.107438
-0.763820 0.107135
-0.767840 0.106834
-0.771790 0.106534
-0.775800 0.106236
-0.779660 0.105939
-0.783720 0.105645
-0.787530 0.105351
-0.791710 0.105060
-0.799890 0.104770
-0.804040 0.104482
-0.808350 0.104195
-0.812480 0.103910
-0.816660 0.103626
-0.821030 0.103344
-0.825120 0.103064
-0.829500 0.102785
-0.833940 0.102507
-0.838360 0.102231
-0.842790 0.101957
-0.847100 0.101684
-0.851510 0.101412
-0.856080 0.101142
-0.860760 0.100873
-0.865450 0.100606
-0.869890 0.100340
-0.874460 0.100076
-0.879260 0.099813
-0.884110 0.099551
-0.889020 0.099291
-0.893870 0.099032
-0.898690 0.098774
-0.903410 0.098518
-0.908570 0.098263
-0.919220 0.098009
-0.924790 0.097757
-0.930000 0.097506
-0.935160 0.097256
-0.940590 0.097008
-0.946450 0.096761
-0.951700 0.096515
-0.957460 0.096270
-0.963250 0.096027
-0.969240 0.095784
-0.975110 0.095543
-0.981150 0.095304
-0.987060 0.095065
-0.993570 0.094828
-1.006200 0.094591
-1.012700 0.094356
-1.019700 0.094122
-1.026600 0.093890
-1.033300 0.093658
-1.040200 0.093428
-1.047600 0.093198
-1.054600 0.092970
-1.062600 0.092743
-1.070200 0.092517
-1.078200 0.092292
-1.086000 0.092069
-1.093700 0.091846
-1.102100 0.091624
-1.110300 0.091404
-1.118900 0.091185
-1.127600 0.090966
-1.137000 0.090750
-1.146400 0.090534
-1.156100 0.090320
-1.166400 0.090108
-1.176200 0.089898
-1.186900 0.089690
-1.198400 0.089485
-1.209900 0.089283
-1.221500 0.089084
-1.233900 0.088888
-1.246400 0.088696
-1.259700 0.088509
-1.273600 0.088327
-1.288400 0.088150
-1.303700 0.087978
-1.319900 0.087812
-1.336600 0.087651
-1.354900 0.087496
-1.373900 0.087348
-1.393800 0.087206
-1.417700 0.087072
-1.494100 0.086947
-1.524000 0.086829
-1.558300 0.086719
-1.689900 0.086612
-1.745700 0.086482
-1.807200 0.086363
-1.887400 0.086256
-1.983400 0.086161
-2.109000 0.086080
-2.265700 0.086010
-2.465200 0.085950
-2.743400 0.085899
-3.279200 0.085865
-5.241800 0.085843
-6.873600 0.085819
-18.331000 0.085714
