7.331700 0.487902
3.048600 0.487902
1.877900 0.487902
1.537800 0.487902
1.296400 0.487902
1.136600 0.487902
1.013200 0.487902
0.909820 0.487902
0.841030 0.487902
0.782710 0.487902
0.734460 0.487902
0.690700 0.487902
0.652190 0.487902
0.587250 0.487902
0.560970 0.487902
0.528190 0.487902
0.504790 0.487902
0.480190 0.487902
0.460020 0.487902
0.439570 0.487902
0.421660 0.487902
0.402490 0.487902
0.385490 0.487902
0.371370 0.487902
0.357890 0.487902
0.332000 0.487902
0.309230 0.487902
0.296900 0.487902
0.285980 0.487902
0.274530 0.487902
0.264740 0.487902
0.255090 0.487902
0.245210 0.487902
0.236810 0.487902
0.227570 0.487902
0.219050 0.487902
0.211940 0.487902
0.204130 0.487902
0.196440 0.487902
0.182950 0.487902
0.175750 0.487902
0.162720 0.487902
0.157100 0.487902
0.150450 0.487902
0.132170 0.487902
0.121120 0.487901
0.115540 0.487894
0.110560 0.487823
0.105740 0.487112
0.101560 0.480000
0.097256 0.472888
0.092755 0.467181
0.087735 0.462137
0.083279 0.457513
0.074307 0.453182
0.070157 0.448999
0.066372 0.445027
0.062161 0.441274
0.058529 0.437733
0.053921 0.434403
0.050198 0.431273
0.046048 0.428328
0.041653 0.424796
0.037304 0.421496
0.029934 0.418373
0.026516 0.415392
0.023129 0.412534
0.019803 0.409792
0.016720 0.407157
0.013608 0.404620
0.010312 0.402171
0.007657 0.399800
0.004544 0.397527
0.001095 0.395338
-0.005680 0.393224
-0.008609 0.391175
-0.011478 0.389182
-0.014255 0.387240
-0.017215 0.385341
-0.020267 0.383481
-0.022831 0.381653
-0.026065 0.379851
-0.028903 0.378070
-0.031620 0.376305
-0.034214 0.374554
-0.039798 0.372814
-0.042148 0.371083
-0.044986 0.369361
-0.047214 0.367648
-0.049594 0.365944
-0.051944 0.364253
-0.057010 0.362576
-0.059513 0.360916
-0.061771 0.359278
-0.064426 0.357665
-0.066654 0.356083
-0.068759 0.354536
-0.070652 0.353030
-0.072544 0.351570
-0.074619 0.350162
-0.076603 0.348813
-0.081028 0.347527
-0.082981 0.346310
-0.085239 0.345166
-0.086948 0.344100
-0.088962 0.343114
-0.090976 0.342211
-0.093174 0.341393
-0.095188 0.340657
-0.097187 0.340005
-0.099460 0.339433
-0.101630 0.338939
-0.103760 0.338517
-0.109780 0.338163
-0.111760 0.337870
-0.113470 0.337632
-0.115360 0.337439
-0.117530 0.337284
-0.119300 0.337158
-0.121100 0.337051
-0.123050 0.336954
-0.124640 0.336858
-0.126260 0.336751
-0.127930 0.336627
-0.129520 0.336474
-0.131200 0.336286
-0.132910 0.336053
-0.134710 0.335769
-0.137790 0.335428
-0.139500 0.335023
-0.141060 0.334551
-0.142670 0.334008
-0.144340 0.333393
-0.147710 0.332704
-0.149360 0.331943
-0.151040 0.331111
-0.152770 0.330210
-0.157440 0.329245
-0.158850 0.328218
-0.160160 0.327136
-0.161500 0.326002
-0.163060 0.324824
-0.166110 0.323605
-0.167550 0.322353
-0.168980 0.321073
-0.170440 0.319771
-0.171820 0.318453
-0.173310 0.317125
-0.174550 0.315791
-0.175620 0.314457
-0.177010 0.313127
-0.179750 0.311804
-0.181100 0.310491
-0.182470 0.309191
-0.183840 0.307907
-0.185200 0.306640
-0.186470 0.305391
-0.187900 0.304161
-0.189120 0.302951
-0.190340 0.301761
-0.191650 0.300590
-0.192900 0.299440
-0.194090 0.298308
-0.195470 0.297195
-0.196810 0.296099
-0.198120 0.295020
-0.199280 0.293956
-0.200530 0.292909
-0.201940 0.291876
-0.203300 0.290857
-0.204650 0.289852
-0.205980 0.288860
-0.207070 0.287882
-0.208380 0.286916
-0.210730 0.285962
-0.211860 0.285020
-0.212960 0.284090
-0.219820 0.283172
-0.226470 0.282265
-0.239200 0.281369
-0.245210 0.280485
-0.250830 0.279611
-0.256840 0.278748
-0.267810 0.277896
-0.273290 0.277055
-0.278540 0.276224
-0.283970 0.275403
-0.289030 0.274593
-0.293980 0.273794
-0.298860 0.273004
-0.303670 0.272225
-0.308750 0.271456
-0.313540 0.270698
-0.318090 0.269950
-0.322340 0.269213
-0.326600 0.268486
-0.331000 0.267768
-0.335480 0.267060
-0.339660 0.266361
-0.348100 0.265670
-0.352080 0.264986
-0.356240 0.264308
-0.360170 0.263636
-0.364230 0.262968
-0.367970 0.262305
-0.371980 0.261645
-0.375640 0.260987
-0.379250 0.260331
-0.382940 0.259676
-0.386570 0.259022
-0.390290 0.258368
-0.393800 0.257715
-0.397340 0.257062
-0.400790 0.256409
-0.404180 0.255756
-0.407510 0.255103
-0.411040 0.254450
-0.414460 0.253797
-0.417970 0.253144
-0.421080 0.252492
-0.424350 0.251839
-0.427650 0.251188
-0.431000 0.250536
-0.434420 0.249885
-0.437720 0.249235
-0.440950 0.248585
-0.444080 0.247935
-0.447030 0.247285
-0.450230 0.246634
-0.453460 0.245983
-0.456390 0.245330
-0.459420 0.244675
-0.462560 0.244017
-0.468720 0.243356
-0.471580 0.242690
-0.474520 0.242019
-0.477420 0.241342
-0.480320 0.240658
-0.483330 0.239967
-0.486120 0.239267
-0.489140 0.238559
-0.492070 0.237840
-0.495030 0.237111
-0.497900 0.236372
-0.500690 0.235622
-0.503480 0.234860
-0.506170 0.234088
-0.509070 0.233306
-0.511970 0.232514
-0.514730 0.231712
-0.520390 0.230902
-0.525820 0.230085
-0.528600 0.229261
-0.531330 0.228430
-0.534060 0.227595
-0.536750 0.226756
-0.539430 0.225915
-0.542210 0.225072
-0.544900 0.224228
-0.547700 0.223384
-0.550340 0.222542
-0.553010 0.221703
-0.555730 0.220866
-0.561360 0.220033
-0.564060 0.219204
-0.566750 0.218380
-0.569340 0.217562
-0.572030 0.216748
-0.574710 0.215940
-0.577370 0.215138
-0.580190 0.214342
-0.582890 0.213552
-0.585610 0.212767
-0.588260 0.211989
-0.590880 0.211215
-0.596040 0.210448
-0.598670 0.209686
-0.601290 0.208930
-0.603840 0.208179
-0.606510 0.207433
-0.609070 0.206693
-0.611790 0.205958
-0.614290 0.205228
-0.616860 0.204503
-0.619430 0.203784
-0.622000 0.203069
-0.624550 0.202360
-0.627230 0.201655
-0.629760 0.200956
-0.634890 0.200261
-0.637530 0.199571
-0.640130 0.198886
-0.642800 0.198205
-0.645250 0.197529
-0.647910 0.196858
-0.650580 0.196191
-0.653110 0.195529
-0.655720 0.194871
-0.658330 0.194218
-0.660940 0.193569
-0.663520 0.192924
-0.666170 0.192284
-0.668840 0.191648
-0.671470 0.191016
-0.674080 0.190388
-0.676760 0.189765
-0.679420 0.189145
-0.682070 0.188529
-0.684760 0.187918
-0.687380 0.187310
-0.690040 0.186707
-0.692770 0.186107
-0.695580 0.185511
-0.700930 0.184919
-0.703680 0.184331
-0.706420 0.183746
-0.709220 0.183165
-0.712150 0.182589
-0.714980 0.182016
-0.717870 0.181448
-0.723330 0.180885
-0.726110 0.180326
-0.728820 0.179772
-0.731590 0.179224
-0.734440 0.178681
-0.737160 0.178145
-0.740150 0.177616
-0.742950 0.177093
-0.746010 0.176577
-0.748840 0.176070
-0.751570 0.175570
-0.754430 0.175078
-0.757360 0.174595
-0.760240 0.174120
-0.763340 0.173654
-0.766300 0.173196
-0.769400 0.172748
-0.772310 0.172307
-0.775070 0.171875
-0.778020 0.171450
-0.781160 0.171033
-0.784210 0.170623
-0.787200 0.170220
-0.790320 0.169823
-0.796390 0.169431
-0.799350 0.169045
-0.802680 0.168664
-0.805760 0.168288
-0.808990 0.167915
-0.812350 0.167546
-0.815600 0.167180
-0.818970 0.166817
-0.822280 0.166457
-0.825760 0.166099
-0.828950 0.165743
-0.835730 0.165389
-0.839240 0.165038
-0.842580 0.164688
-0.845800 0.164340
-0.852590 0.163994
-0.856020 0.163650
-0.859520 0.163308
-0.862950 0.162968
-0.866350 0.162629
-0.870090 0.162292
-0.873710 0.161957
-0.880910 0.161624
-0.884590 0.161292
-0.888460 0.160961
-0.892140 0.160632
-0.895820 0.160304
-0.899810 0.159976
-0.903580 0.159649
-0.907530 0.159322
-0.915360 0.158994
-0.919240 0.158666
-0.923280 0.158337
-0.927480 0.158006
-0.931400 0.157673
-0.935440 0.157339
-0.952840 0.157002
-0.957100 0.156662
-0.961660 0.156319
-0.966400 0.155973
-0.971260 0.155623
-0.975480 0.155271
-0.980290 0.154915
-0.985290 0.154555
-0.990390 0.154193
-0.995300 0.153828
-1.000100 0.153460
-1.005400 0.153091
-1.010600 0.152720
-1.016100 0.152347
-1.021600 0.151974
-1.027200 0.151601
-1.038600 0.151228
-1.044800 0.150856
-1.051000 0.150486
-1.057000 0.150119
-1.063200 0.149754
-1.069600 0.149393
-1.075500 0.149035
-1.082100 0.148683
-1.095700 0.148335
-1.102600 0.147992
-1.109800 0.147655
-1.117200 0.147324
-1.124500 0.146999
-1.132300 0.146681
-1.140200 0.146368
-1.148600 0.146062
-1.156500 0.145762
-1.165100 0.145468
-1.173900 0.145180
-1.191400 0.144898
-1.201100 0.144621
-1.210900 0.144349
-1.220800 0.144082
-1.231300 0.143819
-1.253600 0.143559
-1.264900 0.143302
-1.276500 0.143047
-1.289900 0.142794
-1.303300 0.142542
-1.317200 0.142291
-1.363200 0.142039
-1.397400 0.141787
-1.416400 0.141534
-1.435400 0.141278
-1.479300 0.141021
-1.505000 0.140760
-1.531400 0.140497
-1.559300 0.140230
-1.589800 0.139960
-1.625200 0.139687
-1.705800 0.139411
-1.756200 0.139147
-1.811800 0.138876
-1.880900 0.138596
-1.958100 0.138309
-2.057400 0.138015
-2.181000 0.137714
-2.370700 0.137408
-2.617100 0.137098
-3.106700 0.136786
-4.277800 0.136475
-4.833100 0.136166
-10.724000 0.135860
