69.709000 0.636239
7.190300 0.636239
5.056500 0.636239
3.856600 0.636239
3.176500 0.636239
2.773700 0.636239
2.569000 0.636239
2.372600 0.636239
2.168500 0.636239
1.922600 0.636239
1.769400 0.636239
1.623300 0.636239
1.492800 0.636239
1.347000 0.636239
1.234800 0.636239
1.137300 0.636239
1.027800 0.636239
0.940830 0.636239
0.862530 0.636239
0.784490 0.636239
0.716530 0.636239
0.590980 0.636239
0.530530 0.636239
0.475410 0.636239
0.421850 0.636239
0.363810 0.636239
0.316690 0.636239
0.268810 0.636239
0.225780 0.636239
0.146340 0.636239
0.111820 0.636239
0.068398 0.636239
0.028175 0.636239
-0.001640 0.636239
-0.031486 0.636239
-0.058128 0.636239
-0.077049 0.636239
-0.102170 0.636239
-0.159540 0.636239
-0.185290 0.636239
-0.209490 0.636239
-0.214530 0.636239
-0.227750 0.636239
-0.250330 0.636239
-0.274560 0.636239
-0.296680 0.636239
-0.318290 0.636239
-0.337880 0.636239
-0.359920 0.636239
-0.381770 0.636239
-0.400900 0.636239
-0.420190 0.636239
-0.439810 0.636239
-0.456990 0.636239
-0.472340 0.636239
-0.489920 0.636239
-0.507620 0.636239
-0.524800 0.636239
-0.543110 0.636239
-0.556050 0.636239
-0.573110 0.636239
-0.588590 0.636239
-0.604120 0.636239
-0.619260 0.636239
-0.633540 0.636239
-0.647420 0.636239
-0.663410 0.636239
-0.677760 0.636239
-0.690970 0.636239
-0.704370 0.636239
-0.716330 0.636239
-0.728910 0.636239
-0.754020 0.636239
-0.767720 0.636239
-0.781120 0.636239
-0.807760 0.636239
-0.833610 0.636239
-0.846370 0.636239
-0.858020 0.636239
-0.870600 0.636239
-0.881430 0.636239
-0.902310 0.636239
-0.913350 0.636239
-0.922230 0.636239
-0.935110 0.636239
-0.946250 0.636239
-0.956720 0.636239
-0.967770 0.636239
-0.976860 0.636239
-0.987600 0.636239
-0.996790 0.636239
-1.007000 0.636239
-1.017600 0.636239
-1.027300 0.636239
-1.045300 0.636239
-1.054200 0.636239
-1.063300 0.636239
-1.069700 0.636239
-1.079300 0.636239
-1.088600 0.636239
-1.097200 0.636239
-1.105800 0.636239
-1.114600 0.636239
-1.121900 0.636239
-1.129700 0.636239
-1.138200 0.636239
-1.145600 0.636239
-1.161700 0.636239
-1.168600 0.636239
-1.177100 0.636239
-1.184900 0.636239
-1.191400 0.636239
-1.198600 0.636239
-1.206100 0.636239
-1.222100 0.636239
-1.229200 0.636239
-1.236100 0.636239
-1.243400 0.636239
-1.250700 0.636239
-1.256800 0.636239
-1.270800 0.636239
-1.276600 0.636239
-1.282700 0.636239
-1.295200 0.636239
-1.301000 0.636239
-1.313400 0.636239
-1.319500 0.636239
-1.325200 0.636239
-1.331100 0.636239
-1.336700 0.636239
-1.343100 0.636239
-1.349600 0.636239
-1.356200 0.636239
-1.362800 0.636239
-1.368600 0.636239
-1.373600 0.636239
-1.379100 0.636239
-1.384000 0.636239
-1.389200 0.636239
-1.394800 0.636239
-1.405200 0.636239
-1.410600 0.636239
-1.416300 0.636239
-1.426100 0.636239
-1.431000 0.636239
-1.436300 0.636239
-1.441100 0.636239
-1.446300 0.636239
-1.452500 0.636239
-1.458000 0.636239
-1.462900 0.636239
-1.467800 0.636235
-1.472400 0.636200
-1.477500 0.635841
-1.482400 0.632260
-1.486600 0.628679
-1.491300 0.625453
-1.495900 0.622471
-1.500800 0.619729
-1.505500 0.617194
-1.510200 0.614773
-1.514600 0.612499
-1.519300 0.610388
-1.523800 0.608442
-1.528400 0.606659
-1.532700 0.605030
-1.537900 0.603544
-1.542300 0.601674
-1.546500 0.599931
-1.550900 0.598300
-1.555800 0.596775
-1.560100 0.595350
-1.564800 0.594019
-1.568600 0.592776
-1.573500 0.591612
-1.577900 0.590521
-1.582900 0.589494
-1.587400 0.588541
-1.590700 0.587656
-1.595600 0.586832
-1.599400 0.586064
-1.603500 0.585346
-1.607100 0.584670
-1.616600 0.584030
-1.643900 0.583420
-1.667600 0.582833
-1.689600 0.582263
-1.711900 0.581704
-1.732500 0.581150
-1.752400 0.580597
-1.771800 0.580037
-1.790700 0.579468
-1.808700 0.578884
-1.827500 0.578282
-1.862800 0.577656
-1.879400 0.577004
-1.896400 0.576322
-1.911800 0.575607
-1.927600 0.574857
-1.943400 0.574069
-1.958500 0.573241
-1.972100 0.572372
-1.983700 0.571460
-1.998300 0.570503
-2.011900 0.569501
-2.025600 0.568453
-2.051000 0.567357
-2.063400 0.566215
-2.075900 0.565025
-2.088300 0.563790
-2.099600 0.562511
-2.111300 0.561189
-2.122400 0.559827
-2.133700 0.558426
-2.143000 0.556991
-2.153900 0.555524
-2.163900 0.554028
-2.174600 0.552506
-2.184400 0.550963
-2.194200 0.549402
-2.203900 0.547827
-2.214000 0.546242
-2.223300 0.544653
-2.232700 0.543061
-2.241800 0.541473
-2.250800 0.539890
-2.259600 0.538317
-2.276300 0.536756
-2.284900 0.535209
-2.293300 0.533677
-2.302400 0.532163
-2.318600 0.530668
-2.326700 0.529191
-2.335000 0.527733
-2.342800 0.526295
-2.350200 0.524876
-2.357300 0.523475
-2.365000 0.522091
-2.372400 0.520725
-2.379800 0.519373
-2.387200 0.518036
-2.394700 0.516711
-2.401700 0.515399
-2.408800 0.514096
-2.429000 0.512803
-2.436100 0.511519
-2.442600 0.510241
-2.449000 0.508970
-2.455200 0.507703
-2.461700 0.506440
-2.467800 0.505181
-2.473900 0.503923
-2.480100 0.502667
-2.486100 0.501411
-2.492100 0.500156
-2.498000 0.498900
-2.503800 0.497644
-2.509600 0.496387
-2.515200 0.495128
-2.520700 0.493869
-2.526400 0.492607
-2.531800 0.491344
-2.537200 0.490079
-2.548200 0.488812
-2.553300 0.487542
-2.558700 0.486270
-2.564000 0.484994
-2.569100 0.483715
-2.574100 0.482432
-2.579300 0.481145
-2.584400 0.479853
-2.589300 0.478556
-2.594300 0.477253
-2.599000 0.475945
-2.603800 0.474632
-2.608600 0.473314
-2.613600 0.471991
-2.618000 0.470665
-2.622500 0.469335
-2.636400 0.468005
-2.641200 0.466673
-2.645900 0.465343
-2.650300 0.464015
-2.655000 0.462690
-2.659500 0.461370
-2.664000 0.460057
-2.668300 0.458751
-2.677200 0.457454
-2.681600 0.456167
-2.685800 0.454890
-2.690100 0.453624
-2.694400 0.452369
-2.698700 0.451127
-2.702900 0.449897
-2.711300 0.448679
-2.715400 0.447474
-2.719600 0.446281
-2.723700 0.445101
-2.728000 0.443932
-2.731700 0.442776
-2.735900 0.441630
-2.740100 0.440495
-2.744000 0.439371
-2.747700 0.438256
-2.751500 0.437150
-2.759200 0.436053
-2.763400 0.434963
-2.767400 0.433882
-2.771100 0.432807
-2.774800 0.431740
-2.778500 0.430678
-2.782100 0.429623
-2.786200 0.428572
-2.789700 0.427527
-2.793200 0.426486
-2.796900 0.425450
-2.800700 0.424417
-2.804300 0.423389
-2.808000 0.422364
-2.811700 0.421342
-2.819000 0.420325
-2.822900 0.419311
-2.826500 0.418300
-2.830200 0.417294
-2.834000 0.416291
-2.837500 0.415293
-2.840900 0.414300
-2.844300 0.413313
-2.847800 0.412331
-2.851600 0.411357
-2.855000 0.410389
-2.861800 0.409430
-2.865400 0.408479
-2.868700 0.407537
-2.872300 0.406604
-2.875900 0.405681
-2.879400 0.404768
-2.882800 0.403865
-2.886500 0.402971
-2.893700 0.402088
-2.897000 0.401214
-2.900500 0.400349
-2.904000 0.399493
-2.907600 0.398646
-2.914500 0.397806
-2.921400 0.396973
-2.925000 0.396147
-2.928500 0.395326
-2.932100 0.394509
-2.935600 0.393696
-2.939000 0.392886
-2.942600 0.392077
-2.946000 0.391268
-2.949500 0.390459
-2.953000 0.389648
-2.956500 0.388836
-2.960000 0.388020
-2.963700 0.387200
-2.967200 0.386376
-2.970600 0.385547
-2.974100 0.384712
-2.977900 0.383872
-2.981200 0.383027
-2.985200 0.382176
-2.988700 0.381320
-2.992500 0.380460
-2.996100 0.379594
-2.999900 0.378725
-3.003500 0.377851
-3.007200 0.376975
-3.010900 0.376095
-3.014500 0.375212
-3.018300 0.374328
-3.022100 0.373442
-3.025700 0.372554
-3.029500 0.371664
-3.033400 0.370774
-3.037200 0.369883
-3.045200 0.368990
-3.049300 0.368097
-3.053400 0.367203
-3.057300 0.366309
-3.061300 0.365413
-3.065500 0.364517
-3.069500 0.363620
-3.073700 0.362723
-3.077800 0.361825
-3.081800 0.360926
-3.086300 0.360028
-3.090600 0.359130
-3.095100 0.358233
-3.099600 0.357336
-3.103900 0.356441
-3.108400 0.355547
-3.112900 0.354656
-3.117600 0.353766
-3.122300 0.352879
-3.131000 0.351995
-3.135800 0.351114
-3.140800 0.350237
-3.150500 0.349364
-3.155200 0.348494
-3.160000 0.347628
-3.164800 0.346767
-3.169500 0.345910
-3.174600 0.345056
-3.180000 0.344207
-3.185200 0.343363
-3.190400 0.342522
-3.196100 0.341686
-3.201600 0.340853
-3.207100 0.340025
-3.212900 0.339200
-3.218700 0.338380
-3.224100 0.337564
-3.236100 0.336751
-3.242000 0.335943
-3.248500 0.335138
-3.254700 0.334337
-3.261200 0.333540
-3.267900 0.332747
-3.275300 0.331957
-3.282700 0.331172
-3.289800 0.330390
-3.297300 0.329611
-3.313400 0.328837
-3.322000 0.328066
-3.330900 0.327299
-3.339700 0.326536
-3.348300 0.325777
-3.358200 0.325023
-3.367900 0.324273
-3.377800 0.323528
-3.388600 0.322787
-3.400300 0.322052
-3.411300 0.321324
-3.423700 0.320603
-3.450000 0.319886
-3.464400 0.319175
-3.479200 0.318470
-3.512900 0.317772
-3.531600 0.317082
-3.551500 0.316401
-3.573100 0.315731
-3.596600 0.315077
-3.621900 0.314455
-3.685800 0.313772
-3.720500 0.313100
-3.762300 0.312440
-3.805800 0.311793
-3.855200 0.311162
-3.915200 0.310549
-3.982500 0.309956
-4.190600 0.309377
-4.360800 0.308831
-4.625400 0.308344
-5.140400 0.307959
-17.108000 0.307860
