722.720000 0.173790
2.751500 0.173790
1.528500 0.173790
0.828990 0.173790
0.454300 0.173790
0.219130 0.173790
0.043593 0.173790
-0.111190 0.173790
-0.225760 0.173790
-0.323530 0.173790
-0.402330 0.173790
-0.481620 0.173790
-0.544850 0.173790
-0.604170 0.173790
-0.665390 0.173790
-0.722950 0.173790
-0.776230 0.173790
-0.821830 0.173790
-0.858380 0.173790
-0.894700 0.173790
-0.927780 0.173790
-0.956290 0.173790
-0.986990 0.173790
-1.045800 0.173790
-1.070700 0.173790
-1.093700 0.173790
-1.116100 0.173790
-1.140400 0.173790
-1.163600 0.173790
-1.182900 0.173790
-1.201400 0.173790
-1.218400 0.173790
-1.235800 0.173790
-1.267000 0.173790
-1.282100 0.173790
-1.297700 0.173790
-1.325600 0.173790
-1.340400 0.173790
-1.354100 0.173790
-1.364800 0.173790
-1.391200 0.173790
-1.402500 0.173790
-1.413400 0.173790
-1.422500 0.173790
-1.431800 0.173790
-1.461500 0.173790
-1.495600 0.173790
-1.503900 0.173790
-1.511000 0.173790
-1.518400 0.173790
-1.526000 0.173790
-1.532500 0.173790
-1.539400 0.173790
-1.546200 0.173790
-1.552300 0.173790
-1.564500 0.173790
-1.570900 0.173790
-1.577100 0.173790
-1.582700 0.173790
-1.589300 0.173790
-1.594800 0.173790
-1.600700 0.173790
-1.610900 0.173790
-1.616000 0.173790
-1.620400 0.173790
-1.625800 0.173790
-1.630800 0.173790
-1.635900 0.173790
-1.644600 0.173790
-1.648600 0.173790
-1.653100 0.173790
-1.657600 0.173790
-1.661400 0.173790
-1.665600 0.173790
-1.669500 0.173790
-1.678200 0.173790
-1.682500 0.173790
-1.689100 0.173790
-1.693000 0.173790
-1.696500 0.173790
-1.701000 0.173790
-1.704900 0.173790
-1.708500 0.173790
-1.712100 0.173790
-1.715400 0.173790
-1.719000 0.173790
-1.722500 0.173790
-1.725700 0.173790
-1.729200 0.173790
-1.732600 0.173790
-1.736100 0.173790
-1.739800 0.173790
-1.743000 0.173790
-1.746300 0.173790
-1.749000 0.173790
-1.752200 0.173790
-1.755500 0.173790
-1.758400 0.173790
-1.761600 0.173790
-1.764500 0.173790
-1.767000 0.173790
-1.769100 0.173790
-1.772000 0.173790
-1.774600 0.173790
-1.777200 0.173790
-1.779500 0.173790
-1.782100 0.173789
-1.784500 0.173779
-1.787200 0.173684
-1.789800 0.172730
-1.792300 0.171776
-1.795000 0.171106
-1.797800 0.170572
-1.800000 0.170107
-1.802700 0.169675
-1.804900 0.169262
-1.807100 0.168858
-1.809400 0.168455
-1.816600 0.168047
-1.818800 0.167635
-1.821200 0.167221
-1.823400 0.166806
-1.825500 0.166387
-1.827800 0.165964
-1.832100 0.165535
-1.834300 0.165100
-1.836200 0.164659
-1.838000 0.164211
-1.840100 0.163757
-1.842200 0.163292
-1.844500 0.162841
-1.846500 0.162395
-1.848700 0.161951
-1.850400 0.161506
-1.853900 0.161059
-1.855900 0.160609
-1.857800 0.160154
-1.859600 0.159697
-1.861600 0.159236
-1.863900 0.158772
-1.865900 0.158305
-1.867900 0.157834
-1.869500 0.157362
-1.871100 0.156888
-1.873000 0.156412
-1.876300 0.155935
-1.877900 0.155459
-1.879800 0.154983
-1.881400 0.154508
-1.885100 0.154034
-1.887100 0.153561
-1.889000 0.153090
-1.890700 0.152622
-1.892500 0.152156
-1.894300 0.151694
-1.895700 0.151236
-1.897300 0.150783
-1.898900 0.150335
-1.900600 0.149893
-1.902200 0.149458
-1.903800 0.149030
-1.905100 0.148611
-1.906700 0.148199
-1.908400 0.147796
-1.910100 0.147403
-1.911700 0.147020
-1.913200 0.146647
-1.914500 0.146284
-1.916000 0.145933
-1.917500 0.145593
-1.918900 0.145265
-1.920400 0.144949
-1.921700 0.144645
-1.923100 0.144353
-1.925000 0.144073
-1.926400 0.143805
-1.927800 0.143550
-1.929200 0.143306
-1.930700 0.143075
-1.932200 0.142855
-1.933400 0.142647
-1.941900 0.142450
-1.950000 0.142264
-1.957900 0.142088
-1.965400 0.141922
-1.972800 0.141765
-1.980100 0.141617
-1.986900 0.141477
-1.993600 0.141346
-2.000200 0.141221
-2.006500 0.141103
-2.012700 0.140990
-2.018700 0.140882
-2.024800 0.140779
-2.030800 0.140680
-2.036400 0.140583
-2.042300 0.140489
-2.048000 0.140396
-2.058600 0.140304
-2.063500 0.140213
-2.068500 0.140121
-2.073900 0.140028
-2.078800 0.139933
-2.083700 0.139836
-2.088400 0.139737
-2.092900 0.139634
-2.097700 0.139527
-2.102200 0.139417
-2.106900 0.139302
-2.111300 0.139182
-2.115700 0.139057
-2.119900 0.138926
-2.128500 0.138790
-2.132500 0.138648
-2.136800 0.138500
-2.140700 0.138347
-2.144700 0.138187
-2.148800 0.138022
-2.152900 0.137850
-2.156600 0.137673
-2.160400 0.137491
-2.164100 0.137303
-2.168000 0.137110
-2.171700 0.136912
-2.175400 0.136709
-2.178900 0.136502
-2.182600 0.136291
-2.186200 0.136076
-2.189700 0.135858
-2.193300 0.135638
-2.197000 0.135415
-2.200300 0.135190
-2.203700 0.134963
-2.207300 0.134735
-2.210700 0.134507
-2.214000 0.134279
-2.217600 0.134050
-2.221000 0.133823
-2.224300 0.133596
-2.227500 0.133371
-2.230800 0.133148
-2.233900 0.132927
-2.237100 0.132709
-2.240200 0.132494
-2.243300 0.132282
-2.246200 0.132073
-2.249300 0.131868
-2.252400 0.131667
-2.255500 0.131471
-2.258600 0.131278
-2.261700 0.131091
-2.264800 0.130907
-2.267900 0.130729
-2.270900 0.130555
-2.273800 0.130386
-2.276800 0.130221
-2.279900 0.130061
-2.282900 0.129906
-2.285700 0.129755
-2.288600 0.129608
-2.291600 0.129465
-2.297200 0.129325
-2.300100 0.129190
-2.302900 0.129058
-2.305800 0.128928
-2.308600 0.128802
-2.311300 0.128678
-2.314000 0.128556
-2.316700 0.128436
-2.319400 0.128317
-2.324900 0.128199
-2.327600 0.128083
-2.330400 0.127966
-2.335800 0.127850
-2.338600 0.127733
-2.341200 0.127616
-2.343800 0.127498
-2.346400 0.127379
-2.349100 0.127258
-2.354700 0.127136
-2.360200 0.127011
-2.365300 0.126884
-2.367900 0.126755
-2.370400 0.126623
-2.373100 0.126488
-2.375700 0.126350
-2.378300 0.126209
-2.380900 0.126065
-2.383500 0.125918
-2.386000 0.125767
-2.388600 0.125613
-2.391200 0.125456
-2.393700 0.125295
-2.396400 0.125132
-2.398800 0.124966
-2.401300 0.124796
-2.404000 0.124625
-2.406500 0.124450
-2.409100 0.124274
-2.411600 0.124095
-2.414000 0.123915
-2.416600 0.123733
-2.419200 0.123550
-2.424200 0.123367
-2.426700 0.123183
-2.429200 0.122998
-2.431600 0.122814
-2.434300 0.122630
-2.436900 0.122448
-2.439300 0.122266
-2.441600 0.122086
-2.444100 0.121908
-2.446800 0.121732
-2.449300 0.121558
-2.451900 0.121388
-2.454500 0.121221
-2.457100 0.121057
-2.459800 0.120896
-2.462300 0.120740
-2.464800 0.120588
-2.467300 0.120440
-2.469900 0.120298
-2.472500 0.120159
-2.475000 0.120026
-2.477700 0.119898
-2.480200 0.119775
-2.482900 0.119657
-2.488200 0.119544
-2.491000 0.119437
-2.493800 0.119335
-2.496600 0.119239
-2.499100 0.119148
-2.504500 0.119062
-2.507300 0.118981
-2.509900 0.118905
-2.512400 0.118834
-2.515100 0.118768
-2.517600 0.118707
-2.522900 0.118650
-2.525500 0.118598
-2.528100 0.118550
-2.530900 0.118506
-2.536400 0.118466
-2.539100 0.118429
-2.541700 0.118395
-2.544400 0.118365
-2.547300 0.118338
-2.550200 0.118314
-2.553100 0.118292
-2.558800 0.118272
-2.561400 0.118255
-2.564200 0.118239
-2.569900 0.118225
-2.572800 0.118213
-2.575600 0.118202
-2.578600 0.118192
-2.581600 0.118183
-2.584500 0.118175
-2.587500 0.118168
-2.593200 0.118161
-2.596100 0.118154
-2.602100 0.118147
-2.605300 0.118140
-2.611400 0.118134
-2.614400 0.118126
-2.617600 0.118119
-2.620800 0.118111
-2.623800 0.118102
-2.627000 0.118092
-2.630400 0.118082
-2.633500 0.118071
-2.636900 0.118058
-2.640100 0.118044
-2.643400 0.118029
-2.650300 0.118012
-2.653900 0.117994
-2.657300 0.117974
-2.664000 0.117952
-2.667400 0.117928
-2.670900 0.117902
-2.674500 0.117874
-2.678100 0.117843
-2.681700 0.117810
-2.685500 0.117774
-2.689300 0.117736
-2.692900 0.117694
-2.696600 0.117649
-2.700600 0.117602
-2.704300 0.117550
-2.708400 0.117496
-2.712500 0.117437
-2.716800 0.117375
-2.720800 0.117309
-2.725000 0.117238
-2.729400 0.117164
-2.738100 0.117085
-2.742700 0.117001
-2.747000 0.116913
-2.751500 0.116820
-2.756300 0.116723
-2.760900 0.116620
-2.770100 0.116512
-2.775100 0.116400
-2.779900 0.116282
-2.785000 0.116159
-2.789900 0.116031
-2.795100 0.115898
-2.800500 0.115759
-2.806300 0.115616
-2.811900 0.115467
-2.817400 0.115313
-2.823400 0.115154
-2.829500 0.114990
-2.835700 0.114821
-2.842000 0.114648
-2.848600 0.114469
-2.855200 0.114286
-2.876000 0.114099
-2.883800 0.113907
-2.891600 0.113711
-2.899200 0.113511
-2.907500 0.113307
-2.915800 0.113099
-2.924500 0.112888
-2.934100 0.112673
-2.944400 0.112456
-2.955000 0.112235
-2.965900 0.112011
-2.976700 0.111785
-2.988500 0.111556
-3.001200 0.111325
-3.014500 0.111092
-3.028900 0.110858
-3.043700 0.110622
-3.060200 0.110384
-3.077300 0.110151
-3.096700 0.109914
-3.115600 0.109674
-3.139500 0.109431
-3.163500 0.109186
-3.191900 0.108939
-3.220700 0.108691
-3.296000 0.108443
-3.343400 0.108193
-3.398800 0.107943
-3.468000 0.107693
-3.558000 0.107443
-3.672000 0.107194
-3.839400 0.106945
-4.041000 0.106698
-4.334600 0.106452
-4.834300 0.106209
-9.428000 0.105968
-17.374000 0.105730
