62.344000 0.357539
1.409000 0.357539
0.187540 0.357539
-0.565240 0.357539
-0.762960 0.357539
-0.888120 0.357539
-0.965230 0.357539
-1.030000 0.357539
-1.079500 0.357539
-1.152600 0.357539
-1.186300 0.357539
-1.237700 0.357539
-1.259000 0.357539
-1.283700 0.357539
-1.301500 0.357539
-1.317100 0.357539
-1.331400 0.357539
-1.346700 0.357539
-1.360500 0.357539
-1.374400 0.357539
-1.385300 0.357539
-1.396700 0.357539
-1.407700 0.357539
-1.416800 0.357539
-1.425300 0.357539
-1.434500 0.357539
-1.441900 0.357539
-1.449400 0.357539
-1.457000 0.357539
-1.464100 0.357539
-1.471700 0.357539
-1.484500 0.357539
-1.491000 0.357539
-1.496800 0.357539
-1.502600 0.357539
-1.513800 0.357539
-1.519100 0.357539
-1.524900 0.357539
-1.529700 0.357539
-1.539300 0.357539
-1.543400 0.357539
-1.547800 0.357539
-1.552000 0.357539
-1.556800 0.357539
-1.560800 0.357539
-1.564400 0.357539
-1.568600 0.357539
-1.572500 0.357539
-1.575900 0.357539
-1.580000 0.357539
-1.583900 0.357539
-1.588100 0.357539
-1.591400 0.357539
-1.595100 0.357539
-1.605400 0.357539
-1.608600 0.357539
-1.611900 0.357539
-1.614600 0.357539
-1.617800 0.357539
-1.627300 0.357539
-1.630300 0.357539
-1.633200 0.357539
-1.636500 0.357539
-1.639400 0.357539
-1.642100 0.357539
-1.644900 0.357539
-1.647600 0.357539
-1.649800 0.357539
-1.652500 0.357539
-1.655000 0.357539
-1.657600 0.357539
-1.659900 0.357539
-1.662000 0.357539
-1.664200 0.357539
-1.666800 0.357539
-1.669300 0.357539
-1.671900 0.357539
-1.674100 0.357539
-1.676500 0.357539
-1.678700 0.357539
-1.680900 0.357539
-1.683200 0.357539
-1.685500 0.357539
-1.688000 0.357539
-1.689900 0.357539
-1.692100 0.357539
-1.693900 0.357537
-1.696100 0.357520
-1.698100 0.357341
-1.699900 0.355560
-1.701900 0.353779
-1.703700 0.352447
-1.705700 0.351318
-1.707600 0.350314
-1.709600 0.349400
-1.711500 0.348552
-1.713300 0.347760
-1.715100 0.347022
-1.717000 0.346336
-1.718800 0.345690
-1.720800 0.345060
-1.722600 0.344454
-1.724500 0.343876
-1.726300 0.343327
-1.727900 0.342807
-1.729500 0.342317
-1.731000 0.341856
-1.732900 0.341424
-1.734500 0.341020
-1.736200 0.340644
-1.737800 0.340294
-1.739400 0.339970
-1.741100 0.339468
-1.742900 0.339008
-1.744200 0.338580
-1.745800 0.338178
-1.747400 0.337800
-1.749000 0.337443
-1.750500 0.337106
-1.752100 0.336788
-1.753400 0.336488
-1.755200 0.336205
-1.756600 0.335938
-1.758100 0.335686
-1.759300 0.335450
-1.760600 0.335227
-1.762000 0.335017
-1.763500 0.334820
-1.764900 0.334633
-1.766300 0.334457
-1.767700 0.334289
-1.769200 0.334130
-1.770500 0.333982
-1.771800 0.333845
-1.773200 0.333718
-1.774800 0.333599
-1.776100 0.333487
-1.777400 0.333381
-1.778700 0.333282
-1.780000 0.333187
-1.782700 0.333097
-1.784100 0.333010
-1.786900 0.332926
-1.788100 0.332844
-1.790700 0.332763
-1.791900 0.332682
-1.793100 0.332602
-1.794200 0.332522
-1.795300 0.332440
-1.796400 0.332357
-1.797800 0.332272
-1.798900 0.332184
-1.800100 0.332094
-1.801300 0.332000
-1.802600 0.331903
-1.803600 0.331801
-1.804900 0.331696
-1.806100 0.331586
-1.808600 0.331471
-1.809600 0.331352
-1.810700 0.331229
-1.813200 0.331100
-1.814500 0.330967
-1.815700 0.330830
-1.816700 0.330688
-1.817700 0.330541
-1.818800 0.330391
-1.819900 0.330236
-1.821100 0.330078
-1.822200 0.329916
-1.823300 0.329751
-1.824300 0.329584
-1.826500 0.329414
-1.827600 0.329241
-1.828600 0.329067
-1.829700 0.328891
-1.830700 0.328714
-1.831700 0.328537
-1.832600 0.328358
-1.833700 0.328180
-1.834700 0.328002
-1.835800 0.327825
-1.836900 0.327648
-1.837800 0.327473
-1.844600 0.327299
-1.850600 0.327126
-1.856500 0.326956
-1.861800 0.326788
-1.867200 0.326621
-1.872500 0.326457
-1.877600 0.326296
-1.882700 0.326137
-1.887700 0.325980
-1.892700 0.325826
-1.897600 0.325675
-1.902100 0.325525
-1.911100 0.325378
-1.915400 0.325233
-1.923600 0.325090
-1.927800 0.324949
-1.932000 0.324809
-1.936000 0.324671
-1.947500 0.324533
-1.951300 0.324396
-1.955200 0.324259
-1.958900 0.324122
-1.962800 0.323985
-1.966400 0.323847
-1.973400 0.323707
-1.977000 0.323566
-1.980600 0.323423
-1.983900 0.323277
-1.987000 0.323128
-1.990400 0.322976
-1.993800 0.322820
-1.997100 0.322660
-2.000000 0.322495
-2.003200 0.322325
-2.006500 0.322150
-2.012700 0.321968
-2.015700 0.321781
-2.021800 0.321587
-2.024900 0.321387
-2.027900 0.321179
-2.030700 0.320964
-2.033700 0.320742
-2.036800 0.320511
-2.039700 0.320273
-2.042600 0.320026
-2.045600 0.319771
-2.048400 0.319507
-2.051100 0.319235
-2.056500 0.318954
-2.059200 0.318664
-2.062000 0.318366
-2.067400 0.318059
-2.070100 0.317743
-2.075500 0.317418
-2.078100 0.317086
-2.080800 0.316744
-2.083400 0.316394
-2.086000 0.316036
-2.088600 0.315670
-2.091000 0.315296
-2.093500 0.314914
-2.096100 0.314525
-2.098600 0.314128
-2.101100 0.313724
-2.103500 0.313313
-2.105900 0.312895
-2.110800 0.312471
-2.115800 0.312040
-2.118400 0.311603
-2.120600 0.311161
-2.123000 0.310712
-2.125500 0.310259
-2.128000 0.309800
-2.130300 0.309335
-2.132700 0.308866
-2.135100 0.308393
-2.137400 0.307915
-2.139900 0.307432
-2.144600 0.306945
-2.147100 0.306455
-2.149400 0.305960
-2.151800 0.305462
-2.154100 0.304961
-2.156200 0.304455
-2.158500 0.303947
-2.160900 0.303435
-2.163100 0.302921
-2.165500 0.302403
-2.167700 0.301882
-2.170200 0.301359
-2.174900 0.300833
-2.179500 0.300304
-2.181800 0.299773
-2.184100 0.299239
-2.186400 0.298703
-2.188700 0.298164
-2.191000 0.297624
-2.193300 0.297081
-2.195600 0.296536
-2.197900 0.295989
-2.200200 0.295441
-2.202400 0.294890
-2.204700 0.294339
-2.209200 0.293785
-2.211300 0.293230
-2.213400 0.292674
-2.215600 0.292117
-2.217800 0.291559
-2.220000 0.291001
-2.224500 0.290441
-2.226600 0.289882
-2.228800 0.289322
-2.231000 0.288762
-2.233300 0.288202
-2.235500 0.287642
-2.237900 0.287084
-2.242600 0.286526
-2.244900 0.285969
-2.247200 0.285413
-2.249400 0.284859
-2.251700 0.284307
-2.253900 0.283757
-2.256200 0.283209
-2.258400 0.282663
-2.260800 0.282121
-2.263000 0.281581
-2.270100 0.281044
-2.272500 0.280511
-2.274700 0.279982
-2.277000 0.279456
-2.279400 0.278934
-2.281600 0.278417
-2.284100 0.277904
-2.286400 0.277395
-2.288700 0.276891
-2.291100 0.276392
-2.293500 0.275898
-2.295800 0.275409
-2.298000 0.274926
-2.300400 0.274447
-2.302900 0.273974
-2.305300 0.273505
-2.307600 0.273043
-2.310000 0.272585
-2.312300 0.272133
-2.314800 0.271686
-2.317300 0.271244
-2.319600 0.270807
-2.322200 0.270376
-2.324700 0.269949
-2.327200 0.269527
-2.329700 0.269110
-2.332100 0.268698
-2.334600 0.268290
-2.337100 0.267887
-2.339700 0.267487
-2.342200 0.267092
-2.344600 0.266700
-2.347100 0.266312
-2.349600 0.265928
-2.352200 0.265547
-2.354600 0.265169
-2.357100 0.264794
-2.359800 0.264421
-2.362500 0.264052
-2.365000 0.263684
-2.367800 0.263320
-2.370400 0.262957
-2.372900 0.262596
-2.375600 0.262237
-2.378300 0.261880
-2.380900 0.261524
-2.383600 0.261170
-2.392000 0.260817
-2.394700 0.260466
-2.397500 0.260116
-2.400500 0.259767
-2.403300 0.259419
-2.406100 0.259072
-2.409000 0.258726
-2.411800 0.258380
-2.414800 0.258036
-2.417600 0.257693
-2.420600 0.257351
-2.423700 0.257009
-2.426400 0.256669
-2.429400 0.256329
-2.432500 0.255990
-2.435500 0.255653
-2.441500 0.255316
-2.444400 0.254980
-2.447400 0.254645
-2.450700 0.254312
-2.453800 0.253979
-2.457100 0.253647
-2.460300 0.253317
-2.463500 0.252988
-2.466800 0.252660
-2.473500 0.252333
-2.476900 0.252007
-2.480300 0.251683
-2.483800 0.251360
-2.487400 0.251038
-2.494700 0.250717
-2.498500 0.250397
-2.509800 0.250079
-2.513500 0.249762
-2.517600 0.249446
-2.521500 0.249131
-2.525600 0.248817
-2.529700 0.248504
-2.533800 0.248192
-2.538000 0.247881
-2.542400 0.247571
-2.546500 0.247261
-2.555400 0.246953
-2.560000 0.246645
-2.564500 0.246338
-2.569000 0.246031
-2.573700 0.245725
-2.578500 0.245419
-2.583500 0.245113
-2.588600 0.244808
-2.593700 0.244503
-2.599300 0.244198
-2.604600 0.243894
-2.610200 0.243590
-2.615900 0.243286
-2.622000 0.242983
-2.628300 0.242679
-2.634300 0.242375
-2.640700 0.242071
-2.647600 0.241767
-2.654300 0.241462
-2.668400 0.241157
-2.675800 0.240852
-2.683500 0.240546
-2.691600 0.240241
-2.699800 0.239935
-2.708500 0.239629
-2.717300 0.239323
-2.726000 0.239018
-2.735100 0.238714
-2.745200 0.238410
-2.755400 0.238109
-2.766300 0.237811
-2.778000 0.237517
-2.790400 0.237229
-2.803700 0.236924
-2.817700 0.236618
-2.831900 0.236311
-2.847300 0.236004
-2.863600 0.235697
-2.881900 0.235390
-2.900400 0.235083
-2.920400 0.234778
-2.943100 0.234474
-2.969400 0.234172
-2.997900 0.233872
-3.067600 0.233573
-3.113400 0.233274
-3.172600 0.232979
-3.245900 0.232690
-3.348800 0.232411
-3.508400 0.232143
-3.784600 0.231891
-4.291200 0.231664
-5.132400 0.231473
-6.074800 0.231337
-12.483000 0.231280
