128.250000 0.214821
0.364340 0.214821
-0.090560 0.214821
-0.343860 0.214821
-0.556810 0.214821
-0.722330 0.214821
-0.929980 0.214821
-1.000500 0.214821
-1.061000 0.214821
-1.120600 0.214821
-1.168300 0.214821
-1.207100 0.214821
-1.246000 0.214821
-1.275100 0.214821
-1.303900 0.214821
-1.332700 0.214821
-1.357000 0.214821
-1.379400 0.214821
-1.398400 0.214821
-1.415100 0.214821
-1.431000 0.214821
-1.445100 0.214821
-1.456700 0.214821
-1.470600 0.214821
-1.493000 0.214821
-1.504500 0.214821
-1.514500 0.214821
-1.533200 0.214821
-1.550200 0.214821
-1.557800 0.214821
-1.564500 0.214821
-1.571900 0.214821
-1.578200 0.214821
-1.586000 0.214821
-1.599200 0.214821
-1.605300 0.214821
-1.610800 0.214821
-1.616900 0.214821
-1.622400 0.214821
-1.627400 0.214821
-1.632000 0.214821
-1.637800 0.214821
-1.642800 0.214821
-1.647500 0.214821
-1.652300 0.214821
-1.657000 0.214821
-1.661300 0.214821
-1.665300 0.214821
-1.669600 0.214821
-1.673800 0.214821
-1.678400 0.214821
-1.682600 0.214821
-1.686000 0.214821
-1.689600 0.214821
-1.693100 0.214821
-1.696900 0.214821
-1.700600 0.214821
-1.704100 0.214821
-1.707700 0.214821
-1.714300 0.214821
-1.717800 0.214821
-1.720900 0.214821
-1.724300 0.214821
-1.727300 0.214821
-1.730200 0.214821
-1.733400 0.214821
-1.736700 0.214821
-1.740200 0.214821
-1.742800 0.214820
-1.745400 0.214820
-1.748400 0.214820
-1.751400 0.214819
-1.754000 0.214806
-1.756800 0.214671
-1.762400 0.213330
-1.764900 0.211989
-1.767400 0.210784
-1.769600 0.209704
-1.771700 0.208727
-1.774000 0.207832
-1.776900 0.207006
-1.779700 0.206243
-1.782400 0.205530
-1.784600 0.204858
-1.786900 0.204222
-1.789100 0.203620
-1.791400 0.203051
-1.793600 0.202512
-1.795500 0.202004
-1.797700 0.201518
-1.800000 0.201039
-1.802000 0.200570
-1.804000 0.200114
-1.806100 0.199672
-1.807900 0.199246
-1.812200 0.198836
-1.814100 0.198441
-1.816000 0.198062
-1.817800 0.197699
-1.819400 0.197351
-1.821300 0.197019
-1.823000 0.196701
-1.824600 0.196397
-1.826200 0.196107
-1.828100 0.195831
-1.830000 0.195567
-1.831900 0.195317
-1.833600 0.194918
-1.835700 0.194539
-1.837600 0.194179
-1.839300 0.193837
-1.841100 0.193511
-1.842800 0.193200
-1.844400 0.192903
-1.846100 0.192618
-1.847800 0.192346
-1.849600 0.192085
-1.851400 0.191835
-1.853200 0.191596
-1.854800 0.191366
-1.858300 0.191145
-1.860100 0.190933
-1.861700 0.190730
-1.863100 0.190535
-1.864900 0.190348
-1.866600 0.190169
-1.868200 0.189998
-1.869500 0.189833
-1.870800 0.189676
-1.872200 0.189525
-1.874000 0.189381
-1.875500 0.189242
-1.878700 0.189109
-1.880300 0.188981
-1.881500 0.188858
-1.882900 0.188740
-1.884400 0.188625
-1.887300 0.188518
-1.888800 0.188418
-1.890200 0.188323
-1.891700 0.188234
-1.892900 0.188150
-1.894300 0.188072
-1.895700 0.187998
-1.896900 0.187928
-1.898100 0.187862
-1.899400 0.187801
-1.900800 0.187742
-1.902100 0.187687
-1.903600 0.187635
-1.904800 0.187586
-1.906200 0.187539
-1.907400 0.187495
-1.908600 0.187452
-1.909800 0.187412
-1.912400 0.187373
-1.913400 0.187335
-1.914500 0.187298
-1.915800 0.187263
-1.917200 0.187228
-1.918400 0.187194
-1.919700 0.187160
-1.920800 0.187126
-1.921900 0.187093
-1.923200 0.187059
-1.924400 0.187026
-1.925600 0.186992
-1.926700 0.186957
-1.929100 0.186921
-1.930100 0.186885
-1.931200 0.186847
-1.932500 0.186808
-1.934900 0.186768
-1.936000 0.186726
-1.937100 0.186683
-1.938200 0.186638
-1.939100 0.186591
-1.940300 0.186542
-1.941500 0.186491
-1.942600 0.186438
-1.943600 0.186383
-1.944800 0.186325
-1.945700 0.186265
-1.946900 0.186203
-1.948900 0.186138
-1.955400 0.186071
-1.961600 0.186001
-1.967600 0.185929
-1.973400 0.185854
-1.979100 0.185776
-1.990500 0.185696
-1.996000 0.185613
-2.001300 0.185527
-2.006600 0.185439
-2.011600 0.185348
-2.016600 0.185254
-2.021600 0.185157
-2.031200 0.185058
-2.036100 0.184957
-2.040600 0.184852
-2.045500 0.184745
-2.049900 0.184636
-2.054300 0.184524
-2.058800 0.184409
-2.062900 0.184292
-2.067100 0.184173
-2.071500 0.184051
-2.075700 0.183927
-2.079800 0.183800
-2.083900 0.183671
-2.088100 0.183540
-2.091900 0.183407
-2.095700 0.183272
-2.099600 0.183135
-2.103300 0.182995
-2.107100 0.182854
-2.110700 0.182710
-2.114500 0.182565
-2.118400 0.182418
-2.122100 0.182269
-2.125700 0.182118
-2.129300 0.181966
-2.132800 0.181812
-2.136300 0.181656
-2.139600 0.181499
-2.143200 0.181340
-2.146500 0.181180
-2.149900 0.181018
-2.153200 0.180854
-2.156500 0.180689
-2.159800 0.180523
-2.162900 0.180355
-2.166400 0.180186
-2.169700 0.180016
-2.173100 0.179844
-2.179700 0.179671
-2.182900 0.179497
-2.186300 0.179321
-2.189400 0.179144
-2.192600 0.178966
-2.195900 0.178787
-2.198800 0.178606
-2.202100 0.178424
-2.205100 0.178241
-2.208200 0.178056
-2.211500 0.177870
-2.214400 0.177683
-2.217400 0.177494
-2.220300 0.177305
-2.223400 0.177113
-2.226400 0.176921
-2.229200 0.176727
-2.232100 0.176531
-2.235000 0.176335
-2.237800 0.176136
-2.240500 0.175937
-2.243300 0.175735
-2.246400 0.175533
-2.249200 0.175328
-2.255100 0.175122
-2.257900 0.174915
-2.263700 0.174705
-2.266500 0.174495
-2.269600 0.174282
-2.272400 0.174068
-2.275300 0.173852
-2.280700 0.173634
-2.283700 0.173414
-2.286500 0.173192
-2.289300 0.172969
-2.292200 0.172744
-2.297500 0.172516
-2.300100 0.172287
-2.303000 0.172056
-2.305700 0.171822
-2.308300 0.171587
-2.311100 0.171350
-2.313900 0.171110
-2.316600 0.170869
-2.319400 0.170625
-2.322100 0.170380
-2.324900 0.170132
-2.327800 0.169882
-2.330500 0.169630
-2.333200 0.169375
-2.336100 0.169119
-2.338900 0.168860
-2.341700 0.168600
-2.344500 0.168337
-2.347200 0.168072
-2.352700 0.167804
-2.355400 0.167535
-2.358100 0.167264
-2.360800 0.166990
-2.363700 0.166715
-2.366500 0.166437
-2.369300 0.166158
-2.372000 0.165876
-2.374700 0.165593
-2.377500 0.165307
-2.380100 0.165020
-2.382900 0.164731
-2.385700 0.164440
-2.388500 0.164147
-2.391300 0.163852
-2.394200 0.163556
-2.397100 0.163258
-2.400000 0.162959
-2.405600 0.162658
-2.408400 0.162355
-2.411400 0.162051
-2.414200 0.161746
-2.416900 0.161440
-2.419700 0.161132
-2.422500 0.160823
-2.425300 0.160513
-2.428000 0.160202
-2.431000 0.159890
-2.433800 0.159577
-2.436500 0.159263
-2.439400 0.158948
-2.442400 0.158633
-2.445200 0.158317
-2.448100 0.158000
-2.450900 0.157683
-2.453800 0.157366
-2.456700 0.157048
-2.459800 0.156730
-2.465800 0.156412
-2.468700 0.156094
-2.471700 0.155775
-2.474600 0.155457
-2.477500 0.155139
-2.480400 0.154820
-2.483400 0.154503
-2.486300 0.154185
-2.489300 0.153868
-2.492300 0.153551
-2.495500 0.153235
-2.498600 0.152919
-2.501700 0.152604
-2.504900 0.152289
-2.508000 0.151976
-2.511000 0.151663
-2.517100 0.151351
-2.520400 0.151040
-2.523500 0.150729
-2.526700 0.150420
-2.529800 0.150112
-2.533100 0.149805
-2.536500 0.149499
-2.539700 0.149195
-2.543000 0.148891
-2.546500 0.148589
-2.549700 0.148288
-2.553000 0.147989
-2.556300 0.147691
-2.559600 0.147394
-2.563000 0.147099
-2.566200 0.146805
-2.569700 0.146512
-2.573200 0.146221
-2.576600 0.145932
-2.580300 0.145644
-2.583900 0.145358
-2.591000 0.145073
-2.597800 0.144789
-2.601400 0.144507
-2.605200 0.144227
-2.608900 0.143948
-2.612600 0.143671
-2.616300 0.143395
-2.620200 0.143121
-2.624100 0.142848
-2.628000 0.142577
-2.631800 0.142307
-2.635500 0.142038
-2.639500 0.141771
-2.643400 0.141506
-2.647600 0.141242
-2.651700 0.140979
-2.655700 0.140718
-2.663900 0.140457
-2.668000 0.140199
-2.676500 0.139941
-2.680800 0.139685
-2.685200 0.139430
-2.689900 0.139176
-2.694700 0.138923
-2.699300 0.138671
-2.703800 0.138420
-2.708200 0.138171
-2.712800 0.137922
-2.717500 0.137674
-2.722300 0.137428
-2.732400 0.137182
-2.737500 0.136937
-2.742700 0.136692
-2.747900 0.136449
-2.752900 0.136206
-2.758000 0.135963
-2.763000 0.135722
-2.768700 0.135480
-2.774000 0.135240
-2.779500 0.135000
-2.785100 0.134760
-2.791000 0.134521
-2.796900 0.134282
-2.802800 0.134044
-2.809100 0.133806
-2.815400 0.133569
-2.821800 0.133332
-2.828300 0.133095
-2.834800 0.132858
-2.841700 0.132621
-2.848700 0.132385
-2.855800 0.132149
-2.862800 0.131912
-2.870500 0.131676
-2.877900 0.131440
-2.886200 0.131203
-2.894000 0.130967
-2.902300 0.130730
-2.910400 0.130493
-2.928000 0.130256
-2.936900 0.130018
-2.946400 0.129780
-2.956400 0.129542
-2.977100 0.129303
-2.988900 0.129064
-3.000500 0.128824
-3.012100 0.128584
-3.024600 0.128343
-3.037200 0.128102
-3.051100 0.127866
-3.066100 0.127631
-3.080700 0.127395
-3.096000 0.127159
-3.130500 0.126922
-3.149800 0.126685
-3.168900 0.126447
-3.189400 0.126209
-3.210600 0.125970
-3.235500 0.125730
-3.260300 0.125490
-3.287200 0.125248
-3.317100 0.125007
-3.350600 0.124764
-3.387900 0.124521
-3.427400 0.124277
-3.471400 0.124032
-3.522200 0.123787
-3.579500 0.123541
-3.644300 0.123293
-3.716700 0.123044
-3.795200 0.122793
-3.894900 0.122540
-4.015900 0.122285
-4.161900 0.122029
-4.366900 0.121770
-4.621200 0.121509
-5.055400 0.121245
-5.764900 0.120978
-7.538700 0.120710
-9.079200 0.120439
-16.337000 0.120170
