155.120000 0.557868
6.463300 0.557868
6.051200 0.557868
5.269300 0.557868
5.269300 0.557868
5.269300 0.557868
4.862900 0.557868
4.362800 0.557868
4.276000 0.557868
3.632100 0.557868
3.080400 0.557868
2.682500 0.557868
2.082500 0.557868
1.807900 0.557868
1.615500 0.557868
1.453700 0.557868
1.330000 0.557868
1.227100 0.557868
1.143900 0.557868
1.068400 0.557868
1.011600 0.557868
0.953770 0.557868
0.904090 0.557868
0.860600 0.557868
0.815920 0.557868
0.777620 0.557868
0.746060 0.557868
0.715850 0.557868
0.689610 0.557868
0.662390 0.557868
0.634830 0.557868
0.611240 0.557868
0.585850 0.557868
0.565220 0.557868
0.541380 0.557868
0.499640 0.557868
0.480260 0.557868
0.460910 0.557868
0.444250 0.557868
0.428350 0.557868
0.413000 0.557868
0.397070 0.557868
0.381440 0.557868
0.365450 0.557868
0.350440 0.557868
0.334170 0.557868
0.321140 0.557868
0.308560 0.557868
0.296180 0.557868
0.284760 0.557868
0.273440 0.557868
0.261140 0.557868
0.250310 0.557868
0.238590 0.557868
0.228520 0.557868
0.216250 0.557868
0.205480 0.557868
0.193730 0.557868
0.184940 0.557868
0.175170 0.557868
0.165560 0.557868
0.157660 0.557868
0.147650 0.557868
0.138400 0.557868
0.128760 0.557868
0.120180 0.557868
0.112860 0.557868
0.105140 0.557868
0.096499 0.557868
0.088625 0.557868
0.073122 0.557868
0.066683 0.557868
0.058565 0.557868
0.051455 0.557868
0.044863 0.557868
0.037752 0.557868
0.029574 0.557868
0.022463 0.557868
0.015292 0.557868
0.009218 0.557868
0.003237 0.557868
-0.003172 0.557868
-0.009062 0.557868
-0.014738 0.557868
-0.021299 0.557868
-0.027464 0.557868
-0.032346 0.557868
-0.039152 0.557868
-0.051481 0.557868
-0.057310 0.557868
-0.062620 0.557868
-0.068418 0.557868
-0.073972 0.557868
-0.079435 0.557868
-0.084989 0.557868
-0.090971 0.557868
-0.095945 0.557868
-0.100890 0.557868
-0.105990 0.557868
-0.110720 0.557868
-0.120540 0.557868
-0.125580 0.557868
-0.130730 0.557868
-0.134790 0.557868
-0.139710 0.557868
-0.144560 0.557868
-0.149780 0.557868
-0.154200 0.557868
-0.158930 0.557868
-0.163510 0.557868
-0.167910 0.557868
-0.173400 0.557868
-0.182460 0.557868
-0.186670 0.557868
-0.191620 0.557868
-0.196200 0.557868
-0.201020 0.557868
-0.205050 0.557868
-0.208800 0.557868
-0.213320 0.557868
-0.217380 0.557868
-0.220920 0.557868
-0.225370 0.557868
-0.229460 0.557868
-0.233490 0.557868
-0.237330 0.557868
-0.241940 0.557868
-0.246430 0.557868
-0.250030 0.557868
-0.254420 0.557868
-0.258480 0.557868
-0.262110 0.557868
-0.265990 0.557868
-0.269470 0.557868
-0.273500 0.557868
-0.277370 0.557868
-0.281090 0.557868
-0.284730 0.557861
-0.288790 0.557795
-0.292330 0.557140
-0.295770 0.556485
-0.299100 0.555676
-0.305880 0.554548
-0.312130 0.553304
-0.315820 0.552038
-0.319390 0.550771
-0.323820 0.549479
-0.326960 0.548252
-0.330410 0.546963
-0.334260 0.545567
-0.337610 0.544080
-0.341310 0.542552
-0.344790 0.540984
-0.347960 0.539391
-0.351620 0.537825
-0.354670 0.536310
-0.357850 0.534876
-0.360900 0.533547
-0.364590 0.532349
-0.367490 0.531289
-0.370420 0.530375
-0.373350 0.529615
-0.376710 0.529001
-0.379940 0.528504
-0.382900 0.528118
-0.386260 0.527825
-0.392480 0.527599
-0.395780 0.527412
-0.398770 0.527238
-0.402040 0.527030
-0.404940 0.526744
-0.408170 0.526355
-0.411130 0.525836
-0.414340 0.525162
-0.417050 0.524333
-0.419770 0.523358
-0.422570 0.522238
-0.425170 0.520992
-0.427950 0.519653
-0.431270 0.518243
-0.434780 0.516780
-0.438020 0.515291
-0.440430 0.513785
-0.443020 0.512258
-0.445830 0.510701
-0.448210 0.509108
-0.451230 0.507472
-0.454070 0.505790
-0.457030 0.504072
-0.474700 0.502317
-0.491090 0.500533
-0.506830 0.498726
-0.521630 0.496913
-0.535980 0.495107
-0.550020 0.493332
-0.564880 0.491594
-0.579980 0.489900
-0.594600 0.488258
-0.607110 0.486682
-0.620050 0.485187
-0.632840 0.483795
-0.645380 0.482506
-0.657620 0.481320
-0.669950 0.480226
-0.681390 0.479218
-0.692990 0.478273
-0.704310 0.477382
-0.715300 0.476530
-0.726650 0.475696
-0.737090 0.474857
-0.748140 0.474013
-0.769530 0.473156
-0.780270 0.472280
-0.790190 0.471385
-0.800720 0.470471
-0.810390 0.469530
-0.819550 0.468564
-0.829370 0.467567
-0.839140 0.466539
-0.848420 0.465480
-0.858180 0.464390
-0.867520 0.463270
-0.877100 0.462119
-0.886500 0.460939
-0.895110 0.459730
-0.912560 0.458492
-0.921870 0.457226
-0.939050 0.455933
-0.946870 0.454606
-0.955230 0.453240
-0.963220 0.451828
-0.971430 0.450371
-0.979310 0.448876
-0.987060 0.447342
-0.994900 0.445771
-1.002700 0.444169
-1.010200 0.442537
-1.017800 0.440874
-1.025300 0.439187
-1.032600 0.437483
-1.039900 0.435768
-1.047600 0.434052
-1.054800 0.432355
-1.061600 0.430694
-1.068400 0.429086
-1.076100 0.427545
-1.083600 0.426074
-1.105000 0.424681
-1.112200 0.423369
-1.119000 0.422139
-1.125500 0.420985
-1.132200 0.419899
-1.138600 0.418869
-1.151700 0.417885
-1.158300 0.416939
-1.165100 0.416026
-1.171200 0.415129
-1.178000 0.414228
-1.184400 0.413309
-1.190900 0.412352
-1.203600 0.411346
-1.210000 0.410292
-1.216400 0.409185
-1.222800 0.408018
-1.229100 0.406791
-1.235200 0.405512
-1.241200 0.404185
-1.247400 0.402824
-1.253600 0.401439
-1.259500 0.400036
-1.266100 0.398615
-1.272200 0.397183
-1.278400 0.395744
-1.284000 0.394304
-1.290200 0.392869
-1.296300 0.391445
-1.302300 0.390030
-1.308200 0.388626
-1.314200 0.387233
-1.319900 0.385849
-1.325600 0.384475
-1.331400 0.383110
-1.342500 0.381755
-1.348200 0.380410
-1.354000 0.379075
-1.359900 0.377748
-1.365700 0.376431
-1.371000 0.375123
-1.376400 0.373824
-1.382300 0.372534
-1.388200 0.371253
-1.393500 0.369981
-1.399100 0.368722
-1.404600 0.367482
-1.410500 0.366265
-1.422000 0.365075
-1.427700 0.363918
-1.433000 0.362793
-1.438500 0.361705
-1.444100 0.360658
-1.449300 0.359657
-1.455000 0.358702
-1.466200 0.357792
-1.476700 0.356922
-1.487400 0.356088
-1.497900 0.355284
-1.503100 0.354510
-1.508500 0.353757
-1.513600 0.353014
-1.519200 0.352273
-1.524700 0.351523
-1.529900 0.350754
-1.540100 0.349968
-1.545400 0.349158
-1.550800 0.348326
-1.556100 0.347470
-1.561200 0.346596
-1.566400 0.345707
-1.571700 0.344814
-1.577100 0.343922
-1.582100 0.343034
-1.587700 0.342151
-1.593200 0.341278
-1.598900 0.340414
-1.603900 0.339561
-1.609100 0.338718
-1.614400 0.337885
-1.619400 0.337057
-1.624900 0.336236
-1.630200 0.335415
-1.640800 0.334591
-1.646500 0.333759
-1.651400 0.332914
-1.656700 0.332052
-1.662100 0.331174
-1.667400 0.330278
-1.672400 0.329365
-1.677600 0.328435
-1.682700 0.327493
-1.693100 0.326547
-1.703700 0.325606
-1.708900 0.324679
-1.714200 0.323774
-1.719900 0.322895
-1.725300 0.322042
-1.730800 0.321216
-1.736200 0.320416
-1.741400 0.319642
-1.746800 0.318889
-1.752300 0.318154
-1.757500 0.317432
-1.767900 0.316719
-1.773500 0.316010
-1.778900 0.315306
-1.784500 0.314602
-1.795800 0.313895
-1.801400 0.313179
-1.806700 0.312450
-1.812300 0.311706
-1.817800 0.310945
-1.823400 0.310167
-1.828600 0.309377
-1.834000 0.308578
-1.839600 0.307779
-1.845200 0.306987
-1.850900 0.306212
-1.856400 0.305456
-1.862200 0.304724
-1.868100 0.304017
-1.874100 0.303333
-1.880200 0.302669
-1.886600 0.302021
-1.892400 0.301385
-1.898600 0.300756
-1.904700 0.300132
-1.910300 0.299511
-1.922400 0.298890
-1.928500 0.298265
-1.934600 0.297632
-1.946800 0.296991
-1.952900 0.296341
-1.959300 0.295686
-1.965600 0.295031
-1.971500 0.294378
-1.977700 0.293728
-1.983800 0.293085
-1.990000 0.292452
-1.996300 0.291834
-2.002500 0.291231
-2.009300 0.290642
-2.016000 0.290064
-2.029100 0.289494
-2.035600 0.288926
-2.042500 0.288362
-2.049200 0.287798
-2.056100 0.287229
-2.063400 0.286652
-2.070300 0.286064
-2.077600 0.285460
-2.084800 0.284840
-2.099100 0.284205
-2.106700 0.283554
-2.113900 0.282888
-2.121200 0.282210
-2.129400 0.281525
-2.137100 0.280835
-2.144700 0.280145
-2.152800 0.279458
-2.160600 0.278774
-2.167900 0.278094
-2.176100 0.277417
-2.184200 0.276744
-2.192500 0.276074
-2.200700 0.275407
-2.209200 0.274743
-2.217100 0.274082
-2.225500 0.273425
-2.234200 0.272770
-2.242700 0.272119
-2.251300 0.271471
-2.260000 0.270826
-2.269300 0.270184
-2.278700 0.269545
-2.287700 0.268910
-2.297700 0.268277
-2.307400 0.267647
-2.317500 0.267020
-2.327500 0.266396
-2.337900 0.265774
-2.348500 0.265156
-2.359500 0.264541
-2.370400 0.263928
-2.381900 0.263318
-2.393500 0.262711
-2.405200 0.262107
-2.431400 0.261506
-2.459600 0.260907
-2.474300 0.260311
-2.488400 0.259718
-2.502800 0.259127
-2.518300 0.258540
-2.534500 0.257955
-2.570500 0.257372
-2.590100 0.256792
-2.611100 0.256215
-2.632300 0.255640
-2.653800 0.255068
-2.678000 0.254499
-2.705700 0.253932
-2.734400 0.253368
-2.766600 0.252806
-2.802100 0.252246
-2.839700 0.251689
-2.881100 0.251134
-2.929300 0.250581
-2.987600 0.250031
-3.061500 0.249478
-3.156200 0.248928
-3.287200 0.248381
-3.478300 0.247837
-3.737300 0.247296
-4.160900 0.246756
-7.256400 0.246220
