8.727200 0.205617
8.570600 0.205617
8.124500 0.205617
7.643000 0.205617
7.585800 0.205617
6.199300 0.205617
5.335700 0.205612
4.352300 0.205561
2.936000 0.205056
2.358000 0.200000
1.957100 0.194944
1.461600 0.191092
1.262400 0.187883
1.105800 0.185091
0.982840 0.182599
0.786970 0.180333
0.702260 0.178245
0.615250 0.176304
0.542770 0.174489
0.394010 0.172782
0.327810 0.171161
0.215000 0.169614
0.054276 0.168132
0.004395 0.166710
-0.041213 0.165346
-0.098342 0.164034
-0.142670 0.162774
-0.185710 0.161563
-0.231470 0.160398
-0.299480 0.159268
-0.327970 0.158143
-0.355610 0.157032
-0.408020 0.155941
-0.428690 0.154872
-0.470610 0.153827
-0.495770 0.152806
-0.514160 0.151810
-0.531600 0.150839
-0.549390 0.149894
-0.564210 0.148973
-0.580670 0.148078
-0.596250 0.147207
-0.610580 0.146360
-0.626890 0.145537
-0.639250 0.144737
-0.651750 0.143960
-0.662730 0.143206
-0.685490 0.142474
-0.694590 0.141762
-0.716420 0.141072
-0.726360 0.140404
-0.736910 0.139756
-0.745940 0.138727
-0.762830 0.137761
-0.771760 0.136842
-0.779220 0.135962
-0.786480 0.135116
-0.792220 0.134300
-0.798970 0.133511
-0.805690 0.132748
-0.812670 0.132008
-0.818940 0.131290
-0.825380 0.130592
-0.831650 0.129914
-0.837070 0.129254
-0.842930 0.128613
-0.854520 0.127988
-0.859540 0.127381
-0.865070 0.126789
-0.870240 0.126212
-0.875810 0.125650
-0.880310 0.125102
-0.885060 0.124568
-0.889680 0.124048
-0.894190 0.123542
-0.898160 0.123050
-0.903030 0.122570
-0.907180 0.122104
-0.911530 0.121651
-0.915590 0.121209
-0.919650 0.120780
-0.923840 0.120362
-0.928010 0.119956
-0.931230 0.119561
-0.934750 0.119177
-0.938440 0.118803
-0.941970 0.118439
-0.945480 0.118085
-0.948910 0.117741
-0.952270 0.117406
-0.955690 0.117079
-0.958880 0.116762
-0.961680 0.116458
-0.965130 0.116167
-0.968120 0.115889
-0.970990 0.115622
-0.973950 0.115366
-0.976930 0.115122
-0.979630 0.114887
-0.982130 0.114663
-0.985320 0.114448
-0.991330 0.114243
-0.994170 0.114047
-0.997150 0.113860
-1.002500 0.113681
-1.007700 0.113511
-1.010300 0.113349
-1.012700 0.113194
-1.015200 0.113047
-1.017600 0.112907
-1.019900 0.112775
-1.022200 0.112649
-1.024200 0.112530
-1.026800 0.112417
-1.028900 0.112310
-1.033100 0.112209
-1.035200 0.112114
-1.037300 0.112025
-1.039400 0.111941
-1.041400 0.111862
-1.043700 0.111787
-1.045800 0.111718
-1.047900 0.111653
-1.050200 0.111592
-1.052100 0.111535
-1.054400 0.111483
-1.056600 0.111434
-1.058600 0.111388
-1.060600 0.111346
-1.062500 0.111308
-1.064700 0.111272
-1.066500 0.111239
-1.070100 0.111209
-1.072000 0.111181
-1.073600 0.111156
-1.075200 0.111132
-1.078900 0.111110
-1.080800 0.111090
-1.082500 0.111071
-1.084300 0.111054
-1.085800 0.111037
-1.087300 0.111021
-1.088700 0.111007
-1.090400 0.110993
-1.092000 0.110979
-1.093800 0.110965
-1.095500 0.110952
-1.097000 0.110939
-1.098500 0.110926
-1.100000 0.110912
-1.101700 0.110898
-1.103200 0.110884
-1.104800 0.110869
-1.106300 0.110853
-1.107700 0.110836
-1.109300 0.110819
-1.110800 0.110800
-1.112100 0.110780
-1.113700 0.110759
-1.115200 0.110737
-1.116600 0.110713
-1.119500 0.110687
-1.121000 0.110660
-1.122400 0.110632
-1.124100 0.110601
-1.125400 0.110569
-1.126900 0.110534
-1.128300 0.110498
-1.129600 0.110459
-1.131100 0.110419
-1.132500 0.110376
-1.133700 0.110331
-1.135000 0.110284
-1.136400 0.110235
-1.137500 0.110183
-1.138900 0.110128
-1.140000 0.110072
-1.148200 0.110012
-1.156300 0.109951
-1.163300 0.109887
-1.170400 0.109820
-1.177100 0.109750
-1.183300 0.109679
-1.189800 0.109604
-1.195800 0.109527
-1.201500 0.109447
-1.207000 0.109365
-1.218000 0.109280
-1.223400 0.109192
-1.228500 0.109102
-1.233700 0.109009
-1.243700 0.108914
-1.248600 0.108816
-1.253400 0.108715
-1.258000 0.108612
-1.262200 0.108506
-1.266400 0.108398
-1.270800 0.108287
-1.275000 0.108174
-1.279000 0.108058
-1.283000 0.107940
-1.286700 0.107819
-1.290300 0.107696
-1.294000 0.107570
-1.297800 0.107443
-1.305300 0.107312
-1.312500 0.107180
-1.315900 0.107045
-1.319500 0.106908
-1.322700 0.106769
-1.325900 0.106628
-1.329100 0.106484
-1.332100 0.106339
-1.335400 0.106192
-1.338400 0.106042
-1.341400 0.105891
-1.344300 0.105737
-1.347200 0.105582
-1.349900 0.105425
-1.352800 0.105267
-1.355600 0.105106
-1.358500 0.104944
-1.361500 0.104781
-1.364500 0.104615
-1.367300 0.104449
-1.370200 0.104280
-1.372900 0.104111
-1.375700 0.103939
-1.378600 0.103767
-1.381300 0.103593
-1.383900 0.103418
-1.386500 0.103242
-1.389200 0.103065
-1.391600 0.102886
-1.396600 0.102707
-1.399100 0.102527
-1.401500 0.102345
-1.404000 0.102163
-1.406500 0.101980
-1.409100 0.101796
-1.411400 0.101611
-1.416400 0.101426
-1.418800 0.101240
-1.421100 0.101053
-1.423500 0.100866
-1.425900 0.100678
-1.428200 0.100490
-1.430500 0.100301
-1.435100 0.100112
-1.437400 0.099923
-1.439800 0.099733
-1.442100 0.099543
-1.444400 0.099353
-1.446700 0.099162
-1.449000 0.098972
-1.451200 0.098781
-1.453300 0.098591
-1.457700 0.098400
-1.459900 0.098209
-1.462200 0.098019
-1.464400 0.097828
-1.466600 0.097638
-1.468600 0.097448
-1.470700 0.097258
-1.472700 0.097068
-1.474800 0.096879
-1.477000 0.096690
-1.479100 0.096501
-1.481300 0.096313
-1.483400 0.096125
-1.485600 0.095937
-1.489800 0.095750
-1.491900 0.095563
-1.494100 0.095377
-1.496200 0.095192
-1.500200 0.095007
-1.504500 0.094823
-1.506500 0.094639
-1.508600 0.094456
-1.510700 0.094274
-1.512700 0.094092
-1.514800 0.093911
-1.517000 0.093731
-1.519000 0.093552
-1.521000 0.093373
-1.523000 0.093195
-1.524900 0.093018
-1.529000 0.092842
-1.531000 0.092667
-1.535100 0.092493
-1.537300 0.092319
-1.539200 0.092146
-1.541300 0.091975
-1.543300 0.091804
-1.545300 0.091634
-1.551200 0.091465
-1.553300 0.091297
-1.555200 0.091130
-1.561200 0.090964
-1.563200 0.090799
-1.565200 0.090635
-1.567100 0.090472
-1.569200 0.090310
-1.571100 0.090149
-1.573000 0.089989
-1.575100 0.089830
-1.577100 0.089672
-1.579000 0.089515
-1.581000 0.089359
-1.583000 0.089204
-1.585000 0.089051
-1.586900 0.088898
-1.588800 0.088746
-1.590800 0.088595
-1.592800 0.088446
-1.594800 0.088297
-1.596600 0.088149
-1.598600 0.088003
-1.600700 0.087857
-1.602700 0.087712
-1.604800 0.087569
-1.606700 0.087426
-1.608600 0.087285
-1.610800 0.087144
-1.612800 0.087004
-1.614700 0.086866
-1.616700 0.086728
-1.618800 0.086591
-1.620900 0.086456
-1.624800 0.086321
-1.626900 0.086187
-1.628900 0.086054
-1.630800 0.085922
-1.632800 0.085791
-1.635000 0.085661
-1.639000 0.085531
-1.641000 0.085403
-1.643100 0.085275
-1.645100 0.085148
-1.647200 0.085022
-1.649300 0.084897
-1.651300 0.084773
-1.653400 0.084650
-1.655600 0.084527
-1.657600 0.084405
-1.659600 0.084284
-1.661800 0.084164
-1.664000 0.084044
-1.666100 0.083925
-1.668300 0.083807
-1.670500 0.083689
-1.672700 0.083573
-1.674800 0.083456
-1.677000 0.083341
-1.679200 0.083226
-1.681400 0.083112
-1.683700 0.082998
-1.685900 0.082885
-1.688200 0.082773
-1.690500 0.082661
-1.692900 0.082550
-1.695100 0.082439
-1.697300 0.082328
-1.699500 0.082219
-1.701700 0.082109
-1.704100 0.082000
-1.706500 0.081892
-1.708900 0.081784
-1.711300 0.081676
-1.713700 0.081569
-1.716200 0.081462
-1.718800 0.081356
-1.721100 0.081250
-1.723500 0.081144
-1.726000 0.081039
-1.728400 0.080934
-1.730900 0.080830
-1.733400 0.080725
-1.736100 0.080621
-1.738700 0.080518
-1.741400 0.080415
-1.743900 0.080311
-1.746500 0.080209
-1.749200 0.080106
-1.752000 0.080004
-1.754700 0.079902
-1.757700 0.079800
-1.760500 0.079698
-1.763600 0.079596
-1.766400 0.079495
-1.769100 0.079393
-1.772000 0.079292
-1.775000 0.079191
-1.777900 0.079090
-1.780900 0.078989
-1.784000 0.078889
-1.787300 0.078788
-1.790600 0.078687
-1.793800 0.078586
-1.796900 0.078486
-1.799900 0.078385
-1.803500 0.078284
-1.806800 0.078183
-1.810200 0.078082
-1.813800 0.077980
-1.820600 0.077879
-1.824300 0.077777
-1.831400 0.077675
-1.835400 0.077572
-1.839200 0.077469
-1.843000 0.077370
-1.847100 0.077270
-1.851500 0.077170
-1.855900 0.077071
-1.860200 0.076971
-1.864400 0.076872
-1.869000 0.076773
-1.873400 0.076673
-1.877800 0.076573
-1.887300 0.076474
-1.892200 0.076374
-1.897500 0.076274
-1.902900 0.076174
-1.908500 0.076074
-1.914100 0.075974
-1.919800 0.075873
-1.932500 0.075772
-1.939200 0.075671
-1.945600 0.075570
-1.952700 0.075468
-1.960500 0.075367
-1.967900 0.075265
-1.976000 0.075163
-1.984900 0.075061
-1.994300 0.074959
-2.004300 0.074856
-2.014700 0.074752
-2.025000 0.074647
-2.037100 0.074542
-2.049700 0.074436
-2.064200 0.074329
-2.079900 0.074221
-2.096900 0.074112
-2.115900 0.074001
-2.161000 0.073889
-2.228200 0.073775
-2.277000 0.073658
-2.340000 0.073538
-2.439300 0.073415
-2.609000 0.073287
-3.060400 0.073152
-9.978200 0.073009
