6.382400 0.140487
5.521200 0.140487
5.521200 0.140487
4.907800 0.140487
4.580900 0.140487
2.700600 0.140487
1.498900 0.140487
0.710100 0.140487
0.181930 0.140487
-0.415600 0.140487
-1.719400 0.140487
-1.886700 0.140487
-2.009600 0.140487
-2.100200 0.140487
-2.224400 0.140487
-2.269100 0.140487
-2.355500 0.140487
-2.384300 0.140487
-2.412800 0.140487
-2.444100 0.140487
-2.468100 0.140487
-2.492700 0.140487
-2.518600 0.140487
-2.539500 0.140487
-2.556600 0.140487
-2.573300 0.140487
-2.589900 0.140487
-2.621400 0.140487
-2.636100 0.140487
-2.650400 0.140487
-2.679300 0.140487
-2.693000 0.140487
-2.705200 0.140487
-2.727600 0.140487
-2.739600 0.140487
-2.749600 0.140487
-2.759800 0.140487
-2.769300 0.140487
-2.776800 0.140487
-2.787200 0.140487
-2.797400 0.140487
-2.814200 0.140487
-2.821600 0.140487
-2.831200 0.140487
-2.838900 0.140487
-2.847200 0.140487
-2.854800 0.140487
-2.861800 0.140487
-2.876100 0.140487
-2.883200 0.140487
-2.890000 0.140487
-2.896600 0.140487
-2.903600 0.140487
-2.910600 0.140487
-2.916200 0.140487
-2.921700 0.140487
-2.926800 0.140487
-2.932100 0.140487
-2.938700 0.140487
-2.944400 0.140487
-2.949500 0.140487
-2.955200 0.140485
-2.961000 0.140467
-2.965900 0.140284
-2.971100 0.138460
-2.976100 0.136636
-2.980900 0.135207
-2.985800 0.133996
-2.990300 0.132907
-2.995700 0.131914
-3.005600 0.131004
-3.009800 0.130133
-3.014800 0.129304
-3.019100 0.128530
-3.027800 0.127813
-3.032200 0.127154
-3.035900 0.126557
-3.039500 0.126024
-3.043900 0.125554
-3.047900 0.124889
-3.051800 0.124293
-3.058600 0.123754
-3.062700 0.123263
-3.066400 0.122815
-3.070100 0.122407
-3.073900 0.122038
-3.077300 0.121706
-3.080700 0.121409
-3.084000 0.121144
-3.090700 0.120910
-3.093800 0.120704
-3.097200 0.120523
-3.100200 0.120372
-3.103800 0.120247
-3.106800 0.120145
-3.110100 0.120062
-3.113800 0.119995
-3.117200 0.119942
-3.120100 0.119898
-3.123400 0.119861
-3.126500 0.119829
-3.129700 0.119797
-3.136200 0.119763
-3.139400 0.119724
-3.145100 0.119677
-3.148100 0.119619
-3.150800 0.119549
-3.153700 0.119462
-3.156700 0.119359
-3.159500 0.119237
-3.162400 0.119094
-3.165100 0.118930
-3.167700 0.118744
-3.170400 0.118536
-3.172800 0.118304
-3.175100 0.118050
-3.180300 0.117773
-3.182800 0.117474
-3.188200 0.117155
-3.190900 0.116815
-3.193900 0.116457
-3.196200 0.116081
-3.199000 0.115690
-3.201400 0.115286
-3.203900 0.114869
-3.206500 0.114443
-3.209000 0.114009
-3.211700 0.113569
-3.214200 0.113126
-3.216800 0.112680
-3.219500 0.112236
-3.221800 0.111793
-3.224500 0.111356
-3.227000 0.110924
-3.229500 0.110501
-3.231400 0.110087
-3.233800 0.109684
-3.236100 0.109293
-3.240700 0.108916
-3.242900 0.108553
-3.245200 0.108205
-3.247400 0.107873
-3.249400 0.107557
-3.251500 0.107257
-3.254000 0.106975
-3.256300 0.106708
-3.258600 0.106458
-3.260700 0.106223
-3.263200 0.106004
-3.265900 0.105800
-3.268000 0.105610
-3.270200 0.105433
-3.272300 0.105268
-3.274200 0.105114
-3.276200 0.104971
-3.278200 0.104837
-3.280400 0.104711
-3.282500 0.104591
-3.284900 0.104477
-3.287100 0.104368
-3.289400 0.104262
-3.291600 0.104158
-3.293400 0.104054
-3.295500 0.103950
-3.297700 0.103844
-3.299500 0.103735
-3.301400 0.103623
-3.305100 0.103505
-3.306900 0.103382
-3.308900 0.103252
-3.310900 0.103114
-3.313000 0.102968
-3.315100 0.102813
-3.318800 0.102648
-3.320900 0.102473
-3.332800 0.102288
-3.344000 0.102092
-3.354800 0.101885
-3.365300 0.101667
-3.385100 0.101437
-3.395000 0.101197
-3.404700 0.100945
-3.413800 0.100683
-3.423300 0.100409
-3.433100 0.100125
-3.442200 0.099831
-3.450300 0.099527
-3.458900 0.099213
-3.466700 0.098890
-3.475000 0.098558
-3.482900 0.098217
-3.490600 0.097869
-3.498400 0.097513
-3.506100 0.097149
-3.513700 0.096780
-3.521600 0.096403
-3.529100 0.096022
-3.536300 0.095635
-3.543200 0.095243
-3.549500 0.094846
-3.556000 0.094446
-3.562900 0.094043
-3.569700 0.093637
-3.576300 0.093228
-3.582800 0.092818
-3.589100 0.092405
-3.595300 0.091992
-3.601800 0.091578
-3.607800 0.091164
-3.613600 0.090749
-3.619600 0.090335
-3.631500 0.089922
-3.637200 0.089511
-3.643300 0.089100
-3.649100 0.088691
-3.660800 0.088285
-3.666600 0.087880
-3.677600 0.087478
-3.683200 0.087079
-3.688800 0.086683
-3.694300 0.086289
-3.705200 0.085899
-3.710400 0.085512
-3.715300 0.085129
-3.720200 0.084749
-3.725500 0.084373
-3.730400 0.084001
-3.735600 0.083633
-3.740500 0.083269
-3.745900 0.082910
-3.755600 0.082555
-3.760300 0.082204
-3.769900 0.081858
-3.774800 0.081518
-3.779600 0.081182
-3.784300 0.080852
-3.793500 0.080528
-3.798000 0.080209
-3.802600 0.079897
-3.807700 0.079591
-3.812300 0.079291
-3.821400 0.078997
-3.826100 0.078711
-3.830700 0.078431
-3.835200 0.078159
-3.839400 0.077893
-3.844100 0.077634
-3.848400 0.077383
-3.853000 0.077138
-3.857300 0.076901
-3.861800 0.076670
-3.866100 0.076445
-3.870600 0.076227
-3.875000 0.076015
-3.879100 0.075809
-3.883600 0.075608
-3.887800 0.075412
-3.892300 0.075220
-3.896500 0.075033
-3.900800 0.074849
-3.905000 0.074668
-3.909300 0.074490
-3.913600 0.074314
-3.922100 0.074139
-3.926400 0.073966
-3.930500 0.073793
-3.934600 0.073620
-3.938700 0.073447
-3.942900 0.073274
-3.947000 0.073100
-3.951100 0.072925
-3.955500 0.072749
-3.959400 0.072571
-3.963400 0.072392
-3.967700 0.072212
-3.971800 0.072030
-3.975600 0.071848
-3.979600 0.071664
-3.983600 0.071481
-3.987600 0.071297
-3.991500 0.071114
-3.995600 0.070931
-3.999700 0.070750
-4.003700 0.070570
-4.008100 0.070393
-4.012000 0.070219
-4.016000 0.070049
-4.024300 0.069883
-4.028300 0.069721
-4.032600 0.069564
-4.040700 0.069414
-4.044700 0.069269
-4.048600 0.069131
-4.052300 0.068999
-4.060400 0.068875
-4.064500 0.068758
-4.072500 0.068648
-4.076300 0.068546
-4.080300 0.068452
-4.084300 0.068365
-4.088400 0.068286
-4.092100 0.068214
-4.096000 0.068149
-4.104200 0.068091
-4.108100 0.068039
-4.112000 0.067993
-4.115900 0.067952
-4.119800 0.067917
-4.123900 0.067885
-4.127800 0.067858
-4.131900 0.067834
-4.135900 0.067812
-4.139900 0.067793
-4.144000 0.067776
-4.148000 0.067759
-4.152000 0.067743
-4.156000 0.067727
-4.159900 0.067711
-4.163700 0.067693
-4.167700 0.067674
-4.171500 0.067654
-4.175400 0.067631
-4.179400 0.067606
-4.183500 0.067577
-4.187600 0.067546
-4.191700 0.067512
-4.195700 0.067473
-4.199800 0.067431
-4.203800 0.067385
-4.211800 0.067335
-4.216000 0.067281
-4.219900 0.067222
-4.224000 0.067159
-4.228300 0.067092
-4.232900 0.067020
-4.237000 0.066943
-4.241100 0.066862
-4.245000 0.066776
-4.249200 0.066686
-4.253400 0.066591
-4.257600 0.066492
-4.261700 0.066388
-4.265900 0.066280
-4.270000 0.066167
-4.274300 0.066051
-4.278700 0.065930
-4.282900 0.065806
-4.287000 0.065677
-4.291300 0.065545
-4.295700 0.065409
-4.299900 0.065270
-4.304100 0.065128
-4.308400 0.064983
-4.312400 0.064834
-4.321500 0.064684
-4.326200 0.064530
-4.330800 0.064375
-4.335300 0.064217
-4.340000 0.064057
-4.344500 0.063896
-4.349100 0.063734
-4.353500 0.063570
-4.358200 0.063405
-4.362800 0.063239
-4.367200 0.063073
-4.371700 0.062906
-4.376600 0.062739
-4.381000 0.062572
-4.385800 0.062405
-4.390500 0.062238
-4.395600 0.062072
-4.400900 0.061906
-4.405900 0.061740
-4.410900 0.061576
-4.415800 0.061411
-4.421100 0.061248
-4.426300 0.061085
-4.431300 0.060923
-4.436500 0.060762
-4.441600 0.060602
-4.446900 0.060442
-4.452500 0.060284
-4.457900 0.060126
-4.463400 0.059969
-4.469200 0.059813
-4.474700 0.059657
-4.480100 0.059503
-4.486100 0.059349
-4.491900 0.059196
-4.497900 0.059044
-4.503900 0.058893
-4.509900 0.058742
-4.516200 0.058592
-4.522400 0.058443
-4.528600 0.058295
-4.535200 0.058147
-4.542200 0.058001
-4.548500 0.057855
-4.555300 0.057709
-4.562100 0.057565
-4.569300 0.057421
-4.575900 0.057278
-4.583300 0.057135
-4.590600 0.056993
-4.598000 0.056852
-4.605500 0.056712
-4.613600 0.056572
-4.621300 0.056434
-4.629100 0.056295
-4.636800 0.056158
-4.644900 0.056021
-4.653600 0.055884
-4.672000 0.055749
-4.680700 0.055614
-4.689800 0.055480
-4.699500 0.055346
-4.709400 0.055213
-4.719700 0.055081
-4.730600 0.054949
-4.740900 0.054818
-4.752500 0.054687
-4.763600 0.054557
-4.775300 0.054428
-4.789100 0.054299
-4.814500 0.054171
-4.829100 0.054044
-4.843500 0.053917
-4.858700 0.053791
-4.874800 0.053665
-4.891400 0.053540
-4.907300 0.053415
-4.925600 0.053291
-4.944400 0.053167
-4.964400 0.053044
-4.987000 0.052921
-5.009900 0.052799
-5.034900 0.052677
-5.061900 0.052556
-5.090500 0.052435
-5.122900 0.052314
-5.158000 0.052195
-5.233200 0.052073
-5.275200 0.051953
-5.322000 0.051832
-5.379800 0.051713
-5.436900 0.051594
-5.509900 0.051476
-5.594700 0.051358
-5.704100 0.051240
-5.856900 0.051123
-6.030700 0.051007
-6.272300 0.050891
-6.701600 0.050776
-7.469900 0.050662
-19.331000 0.050549
