0.481750 0.020620
-0.680330 0.020620
-1.239700 0.020620
-1.462600 0.020620
-1.593300 0.020620
-1.662300 0.020620
-1.713200 0.020620
-1.753700 0.020620
-1.819200 0.020620
-1.843300 0.020620
-1.865100 0.020620
-1.882100 0.020620
-1.897800 0.020620
-1.915600 0.020620
-1.928500 0.020620
-1.940300 0.020620
-1.952200 0.020620
-1.963200 0.020620
-1.973300 0.020620
-1.981100 0.020620
-1.989200 0.020620
-2.003800 0.020620
-2.010800 0.020620
-2.017000 0.020620
-2.024400 0.020620
-2.029700 0.020620
-2.035800 0.020620
-2.040700 0.020620
-2.046600 0.020620
-2.051700 0.020620
-2.061900 0.020620
-2.065900 0.020620
-2.070200 0.020620
-2.074600 0.020620
-2.079000 0.020620
-2.082700 0.020620
-2.086500 0.020620
-2.089900 0.020620
-2.093600 0.020620
-2.097400 0.020620
-2.100400 0.020620
-2.103900 0.020620
-2.106800 0.020620
-2.110300 0.020620
-2.113500 0.020620
-2.116700 0.020620
-2.119300 0.020620
-2.122400 0.020620
-2.125100 0.020620
-2.128100 0.020620
-2.131000 0.020620
-2.133600 0.020620
-2.136400 0.020620
-2.139200 0.020620
-2.141500 0.020620
-2.146700 0.020620
-2.148700 0.020620
-2.150700 0.020620
-2.153200 0.020620
-2.155600 0.020620
-2.157800 0.020620
-2.160300 0.020620
-2.162500 0.020620
-2.164600 0.020620
-2.166600 0.020620
-2.168500 0.020620
-2.170600 0.020620
-2.172700 0.020620
-2.174900 0.020620
-2.177100 0.020620
-2.179100 0.020620
-2.181400 0.020620
-2.183400 0.020620
-2.185300 0.020620
-2.186900 0.020620
-2.188900 0.020620
-2.190500 0.020620
-2.192500 0.020620
-2.196200 0.020620
-2.197800 0.020620
-2.199300 0.020620
-2.201000 0.020620
-2.202600 0.020620
-2.204200 0.020620
-2.207300 0.020620
-2.208900 0.020620
-2.210300 0.020620
-2.212000 0.020620
-2.213400 0.020620
-2.215100 0.020620
-2.216600 0.020620
-2.218100 0.020620
-2.219600 0.020620
-2.221100 0.020620
-2.222700 0.020620
-2.224100 0.020620
-2.225600 0.020620
-2.228500 0.020620
-2.229900 0.020620
-2.231200 0.020620
-2.232500 0.020620
-2.235000 0.020620
-2.236300 0.020620
-2.237500 0.020620
-2.238800 0.020620
-2.240100 0.020620
-2.241300 0.020620
-2.243900 0.020620
-2.245000 0.020620
-2.246200 0.020620
-2.247300 0.020620
-2.248400 0.020620
-2.249500 0.020620
-2.250800 0.020620
-2.252000 0.020620
-2.253000 0.020620
-2.254100 0.020620
-2.255400 0.020620
-2.256700 0.020620
-2.257800 0.020620
-2.258900 0.020620
-2.260200 0.020620
-2.261300 0.020620
-2.262500 0.020620
-2.263600 0.020620
-2.264600 0.020620
-2.265800 0.020620
-2.266800 0.020620
-2.267900 0.020620
-2.268900 0.020620
-2.270000 0.020620
-2.271200 0.020620
-2.272300 0.020620
-2.273300 0.020620
-2.275500 0.020620
-2.276600 0.020620
-2.277600 0.020620
-2.278600 0.020620
-2.279400 0.020620
-2.280600 0.020620
-2.281700 0.020620
-2.282600 0.020620
-2.283600 0.020620
-2.284500 0.020620
-2.285600 0.020620
-2.286600 0.020620
-2.288700 0.020620
-2.290600 0.020620
-2.291700 0.020620
-2.292700 0.020620
-2.293800 0.020620
-2.294700 0.020620
-2.295600 0.020620
-2.296500 0.020620
-2.297400 0.020620
-2.298000 0.020620
-2.299000 0.020620
-2.299900 0.020620
-2.300700 0.020620
-2.301600 0.020620
-2.302400 0.020620
-2.303300 0.020620
-2.304200 0.020620
-2.305000 0.020620
-2.305800 0.020620
-2.306700 0.020620
-2.307600 0.020620
-2.308500 0.020620
-2.309400 0.020620
-2.310200 0.020620
-2.311000 0.020620
-2.311800 0.020620
-2.312700 0.020620
-2.313500 0.020620
-2.314400 0.020620
-2.315200 0.020620
-2.316000 0.020620
-2.316900 0.020620
-2.318500 0.020620
-2.319300 0.020620
-2.321000 0.020620
-2.321700 0.020620
-2.323200 0.020620
-2.324100 0.020620
-2.324900 0.020620
-2.329500 0.020620
-2.334100 0.020620
-2.338400 0.020620
-2.342400 0.020620
-2.346600 0.020620
-2.350800 0.020620
-2.359000 0.020620
-2.362900 0.020619
-2.370800 0.020609
-2.374300 0.020513
-2.377800 0.020417
-2.381100 0.020324
-2.384900 0.020234
-2.388400 0.020145
-2.391600 0.020058
-2.394700 0.019972
-2.398000 0.019887
-2.401100 0.019803
-2.404200 0.019720
-2.407200 0.019638
-2.410400 0.019556
-2.413400 0.019475
-2.422400 0.019395
-2.425400 0.019316
-2.428100 0.019236
-2.433800 0.019157
-2.439100 0.019078
-2.441800 0.019000
-2.444400 0.018922
-2.447100 0.018845
-2.449900 0.018768
-2.452400 0.018692
-2.454900 0.018616
-2.457400 0.018541
-2.462500 0.018466
-2.465000 0.018391
-2.467300 0.018317
-2.469800 0.018244
-2.472200 0.018171
-2.474600 0.018095
-2.479300 0.018019
-2.481700 0.017944
-2.484000 0.017869
-2.486100 0.017794
-2.488400 0.017720
-2.490600 0.017647
-2.492800 0.017574
-2.494900 0.017501
-2.497000 0.017429
-2.499200 0.017357
-2.501500 0.017285
-2.503700 0.017214
-2.505800 0.017143
-2.507900 0.017073
-2.510000 0.017003
-2.512100 0.016933
-2.514400 0.016864
-2.516500 0.016796
-2.518700 0.016727
-2.520800 0.016659
-2.522800 0.016592
-2.524900 0.016525
-2.526900 0.016458
-2.529000 0.016391
-2.531000 0.016325
-2.533000 0.016260
-2.535000 0.016194
-2.537000 0.016129
-2.539000 0.016065
-2.541100 0.016001
-2.543200 0.015937
-2.547000 0.015874
-2.549000 0.015812
-2.551000 0.015749
-2.553000 0.015688
-2.555000 0.015626
-2.556900 0.015565
-2.559000 0.015505
-2.560800 0.015444
-2.562700 0.015385
-2.564600 0.015325
-2.566500 0.015267
-2.568500 0.015208
-2.570400 0.015150
-2.572200 0.015092
-2.574100 0.015035
-2.579800 0.014979
-2.581700 0.014922
-2.585400 0.014866
-2.589300 0.014811
-2.591100 0.014756
-2.593100 0.014701
-2.595000 0.014647
-2.596900 0.014593
-2.599000 0.014540
-2.600900 0.014487
-2.602700 0.014434
-2.604600 0.014382
-2.606400 0.014330
-2.608300 0.014279
-2.610200 0.014228
-2.612000 0.014178
-2.613900 0.014128
-2.615800 0.014078
-2.617600 0.014029
-2.619500 0.013980
-2.621400 0.013932
-2.623300 0.013884
-2.625100 0.013837
-2.627000 0.013790
-2.628900 0.013743
-2.630800 0.013697
-2.634500 0.013651
-2.636400 0.013606
-2.638200 0.013561
-2.640100 0.013517
-2.642000 0.013473
-2.644100 0.013430
-2.647800 0.013387
-2.649700 0.013344
-2.651700 0.013302
-2.653500 0.013261
-2.655500 0.013220
-2.657400 0.013179
-2.659400 0.013139
-2.661200 0.013100
-2.663200 0.013061
-2.665200 0.013023
-2.667000 0.012985
-2.668900 0.012947
-2.670800 0.012910
-2.672700 0.012874
-2.674700 0.012838
-2.676600 0.012803
-2.678500 0.012768
-2.680400 0.012734
-2.682400 0.012700
-2.684300 0.012668
-2.686200 0.012635
-2.688200 0.012603
-2.690100 0.012572
-2.692100 0.012541
-2.696000 0.012511
-2.698100 0.012482
-2.700000 0.012453
-2.702000 0.012425
-2.704000 0.012397
-2.706000 0.012370
-2.708200 0.012344
-2.710200 0.012318
-2.712300 0.012293
-2.714400 0.012269
-2.718700 0.012245
-2.720700 0.012222
-2.725300 0.012199
-2.727300 0.012177
-2.729600 0.012156
-2.731700 0.012135
-2.733800 0.012115
-2.735900 0.012096
-2.738100 0.012077
-2.740400 0.012059
-2.742600 0.012041
-2.744800 0.012025
-2.747200 0.012008
-2.749400 0.011993
-2.751700 0.011978
-2.754000 0.011963
-2.756200 0.011949
-2.758600 0.011936
-2.761000 0.011923
-2.763200 0.011911
-2.765700 0.011899
-2.768100 0.011888
-2.770400 0.011877
-2.772800 0.011867
-2.775200 0.011858
-2.777700 0.011848
-2.780100 0.011840
-2.785000 0.011832
-2.787700 0.011824
-2.790300 0.011816
-2.792700 0.011810
-2.795300 0.011803
-2.800400 0.011797
-2.803100 0.011791
-2.805800 0.011785
-2.811300 0.011780
-2.813900 0.011775
-2.816700 0.011771
-2.819600 0.011767
-2.822500 0.011762
-2.825300 0.011759
-2.831000 0.011755
-2.836900 0.011751
-2.842800 0.011748
-2.845800 0.011745
-2.848900 0.011742
-2.852200 0.011739
-2.855200 0.011736
-2.858400 0.011733
-2.861700 0.011731
-2.865300 0.011728
-2.868600 0.011725
-2.871900 0.011722
-2.875200 0.011719
-2.878800 0.011717
-2.882300 0.011714
-2.885900 0.011711
-2.889400 0.011707
-2.893300 0.011704
-2.897400 0.011701
-2.901200 0.011697
-2.905300 0.011693
-2.909300 0.011689
-2.913600 0.011685
-2.917700 0.011681
-2.922100 0.011676
-2.926400 0.011672
-2.931000 0.011667
-2.935700 0.011661
-2.944800 0.011656
-2.949800 0.011650
-2.954700 0.011644
-2.959900 0.011638
-2.965200 0.011631
-2.970500 0.011624
-2.975800 0.011617
-2.981600 0.011609
-2.987300 0.011601
-3.000100 0.011593
-3.006400 0.011584
-3.013000 0.011575
-3.019800 0.011565
-3.026900 0.011555
-3.034400 0.011545
-3.042200 0.011534
-3.050100 0.011522
-3.058500 0.011511
-3.067400 0.011498
-3.076100 0.011486
-3.085000 0.011473
-3.105700 0.011464
-3.117200 0.011454
-3.129500 0.011444
-3.141800 0.011433
-3.154700 0.011421
-3.167800 0.011409
-3.199400 0.011396
-3.216000 0.011383
-3.235000 0.011369
-3.254800 0.011355
-3.274900 0.011340
-3.297100 0.011324
-3.321800 0.011308
-3.348800 0.011292
-3.379100 0.011275
-3.414300 0.011258
-3.450000 0.011240
-3.494400 0.011221
-3.544300 0.011201
-3.603200 0.011181
-3.670500 0.011159
-3.754400 0.011137
-3.849600 0.011114
-3.984200 0.011091
-4.183800 0.011066
-4.519500 0.011041
-5.148200 0.011016
-6.920600 0.010990
-12.858000 0.010965
