49.347000 0.102192
10.579000 0.102192
10.579000 0.102192
10.422000 0.102192
9.475700 0.102192
9.456700 0.102192
6.482900 0.102190
4.692000 0.102170
3.467600 0.101973
2.655200 0.100000
1.839800 0.098027
1.607400 0.096536
1.399400 0.095284
1.199700 0.094182
1.042700 0.093188
0.861540 0.092273
0.607680 0.091422
0.504580 0.090622
0.378640 0.089868
0.285060 0.089153
0.199740 0.088469
0.031873 0.087812
-0.053851 0.087178
-0.128440 0.086568
-0.195160 0.085978
-0.253620 0.085409
-0.362400 0.084859
-0.430540 0.084327
-0.486930 0.083814
-0.549140 0.083314
-0.605330 0.082816
-0.682050 0.082325
-0.712860 0.081841
-0.741750 0.081366
-0.773270 0.080900
-0.798590 0.080444
-0.844700 0.079997
-0.864250 0.079561
-0.879350 0.079135
-0.895940 0.078719
-0.912290 0.078312
-0.930180 0.077916
-0.942050 0.077530
-0.955140 0.077153
-0.967820 0.076786
-0.990250 0.076429
-0.999130 0.076081
-1.019300 0.075743
-1.027600 0.075413
-1.045100 0.075093
-1.052500 0.074781
-1.061600 0.074479
-1.069100 0.074029
-1.077300 0.073604
-1.085100 0.073196
-1.091800 0.072803
-1.097600 0.072423
-1.103600 0.072054
-1.110300 0.071696
-1.115300 0.071348
-1.121400 0.071009
-1.126700 0.070679
-1.132200 0.070357
-1.137800 0.070043
-1.148600 0.069737
-1.152500 0.069438
-1.157600 0.069147
-1.161900 0.068863
-1.166900 0.068585
-1.171100 0.068313
-1.179500 0.068048
-1.183600 0.067790
-1.187800 0.067537
-1.191900 0.067290
-1.195900 0.067050
-1.199600 0.066815
-1.203400 0.066586
-1.207700 0.066363
-1.211200 0.066146
-1.215200 0.065934
-1.222200 0.065728
-1.226300 0.065526
-1.229700 0.065330
-1.233000 0.065139
-1.235600 0.064953
-1.238900 0.064772
-1.242000 0.064595
-1.244900 0.064423
-1.248000 0.064256
-1.250800 0.064093
-1.256300 0.063934
-1.258800 0.063779
-1.261700 0.063630
-1.264500 0.063487
-1.267200 0.063349
-1.269600 0.063217
-1.272100 0.063090
-1.274500 0.062967
-1.276900 0.062850
-1.279500 0.062737
-1.282000 0.062629
-1.284900 0.062525
-1.287400 0.062425
-1.289700 0.062329
-1.292300 0.062238
-1.294400 0.062151
-1.296700 0.062067
-1.299300 0.061987
-1.301700 0.061911
-1.304000 0.061838
-1.306000 0.061769
-1.308500 0.061703
-1.311000 0.061640
-1.312900 0.061581
-1.315100 0.061524
-1.317100 0.061471
-1.319300 0.061420
-1.321200 0.061372
-1.323000 0.061326
-1.324900 0.061283
-1.327100 0.061243
-1.328900 0.061205
-1.331300 0.061169
-1.333400 0.061135
-1.335500 0.061104
-1.337400 0.061074
-1.339200 0.061046
-1.343100 0.061020
-1.344700 0.060996
-1.346500 0.060974
-1.348700 0.060952
-1.350300 0.060933
-1.352300 0.060914
-1.354100 0.060897
-1.355800 0.060881
-1.357300 0.060866
-1.359000 0.060852
-1.360600 0.060839
-1.362300 0.060826
-1.364000 0.060814
-1.365800 0.060802
-1.367300 0.060791
-1.369000 0.060781
-1.370500 0.060770
-1.372300 0.060760
-1.373700 0.060750
-1.375200 0.060740
-1.376700 0.060730
-1.378300 0.060719
-1.379700 0.060709
-1.381300 0.060698
-1.382900 0.060687
-1.384300 0.060675
-1.386000 0.060663
-1.387500 0.060650
-1.388900 0.060637
-1.391900 0.060623
-1.393300 0.060608
-1.394700 0.060592
-1.396100 0.060576
-1.397300 0.060558
-1.401100 0.060540
-1.402600 0.060520
-1.405400 0.060500
-1.408000 0.060478
-1.409500 0.060455
-1.410800 0.060430
-1.412200 0.060404
-1.413700 0.060377
-1.415000 0.060349
-1.416200 0.060319
-1.417500 0.060287
-1.418900 0.060255
-1.420300 0.060220
-1.421500 0.060184
-1.422800 0.060146
-1.424200 0.060107
-1.431900 0.060066
-1.439000 0.060023
-1.446000 0.059978
-1.452800 0.059932
-1.458700 0.059884
-1.464700 0.059834
-1.471100 0.059782
-1.477000 0.059728
-1.482900 0.059673
-1.494100 0.059616
-1.499400 0.059556
-1.504800 0.059495
-1.509900 0.059432
-1.520200 0.059368
-1.525200 0.059301
-1.530300 0.059232
-1.534700 0.059161
-1.539100 0.059089
-1.543600 0.059015
-1.547900 0.058938
-1.552100 0.058860
-1.556600 0.058780
-1.560800 0.058698
-1.565300 0.058614
-1.569600 0.058528
-1.573900 0.058440
-1.578100 0.058351
-1.581900 0.058259
-1.585700 0.058166
-1.589600 0.058071
-1.593600 0.057974
-1.597200 0.057876
-1.600700 0.057775
-1.604400 0.057673
-1.607900 0.057569
-1.611500 0.057463
-1.615100 0.057356
-1.618600 0.057247
-1.622300 0.057137
-1.625600 0.057024
-1.629300 0.056910
-1.638800 0.056795
-1.645100 0.056678
-1.648400 0.056560
-1.651500 0.056440
-1.657700 0.056318
-1.664200 0.056195
-1.667000 0.056071
-1.670000 0.055945
-1.672900 0.055818
-1.675900 0.055690
-1.678900 0.055560
-1.681600 0.055429
-1.687400 0.055297
-1.693400 0.055164
-1.696400 0.055029
-1.699300 0.054894
-1.702000 0.054757
-1.704800 0.054619
-1.707500 0.054480
-1.710100 0.054340
-1.712900 0.054200
-1.715900 0.054058
-1.718400 0.053915
-1.721200 0.053772
-1.723800 0.053627
-1.726500 0.053482
-1.729400 0.053336
-1.732100 0.053189
-1.734700 0.053041
-1.737300 0.052893
-1.740000 0.052744
-1.742600 0.052595
-1.745000 0.052445
-1.750100 0.052294
-1.752700 0.052143
-1.755300 0.051991
-1.757800 0.051839
-1.760400 0.051687
-1.762800 0.051534
-1.765400 0.051380
-1.767800 0.051227
-1.770400 0.051073
-1.772800 0.050918
-1.775300 0.050764
-1.777700 0.050609
-1.780200 0.050454
-1.782600 0.050299
-1.787400 0.050143
-1.789800 0.049988
-1.792200 0.049832
-1.794600 0.049677
-1.797000 0.049521
-1.799600 0.049365
-1.801900 0.049209
-1.804400 0.049054
-1.806800 0.048898
-1.809100 0.048743
-1.811600 0.048587
-1.814000 0.048432
-1.816400 0.048276
-1.818800 0.048121
-1.821000 0.047967
-1.823400 0.047812
-1.825600 0.047657
-1.827900 0.047503
-1.830200 0.047349
-1.832500 0.047196
-1.834800 0.047042
-1.837200 0.046889
-1.839400 0.046736
-1.841700 0.046584
-1.844000 0.046432
-1.846300 0.046280
-1.848700 0.046129
-1.851000 0.045978
-1.853200 0.045828
-1.855700 0.045678
-1.858000 0.045528
-1.860300 0.045379
-1.862600 0.045230
-1.865100 0.045082
-1.867400 0.044934
-1.869700 0.044787
-1.872100 0.044641
-1.874400 0.044495
-1.876700 0.044349
-1.879100 0.044204
-1.881400 0.044059
-1.883500 0.043916
-1.885900 0.043772
-1.888300 0.043629
-1.890400 0.043487
-1.892700 0.043346
-1.894900 0.043205
-1.897300 0.043064
-1.899700 0.042925
-1.902100 0.042785
-1.904400 0.042647
-1.906700 0.042509
-1.909000 0.042372
-1.911400 0.042235
-1.915900 0.042099
-1.918400 0.041964
-1.920800 0.041829
-1.923100 0.041695
-1.925300 0.041561
-1.927600 0.041428
-1.929900 0.041296
-1.932300 0.041165
-1.934700 0.041034
-1.937000 0.040904
-1.939400 0.040774
-1.944100 0.040645
-1.946700 0.040517
-1.949000 0.040389
-1.951400 0.040262
-1.953800 0.040136
-1.956200 0.040011
-1.958700 0.039886
-1.961100 0.039761
-1.963500 0.039638
-1.966000 0.039515
-1.968500 0.039392
-1.971000 0.039270
-1.973300 0.039149
-1.975700 0.039029
-1.978200 0.038909
-1.980700 0.038790
-1.983100 0.038671
-1.988100 0.038553
-1.990500 0.038436
-1.993000 0.038319
-1.995400 0.038203
-1.997800 0.038087
-2.000400 0.037972
-2.005500 0.037858
-2.008400 0.037744
-2.011100 0.037631
-2.013600 0.037519
-2.016200 0.037407
-2.019000 0.037296
-2.024600 0.037185
-2.027200 0.037075
-2.030000 0.036965
-2.032700 0.036856
-2.035400 0.036747
-2.038100 0.036639
-2.040900 0.036532
-2.043700 0.036425
-2.046500 0.036319
-2.049200 0.036213
-2.052000 0.036108
-2.058000 0.036003
-2.061000 0.035899
-2.063900 0.035795
-2.066800 0.035692
-2.069900 0.035589
-2.072800 0.035487
-2.079200 0.035385
-2.082300 0.035283
-2.085400 0.035182
-2.088500 0.035082
-2.091500 0.034982
-2.094500 0.034882
-2.097800 0.034783
-2.101200 0.034684
-2.107600 0.034586
-2.111100 0.034488
-2.118000 0.034391
-2.121400 0.034294
-2.124800 0.034197
-2.128500 0.034101
-2.132100 0.034005
-2.135600 0.033910
-2.139300 0.033815
-2.143000 0.033720
-2.146600 0.033626
-2.150500 0.033532
-2.154200 0.033439
-2.158300 0.033346
-2.162300 0.033253
-2.166400 0.033161
-2.170700 0.033069
-2.174800 0.032978
-2.179200 0.032887
-2.187900 0.032796
-2.192300 0.032706
-2.196900 0.032616
-2.201600 0.032527
-2.206200 0.032437
-2.211000 0.032349
-2.216100 0.032261
-2.221200 0.032168
-2.226300 0.032076
-2.231400 0.031984
-2.242000 0.031893
-2.253700 0.031803
-2.260000 0.031713
-2.265800 0.031623
-2.272000 0.031534
-2.278600 0.031445
-2.285500 0.031357
-2.292700 0.031269
-2.299900 0.031182
-2.307200 0.031095
-2.314500 0.031008
-2.322800 0.030922
-2.331000 0.030836
-2.339900 0.030750
-2.348800 0.030665
-2.357700 0.030580
-2.367900 0.030496
-2.377900 0.030411
-2.388400 0.030327
-2.399200 0.030243
-2.410500 0.030160
-2.423600 0.030077
-2.437000 0.029994
-2.451500 0.029912
-2.467900 0.029831
-2.485000 0.029750
-2.503800 0.029670
-2.546100 0.029590
-2.570700 0.029510
-2.598200 0.029431
-2.629800 0.029353
-2.667500 0.029276
-2.708900 0.029199
-2.760900 0.029123
-2.827200 0.029048
-2.915400 0.028974
-3.047800 0.028901
-3.265800 0.028830
-3.740600 0.028761
