1.141800 0.016706
0.585750 0.016706
0.230120 0.016706
-0.030085 0.016706
-0.184300 0.016706
-0.290420 0.016706
-0.361600 0.016706
-0.419880 0.016706
-0.469540 0.016706
-0.513440 0.016706
-0.548870 0.016706
-0.577680 0.016706
-0.609690 0.016706
-0.633440 0.016706
-0.653790 0.016706
-0.676860 0.016706
-0.711280 0.016706
-0.726110 0.016706
-0.741110 0.016706
-0.753810 0.016706
-0.766600 0.016706
-0.779280 0.016706
-0.791250 0.016706
-0.799300 0.016706
-0.807730 0.016706
-0.817310 0.016706
-0.826540 0.016706
-0.841960 0.016706
-0.849610 0.016706
-0.856970 0.016706
-0.863350 0.016706
-0.869780 0.016706
-0.875930 0.016706
-0.882320 0.016706
-0.904990 0.016706
-0.911170 0.016706
-0.915270 0.016706
-0.920180 0.016706
-0.924420 0.016706
-0.928310 0.016706
-0.932380 0.016706
-0.936510 0.016706
-0.940620 0.016706
-0.944230 0.016706
-0.948540 0.016706
-0.952290 0.016706
-0.956260 0.016706
-0.959550 0.016706
-0.966750 0.016706
-0.969860 0.016706
-0.975390 0.016706
-0.978400 0.016706
-0.981300 0.016706
-0.984410 0.016706
-0.986790 0.016706
-0.989480 0.016706
-0.994450 0.016706
-0.996970 0.016706
-0.999430 0.016706
-1.001900 0.016706
-1.004500 0.016706
-1.006700 0.016706
-1.009000 0.016706
-1.011500 0.016706
-1.013500 0.016706
-1.015700 0.016706
-1.018000 0.016706
-1.019800 0.016706
-1.022000 0.016706
-1.024100 0.016706
-1.026200 0.016706
-1.028400 0.016706
-1.030300 0.016706
-1.032400 0.016706
-1.034300 0.016706
-1.036500 0.016706
-1.038300 0.016706
-1.040100 0.016706
-1.041900 0.016706
-1.044000 0.016706
-1.045500 0.016706
-1.047200 0.016706
-1.049100 0.016706
-1.051000 0.016706
-1.052600 0.016706
-1.054200 0.016706
-1.056000 0.016706
-1.057700 0.016706
-1.060800 0.016706
-1.062400 0.016706
-1.063900 0.016706
-1.065600 0.016706
-1.067000 0.016706
-1.068500 0.016706
-1.070000 0.016706
-1.072900 0.016706
-1.074200 0.016706
-1.077000 0.016706
-1.079600 0.016706
-1.080900 0.016706
-1.082300 0.016706
-1.083600 0.016706
-1.084900 0.016706
-1.086400 0.016706
-1.087900 0.016706
-1.089100 0.016706
-1.090400 0.016706
-1.091600 0.016706
-1.092800 0.016706
-1.094100 0.016706
-1.095200 0.016706
-1.096500 0.016706
-1.097700 0.016706
-1.100000 0.016706
-1.101100 0.016706
-1.102100 0.016706
-1.103300 0.016706
-1.104600 0.016706
-1.106900 0.016702
-1.108200 0.016667
-1.109300 0.016632
-1.110600 0.016601
-1.113000 0.016572
-1.114000 0.016544
-1.115100 0.016518
-1.116000 0.016493
-1.116900 0.016468
-1.118000 0.016444
-1.118900 0.016421
-1.122000 0.016398
-1.123000 0.016375
-1.123900 0.016352
-1.124900 0.016330
-1.125900 0.016308
-1.126800 0.016287
-1.127800 0.016265
-1.129000 0.016244
-1.129900 0.016223
-1.130900 0.016203
-1.132000 0.016182
-1.132800 0.016161
-1.134800 0.016141
-1.135700 0.016121
-1.136700 0.016101
-1.137500 0.016081
-1.138500 0.016061
-1.139300 0.016041
-1.140200 0.016021
-1.142100 0.016002
-1.143000 0.015982
-1.143900 0.015963
-1.144600 0.015944
-1.145500 0.015924
-1.146300 0.015905
-1.147200 0.015886
-1.148200 0.015867
-1.149000 0.015848
-1.149700 0.015829
-1.151600 0.015810
-1.152400 0.015791
-1.153300 0.015773
-1.154200 0.015754
-1.155800 0.015735
-1.156600 0.015717
-1.157500 0.015698
-1.158400 0.015679
-1.159400 0.015661
-1.160200 0.015643
-1.161100 0.015624
-1.161800 0.015606
-1.162600 0.015587
-1.163300 0.015569
-1.164100 0.015551
-1.164900 0.015533
-1.165800 0.015515
-1.166600 0.015497
-1.167400 0.015479
-1.168200 0.015461
-1.169100 0.015443
-1.173900 0.015425
-1.178400 0.015407
-1.182900 0.015389
-1.187100 0.015371
-1.191500 0.015353
-1.199400 0.015335
-1.203400 0.015317
-1.207100 0.015299
-1.211000 0.015281
-1.218300 0.015263
-1.221800 0.015246
-1.225500 0.015228
-1.229200 0.015210
-1.232700 0.015192
-1.236100 0.015174
-1.239500 0.015157
-1.242800 0.015139
-1.245900 0.015121
-1.249100 0.015103
-1.252500 0.015086
-1.255600 0.015068
-1.258700 0.015051
-1.261700 0.015033
-1.264800 0.015015
-1.267700 0.014998
-1.270800 0.014980
-1.276500 0.014963
-1.285200 0.014945
-1.287900 0.014928
-1.290500 0.014910
-1.293300 0.014893
-1.298800 0.014876
-1.301400 0.014858
-1.304000 0.014841
-1.306600 0.014824
-1.309300 0.014806
-1.311900 0.014789
-1.314600 0.014772
-1.317200 0.014755
-1.319800 0.014737
-1.322200 0.014720
-1.324800 0.014703
-1.327300 0.014686
-1.329700 0.014669
-1.332400 0.014652
-1.334900 0.014635
-1.337300 0.014618
-1.339700 0.014601
-1.342100 0.014584
-1.344600 0.014567
-1.347000 0.014550
-1.349300 0.014533
-1.351600 0.014516
-1.356200 0.014499
-1.361100 0.014482
-1.363500 0.014465
-1.366000 0.014448
-1.368500 0.014431
-1.375600 0.014415
-1.378000 0.014398
-1.380400 0.014381
-1.382800 0.014364
-1.385000 0.014347
-1.387400 0.014329
-1.389700 0.014312
-1.394300 0.014294
-1.398900 0.014276
-1.401300 0.014258
-1.403700 0.014241
-1.405900 0.014223
-1.408300 0.014206
-1.410700 0.014188
-1.413000 0.014171
-1.415200 0.014154
-1.417400 0.014136
-1.419700 0.014119
-1.422000 0.014102
-1.424300 0.014084
-1.428800 0.014067
-1.431100 0.014050
-1.433200 0.014033
-1.435600 0.014016
-1.437800 0.013998
-1.439900 0.013981
-1.442000 0.013964
-1.444300 0.013947
-1.446600 0.013930
-1.448900 0.013913
-1.451000 0.013896
-1.453300 0.013879
-1.455600 0.013862
-1.457800 0.013845
-1.460000 0.013828
-1.462300 0.013811
-1.464600 0.013794
-1.466800 0.013778
-1.468900 0.013761
-1.471100 0.013744
-1.473300 0.013727
-1.475600 0.013710
-1.477800 0.013694
-1.482300 0.013677
-1.484600 0.013660
-1.486900 0.013643
-1.489200 0.013627
-1.491400 0.013610
-1.493600 0.013593
-1.495800 0.013577
-1.498000 0.013560
-1.500400 0.013544
-1.502800 0.013527
-1.505000 0.013510
-1.507500 0.013494
-1.509600 0.013477
-1.511900 0.013461
-1.514300 0.013444
-1.516500 0.013428
-1.518900 0.013411
-1.521300 0.013395
-1.523600 0.013379
-1.525900 0.013362
-1.528200 0.013346
-1.530600 0.013330
-1.535300 0.013313
-1.540100 0.013297
-1.544900 0.013281
-1.547300 0.013265
-1.549600 0.013248
-1.551900 0.013232
-1.554400 0.013216
-1.556900 0.013200
-1.559400 0.013184
-1.561900 0.013168
-1.566900 0.013152
-1.569400 0.013136
-1.571900 0.013120
-1.574400 0.013104
-1.577000 0.013088
-1.582000 0.013072
-1.584400 0.013056
-1.586900 0.013040
-1.589700 0.013024
-1.592300 0.013009
-1.594900 0.012993
-1.597400 0.012978
-1.600000 0.012961
-1.602600 0.012944
-1.605100 0.012928
-1.607800 0.012911
-1.610500 0.012895
-1.613100 0.012878
-1.615900 0.012862
-1.618700 0.012845
-1.621400 0.012829
-1.624200 0.012812
-1.627000 0.012796
-1.632300 0.012779
-1.635000 0.012763
-1.637900 0.012747
-1.640800 0.012730
-1.643700 0.012714
-1.646600 0.012697
-1.649400 0.012681
-1.652300 0.012665
-1.655200 0.012648
-1.658300 0.012632
-1.661200 0.012616
-1.669900 0.012600
-1.673000 0.012583
-1.676000 0.012567
-1.679100 0.012551
-1.682300 0.012535
-1.685200 0.012519
-1.688500 0.012503
-1.691500 0.012487
-1.694800 0.012471
-1.698100 0.012455
-1.701400 0.012439
-1.704700 0.012423
-1.711300 0.012407
-1.714700 0.012391
-1.718200 0.012375
-1.721700 0.012359
-1.725200 0.012343
-1.728700 0.012327
-1.732200 0.012312
-1.735600 0.012296
-1.739300 0.012280
-1.743000 0.012264
-1.750200 0.012249
-1.753900 0.012233
-1.757700 0.012217
-1.761500 0.012202
-1.765700 0.012186
-1.769600 0.012170
-1.773900 0.012155
-1.777900 0.012139
-1.782100 0.012124
-1.786500 0.012108
-1.790900 0.012092
-1.795200 0.012077
-1.799700 0.012061
-1.804300 0.012046
-1.808700 0.012030
-1.818000 0.012015
-1.822500 0.012000
-1.827600 0.011984
-1.832400 0.011969
-1.837500 0.011953
-1.842500 0.011938
-1.848000 0.011922
-1.853000 0.011907
-1.858200 0.011892
-1.863700 0.011877
-1.880400 0.011861
-1.886200 0.011846
-1.892300 0.011831
-1.898300 0.011816
-1.904500 0.011801
-1.910700 0.011786
-1.916900 0.011771
-1.923300 0.011756
-1.930200 0.011741
-1.937000 0.011727
-1.944500 0.011712
-1.951700 0.011697
-1.959200 0.011683
-1.966900 0.011668
-1.974900 0.011653
-1.982600 0.011639
-1.999400 0.011624
-2.008200 0.011610
-2.026700 0.011596
-2.036000 0.011581
-2.056200 0.011567
-2.066700 0.011553
-2.077400 0.011539
-2.089500 0.011525
-2.101400 0.011511
-2.114100 0.011497
-2.127100 0.011484
-2.140700 0.011470
-2.156100 0.011457
-2.170900 0.011443
-2.186400 0.011430
-2.203300 0.011417
-2.221500 0.011404
-2.240700 0.011391
-2.262400 0.011378
-2.285200 0.011366
-2.310300 0.011353
-2.336900 0.011341
-2.365300 0.011329
-2.396200 0.011317
-2.433900 0.011306
-2.477200 0.011294
-2.521900 0.011283
-2.633400 0.011273
-2.704500 0.011263
-2.788700 0.011253
-2.901100 0.011244
-3.049800 0.011235
-3.256800 0.011227
-3.542200 0.011220
-3.992700 0.011215
-4.760200 0.011211
-12.580000 0.011211
