29.765000 0.272964
29.682000 0.272964
28.632000 0.272964
27.631000 0.272964
27.307000 0.272964
25.364000 0.272964
22.823000 0.272964
19.263000 0.272964
12.508000 0.272964
10.632000 0.272964
8.495000 0.272963
7.136600 0.272958
6.072400 0.272901
5.147600 0.272335
4.388900 0.266670
3.480600 0.261005
3.085900 0.256759
2.746400 0.253251
2.203600 0.250216
1.950400 0.247511
1.515500 0.245058
1.319100 0.242812
1.160400 0.240724
0.990580 0.238762
0.813820 0.236909
0.668320 0.235156
0.519820 0.233494
0.364610 0.231919
0.239610 0.230424
0.121140 0.228989
-0.004475 0.227568
-0.119530 0.226177
-0.321060 0.224823
-0.404620 0.223510
-0.491350 0.222239
-0.573320 0.221010
-0.654560 0.219825
-0.739640 0.218682
-0.803790 0.217580
-0.862750 0.216520
-0.922020 0.215500
-0.973900 0.214518
-1.025500 0.213575
-1.074500 0.212667
-1.117800 0.211796
-1.162000 0.210961
-1.206600 0.210161
-1.245200 0.208899
-1.279700 0.207728
-1.314500 0.206626
-1.347400 0.205580
-1.379500 0.204582
-1.408800 0.203627
-1.439600 0.202711
-1.466900 0.201830
-1.495700 0.200983
-1.516900 0.200167
-1.541600 0.199381
-1.566700 0.198622
-1.588300 0.197890
-1.606800 0.197182
-1.626700 0.196499
-1.643600 0.195840
-1.660100 0.195203
-1.675300 0.194590
-1.690900 0.193999
-1.707100 0.193429
-1.721200 0.192879
-1.736400 0.192349
-1.748600 0.191839
-1.763200 0.191347
-1.774600 0.190872
-1.787300 0.190415
-1.799400 0.189974
-1.811400 0.189548
-1.822700 0.189137
-1.835500 0.188741
-1.845200 0.188367
-1.857200 0.188013
-1.867000 0.187679
-1.876100 0.187363
-1.887000 0.187065
-1.896100 0.186783
-1.905200 0.186517
-1.913300 0.186266
-1.932000 0.186029
-1.939300 0.185807
-1.947500 0.185597
-1.956400 0.185401
-1.972800 0.185216
-1.981200 0.185044
-1.988100 0.184882
-1.996300 0.184731
-2.002900 0.184590
-2.010100 0.184459
-2.016700 0.184337
-2.023900 0.184223
-2.029200 0.184118
-2.035500 0.184021
-2.041700 0.183931
-2.049200 0.183848
-2.055400 0.183772
-2.061500 0.183702
-2.067500 0.183638
-2.073100 0.183579
-2.078700 0.183526
-2.084700 0.183477
-2.089200 0.183432
-2.095000 0.183391
-2.104300 0.183353
-2.109000 0.183318
-2.114200 0.183285
-2.118800 0.183255
-2.123100 0.183227
-2.127600 0.183200
-2.131800 0.183174
-2.136200 0.183149
-2.140500 0.183125
-2.144400 0.183101
-2.149000 0.183077
-2.153100 0.183053
-2.157000 0.183028
-2.160800 0.183003
-2.164600 0.182976
-2.168800 0.182949
-2.172800 0.182920
-2.176800 0.182890
-2.180500 0.182858
-2.184300 0.182824
-2.188300 0.182787
-2.191600 0.182749
-2.194900 0.182709
-2.198300 0.182665
-2.201600 0.182620
-2.204900 0.182571
-2.208500 0.182520
-2.211300 0.182465
-2.215300 0.182408
-2.218900 0.182348
-2.222100 0.182284
-2.224700 0.182218
-2.228300 0.182148
-2.231500 0.182075
-2.234200 0.181998
-2.237200 0.181918
-2.240300 0.181835
-2.245700 0.181748
-2.248300 0.181658
-2.251000 0.181565
-2.253700 0.181468
-2.256400 0.181368
-2.259500 0.181265
-2.262400 0.181158
-2.265100 0.181048
-2.267700 0.180935
-2.270300 0.180818
-2.273100 0.180698
-2.275900 0.180575
-2.278400 0.180449
-2.281100 0.180320
-2.283900 0.180188
-2.286200 0.180053
-2.288500 0.179915
-2.291200 0.179774
-2.293400 0.179630
-2.295900 0.179484
-2.297800 0.179334
-2.299900 0.179182
-2.302000 0.179028
-2.304300 0.178871
-2.306700 0.178711
-2.311100 0.178550
-2.313200 0.178385
-2.315300 0.178219
-2.317300 0.178050
-2.319500 0.177879
-2.321300 0.177706
-2.323300 0.177531
-2.325200 0.177354
-2.327400 0.177175
-2.329500 0.176994
-2.333400 0.176811
-2.335500 0.176627
-2.337700 0.176441
-2.339600 0.176253
-2.341600 0.176063
-2.354000 0.175872
-2.365400 0.175679
-2.375500 0.175484
-2.385500 0.175289
-2.394700 0.175091
-2.404200 0.174893
-2.413500 0.174693
-2.422100 0.174491
-2.430300 0.174288
-2.438000 0.174084
-2.445900 0.173879
-2.453200 0.173672
-2.460500 0.173464
-2.467600 0.173255
-2.474500 0.173044
-2.480800 0.172833
-2.486800 0.172620
-2.493400 0.172406
-2.499400 0.172191
-2.505600 0.171974
-2.511500 0.171757
-2.517400 0.171538
-2.523100 0.171318
-2.528500 0.171097
-2.533700 0.170875
-2.539100 0.170651
-2.543900 0.170426
-2.549000 0.170200
-2.554300 0.169973
-2.559300 0.169745
-2.564100 0.169515
-2.569200 0.169284
-2.573900 0.169052
-2.578600 0.168819
-2.583000 0.168584
-2.587600 0.168348
-2.591900 0.168110
-2.596500 0.167871
-2.601200 0.167631
-2.605600 0.167389
-2.609900 0.167146
-2.614000 0.166902
-2.618100 0.166656
-2.622100 0.166408
-2.626200 0.166159
-2.630400 0.165908
-2.634200 0.165656
-2.638200 0.165403
-2.642100 0.165148
-2.645800 0.164891
-2.649400 0.164632
-2.653500 0.164372
-2.657100 0.164111
-2.660700 0.163847
-2.664000 0.163582
-2.667600 0.163315
-2.671300 0.163047
-2.682100 0.162777
-2.685600 0.162505
-2.692500 0.162231
-2.696000 0.161956
-2.699400 0.161679
-2.702900 0.161400
-2.706200 0.161120
-2.709200 0.160838
-2.712600 0.160554
-2.715800 0.160268
-2.722400 0.159981
-2.725500 0.159692
-2.731900 0.159401
-2.734800 0.159109
-2.737800 0.158814
-2.743900 0.158519
-2.746900 0.158221
-2.749700 0.157922
-2.752500 0.157621
-2.755300 0.157319
-2.758000 0.157015
-2.760900 0.156710
-2.763700 0.156403
-2.766600 0.156095
-2.769400 0.155785
-2.772200 0.155474
-2.774900 0.155161
-2.777800 0.154847
-2.780700 0.154532
-2.783300 0.154216
-2.785900 0.153898
-2.788700 0.153579
-2.794100 0.153259
-2.796800 0.152938
-2.799500 0.152616
-2.802400 0.152293
-2.805000 0.151970
-2.807500 0.151645
-2.810300 0.151319
-2.815600 0.150993
-2.818200 0.150666
-2.820700 0.150338
-2.823400 0.150009
-2.826100 0.149680
-2.828700 0.149351
-2.831300 0.149021
-2.833900 0.148691
-2.836600 0.148361
-2.839200 0.148030
-2.841700 0.147699
-2.844300 0.147368
-2.846700 0.147037
-2.849000 0.146706
-2.851600 0.146375
-2.854000 0.146044
-2.856500 0.145713
-2.859000 0.145382
-2.861600 0.145052
-2.864100 0.144722
-2.866500 0.144393
-2.868900 0.144064
-2.871400 0.143736
-2.873900 0.143408
-2.876400 0.143081
-2.878800 0.142754
-2.881200 0.142429
-2.886300 0.142104
-2.888600 0.141780
-2.893400 0.141457
-2.895900 0.141135
-2.898300 0.140814
-2.903200 0.140494
-2.905700 0.140175
-2.908100 0.139857
-2.910700 0.139541
-2.913100 0.139226
-2.915500 0.138912
-2.917900 0.138599
-2.920200 0.138288
-2.922600 0.137978
-2.925100 0.137669
-2.929900 0.137362
-2.932300 0.137057
-2.934700 0.136753
-2.937100 0.136451
-2.939700 0.136150
-2.942100 0.135851
-2.944600 0.135553
-2.947000 0.135257
-2.949500 0.134963
-2.952100 0.134670
-2.954400 0.134379
-2.956900 0.134090
-2.959400 0.133802
-2.961900 0.133516
-2.964300 0.133232
-2.966800 0.132950
-2.969500 0.132669
-2.971900 0.132390
-2.974500 0.132113
-2.979400 0.131837
-2.981900 0.131563
-2.984400 0.131291
-2.987000 0.131021
-2.989600 0.130752
-2.992100 0.130485
-2.994500 0.130220
-2.997000 0.129956
-2.999500 0.129694
-3.004700 0.129434
-3.009800 0.129175
-3.012400 0.128918
-3.015000 0.128663
-3.017600 0.128409
-3.020200 0.128156
-3.022700 0.127906
-3.025300 0.127656
-3.028100 0.127408
-3.030700 0.127162
-3.033300 0.126917
-3.035800 0.126673
-3.038700 0.126431
-3.041200 0.126190
-3.044000 0.125950
-3.046600 0.125712
-3.049200 0.125475
-3.052100 0.125239
-3.057400 0.125005
-3.060200 0.124771
-3.063100 0.124539
-3.065800 0.124308
-3.068600 0.124078
-3.071500 0.123849
-3.074500 0.123621
-3.077400 0.123394
-3.080200 0.123168
-3.083000 0.122943
-3.086300 0.122719
-3.089200 0.122496
-3.092300 0.122273
-3.095200 0.122052
-3.098500 0.121831
-3.101600 0.121611
-3.104800 0.121392
-3.107800 0.121173
-3.110900 0.120955
-3.114000 0.120738
-3.117200 0.120522
-3.120400 0.120306
-3.123800 0.120090
-3.127100 0.119876
-3.130200 0.119661
-3.133300 0.119448
-3.136600 0.119235
-3.140000 0.119022
-3.143100 0.118810
-3.146400 0.118598
-3.149800 0.118387
-3.153300 0.118176
-3.157200 0.117965
-3.160400 0.117755
-3.163900 0.117545
-3.167400 0.117336
-3.171000 0.117127
-3.174900 0.116918
-3.178600 0.116709
-3.182300 0.116501
-3.186000 0.116293
-3.190000 0.116085
-3.193900 0.115877
-3.197800 0.115670
-3.201800 0.115463
-3.205600 0.115256
-3.209800 0.115049
-3.213800 0.114843
-3.217800 0.114636
-3.222000 0.114430
-3.226300 0.114224
-3.230900 0.114018
-3.235100 0.113813
-3.240000 0.113607
-3.244300 0.113402
-3.248900 0.113197
-3.253700 0.112992
-3.263500 0.112788
-3.268600 0.112583
-3.273800 0.112379
-3.279200 0.112175
-3.284400 0.111972
-3.289900 0.111769
-3.295800 0.111566
-3.301500 0.111361
-3.307300 0.111156
-3.313400 0.110951
-3.319500 0.110747
-3.325700 0.110543
-3.332200 0.110338
-3.339200 0.110134
-3.346200 0.109930
-3.353700 0.109727
-3.361500 0.109523
-3.369700 0.109320
-3.377900 0.109116
-3.386500 0.108913
-3.395000 0.108711
-3.404100 0.108508
-3.425300 0.108306
-3.436300 0.108103
-3.459700 0.107901
-3.473000 0.107699
-3.487500 0.107497
-3.502900 0.107296
-3.519400 0.107096
-3.538500 0.106896
-3.559400 0.106696
-3.584200 0.106498
-3.611800 0.106301
-3.642200 0.106105
-3.682600 0.105911
-3.738000 0.105719
-3.803100 0.105529
-3.919900 0.105341
-4.191300 0.105150
