108.780000 0.455461
10.729000 0.455461
7.567600 0.455461
6.321700 0.455461
5.515700 0.455461
4.989700 0.455461
4.503100 0.455461
4.124400 0.455461
3.847600 0.455461
3.631900 0.455461
3.432600 0.455461
3.255000 0.455461
3.080200 0.455461
2.922000 0.455461
2.770400 0.455461
2.630400 0.455461
2.516300 0.455461
2.422900 0.455461
2.346400 0.455461
2.256200 0.455461
2.182400 0.455461
2.108100 0.455461
2.019400 0.455461
1.954700 0.455461
1.874200 0.455461
1.806200 0.455461
1.742100 0.455461
1.689700 0.455461
1.638900 0.455461
1.587600 0.455461
1.530100 0.455461
1.477900 0.455461
1.427900 0.455461
1.383200 0.455461
1.339500 0.455461
1.293000 0.455461
1.257000 0.455461
1.212700 0.455461
1.180200 0.455461
1.141500 0.455461
1.115100 0.455461
1.081400 0.455461
1.009100 0.455461
0.978760 0.455461
0.947330 0.455461
0.919130 0.455461
0.890500 0.455461
0.863100 0.455461
0.832550 0.455461
0.810030 0.455461
0.783420 0.455461
0.734320 0.455461
0.710730 0.455461
0.687780 0.455461
0.663450 0.455461
0.644720 0.455461
0.604310 0.455461
0.581760 0.455461
0.561340 0.455461
0.539280 0.455461
0.519990 0.455461
0.500370 0.455461
0.481810 0.455461
0.460640 0.455461
0.421660 0.455461
0.404640 0.455461
0.387540 0.455461
0.370910 0.455461
0.336000 0.455461
0.319400 0.455461
0.301300 0.455461
0.285160 0.455459
0.269530 0.455440
0.253790 0.455248
0.224730 0.453330
0.210150 0.451412
0.194980 0.450262
0.166870 0.449496
0.152930 0.448946
0.137760 0.448514
0.125830 0.448161
0.112280 0.447864
0.100620 0.447603
0.086794 0.447356
0.074679 0.447108
0.050326 0.446870
0.036654 0.446644
0.026461 0.446425
0.013125 0.446213
-0.000028 0.446003
-0.010984 0.445793
-0.023527 0.445583
-0.032682 0.445371
-0.043028 0.445159
-0.053129 0.444839
-0.063718 0.444570
-0.085539 0.444331
-0.095945 0.444109
-0.108180 0.443898
-0.118930 0.443692
-0.128840 0.443491
-0.140750 0.443290
-0.149750 0.443091
-0.162230 0.442893
-0.172580 0.442695
-0.182520 0.442498
-0.192230 0.442300
-0.200440 0.442102
-0.210140 0.441904
-0.220060 0.441707
-0.229030 0.441511
-0.240080 0.441316
-0.249420 0.441128
-0.258660 0.440944
-0.267670 0.440764
-0.277040 0.440587
-0.297300 0.440415
-0.305050 0.440245
-0.315000 0.440080
-0.323940 0.439919
-0.332700 0.439763
-0.340940 0.439611
-0.348910 0.439463
-0.356900 0.439321
-0.366000 0.439184
-0.374110 0.439053
-0.382320 0.438926
-0.389460 0.438805
-0.396700 0.438689
-0.404390 0.438577
-0.411530 0.438470
-0.419640 0.438367
-0.427240 0.438267
-0.434870 0.438171
-0.442380 0.438077
-0.448970 0.437986
-0.455690 0.437896
-0.462920 0.437806
-0.469660 0.437717
-0.476710 0.437627
-0.483490 0.437535
-0.489840 0.437440
-0.496950 0.437343
-0.503230 0.437240
-0.509550 0.437132
-0.515930 0.437018
-0.522490 0.436896
-0.528380 0.436766
-0.534420 0.436627
-0.546320 0.436478
-0.552520 0.436317
-0.558320 0.436144
-0.564300 0.435958
-0.575800 0.435758
-0.582000 0.435544
-0.588280 0.435315
-0.593810 0.435070
-0.600190 0.434808
-0.606440 0.434530
-0.612330 0.434233
-0.617700 0.433920
-0.623650 0.433587
-0.629060 0.433237
-0.634760 0.432868
-0.640530 0.432480
-0.645960 0.432074
-0.651910 0.431649
-0.663480 0.431205
-0.669310 0.430743
-0.675230 0.430262
-0.679900 0.429763
-0.684540 0.429246
-0.690340 0.428712
-0.695340 0.428160
-0.700440 0.427592
-0.705230 0.427007
-0.710660 0.426405
-0.716000 0.425787
-0.726960 0.425154
-0.732080 0.424506
-0.741540 0.423843
-0.747160 0.423165
-0.751620 0.422472
-0.756070 0.421766
-0.766170 0.421045
-0.797610 0.420311
-0.823850 0.419563
-0.851840 0.418802
-0.877350 0.418028
-0.903290 0.417240
-0.928190 0.416438
-0.952420 0.415624
-0.974880 0.414795
-0.996150 0.413953
-1.018300 0.413098
-1.059300 0.412229
-1.078900 0.411345
-1.098600 0.410448
-1.118200 0.409535
-1.136400 0.408609
-1.154600 0.407667
-1.171900 0.406710
-1.188300 0.405739
-1.205600 0.404751
-1.222500 0.403748
-1.238600 0.402729
-1.254700 0.401695
-1.270000 0.400644
-1.284800 0.399577
-1.299300 0.398494
-1.328700 0.397395
-1.343000 0.396281
-1.356900 0.395150
-1.370800 0.394004
-1.395400 0.392842
-1.408000 0.391665
-1.420800 0.390473
-1.432700 0.389267
-1.443900 0.388047
-1.454700 0.386813
-1.465600 0.385566
-1.476700 0.384307
-1.488300 0.383037
-1.499000 0.381755
-1.509600 0.380463
-1.520000 0.379161
-1.530300 0.377851
-1.540700 0.376532
-1.550600 0.375207
-1.560600 0.373875
-1.569800 0.372539
-1.579000 0.371197
-1.588500 0.369852
-1.597500 0.368505
-1.606900 0.367156
-1.615500 0.365806
-1.624500 0.364456
-1.641600 0.363107
-1.650200 0.361759
-1.658900 0.360415
-1.667000 0.359073
-1.675100 0.357736
-1.682900 0.356404
-1.698500 0.355078
-1.705800 0.353757
-1.713200 0.352444
-1.720700 0.351138
-1.728200 0.349840
-1.735400 0.348551
-1.742800 0.347271
-1.750200 0.346000
-1.757400 0.344739
-1.764200 0.343488
-1.771200 0.342247
-1.778000 0.341017
-1.784800 0.339798
-1.791500 0.338589
-1.798300 0.337392
-1.804900 0.336206
-1.811600 0.335031
-1.817800 0.333867
-1.824000 0.332715
-1.830600 0.331574
-1.836700 0.330443
-1.842800 0.329324
-1.849300 0.328216
-1.855300 0.327118
-1.867200 0.326031
-1.872800 0.324954
-1.878300 0.323887
-1.883900 0.322831
-1.889300 0.321784
-1.895000 0.320746
-1.900700 0.319718
-1.906000 0.318699
-1.911300 0.317688
-1.916800 0.316686
-1.921900 0.315692
-1.927100 0.314705
-1.932600 0.313727
-1.937800 0.312756
-1.942700 0.311792
-1.947600 0.310835
-1.952700 0.309884
-1.957900 0.308940
-1.962600 0.308002
-1.967400 0.307070
-1.977200 0.306143
-1.982000 0.305222
-1.986600 0.304306
-1.991100 0.303395
-1.995700 0.302488
-2.000400 0.301586
-2.005100 0.300689
-2.009800 0.299796
-2.014200 0.298907
-2.018700 0.298022
-2.023200 0.297140
-2.027500 0.296262
-2.032000 0.295388
-2.036300 0.294516
-2.041000 0.293648
-2.045700 0.292783
-2.050100 0.291921
-2.059100 0.291062
-2.063300 0.290206
-2.067700 0.289352
-2.071900 0.288501
-2.076200 0.287653
-2.080500 0.286807
-2.084500 0.285964
-2.092800 0.285123
-2.096900 0.284284
-2.100800 0.283448
-2.104600 0.282614
-2.108900 0.281783
-2.113000 0.280954
-2.117600 0.280127
-2.121600 0.279303
-2.125700 0.278481
-2.129600 0.277661
-2.137400 0.276844
-2.141200 0.276029
-2.145400 0.275217
-2.149100 0.274407
-2.152900 0.273600
-2.156700 0.272795
-2.160500 0.271993
-2.164400 0.271194
-2.168100 0.270397
-2.172000 0.269603
-2.179800 0.268812
-2.183600 0.268024
-2.187500 0.267239
-2.191300 0.266456
-2.194900 0.265677
-2.198800 0.264901
-2.202700 0.264128
-2.206600 0.263358
-2.210400 0.262592
-2.214200 0.261829
-2.221700 0.261069
-2.225500 0.260312
-2.229600 0.259559
-2.233400 0.258810
-2.236900 0.258064
-2.240900 0.257321
-2.244700 0.256583
-2.248500 0.255847
-2.252400 0.255116
-2.256300 0.254388
-2.260000 0.253664
-2.263700 0.252943
-2.267400 0.252226
-2.271200 0.251513
-2.274900 0.250804
-2.278500 0.250098
-2.282300 0.249396
-2.286000 0.248698
-2.289600 0.248004
-2.297200 0.247313
-2.301100 0.246626
-2.305000 0.245943
-2.308700 0.245264
-2.312300 0.244588
-2.316300 0.243916
-2.320200 0.243247
-2.324300 0.242582
-2.335700 0.241921
-2.339600 0.241263
-2.343400 0.240609
-2.347400 0.239958
-2.351400 0.239311
-2.355200 0.238668
-2.359100 0.238028
-2.363200 0.237391
-2.367200 0.236757
-2.371300 0.236128
-2.375300 0.235501
-2.379300 0.234878
-2.383400 0.234258
-2.387600 0.233641
-2.391800 0.233027
-2.396100 0.232417
-2.400300 0.231810
-2.404400 0.231206
-2.408400 0.230606
-2.412900 0.230008
-2.417200 0.229413
-2.421500 0.228822
-2.425700 0.228234
-2.430100 0.227648
-2.434700 0.227066
-2.439000 0.226486
-2.443700 0.225910
-2.447900 0.225337
-2.452300 0.224766
-2.456700 0.224198
-2.466000 0.223633
-2.470900 0.223071
-2.475600 0.222512
-2.480500 0.221956
-2.485100 0.221402
-2.490000 0.220852
-2.494800 0.220304
-2.499700 0.219758
-2.504700 0.219215
-2.509900 0.218675
-2.515000 0.218138
-2.520100 0.217603
-2.525500 0.217071
-2.531000 0.216542
-2.536500 0.216015
-2.542000 0.215490
-2.547800 0.214968
-2.553700 0.214449
-2.559700 0.213932
-2.565500 0.213417
-2.571600 0.212905
-2.578100 0.212395
-2.584200 0.211888
-2.590500 0.211383
-2.597200 0.210880
-2.604000 0.210379
-2.610900 0.209881
-2.617500 0.209385
-2.624700 0.208891
-2.639700 0.208399
-2.647500 0.207910
-2.655800 0.207422
-2.663700 0.206936
-2.672300 0.206451
-2.680700 0.205969
-2.689500 0.205489
-2.698700 0.205010
-2.717700 0.204534
-2.727900 0.204059
-2.738700 0.203586
-2.750100 0.203115
-2.761600 0.202646
-2.774000 0.202178
-2.786600 0.201712
-2.814400 0.201248
-2.828600 0.200787
-2.843200 0.200316
-2.859100 0.199848
-2.877100 0.199382
-2.892900 0.198919
-2.911800 0.198457
-2.934500 0.197998
-2.958900 0.197541
-2.986600 0.197085
-3.016000 0.196632
-3.048000 0.196179
-3.087000 0.195728
-3.132100 0.195279
-3.185700 0.194833
-3.326700 0.194390
-3.425700 0.193949
-3.574400 0.193510
-3.772200 0.193076
-4.115700 0.192645
-5.810200 0.192220
