46.909000 0.112899
1.591100 0.112899
0.685500 0.112899
0.299240 0.112899
0.091429 0.112899
-0.045930 0.112899
-0.244050 0.112899
-0.309510 0.112899
-0.361730 0.112899
-0.405640 0.112899
-0.450090 0.112899
-0.483960 0.112899
-0.516430 0.112899
-0.550430 0.112899
-0.576170 0.112899
-0.606160 0.112899
-0.635790 0.112899
-0.658280 0.112899
-0.682730 0.112899
-0.702670 0.112899
-0.721160 0.112899
-0.741040 0.112899
-0.756670 0.112899
-0.773150 0.112899
-0.790500 0.112899
-0.806460 0.112899
-0.834290 0.112899
-0.848480 0.112899
-0.861650 0.112899
-0.874560 0.112899
-0.885940 0.112899
-0.898510 0.112899
-0.910050 0.112899
-0.931410 0.112899
-0.941300 0.112899
-0.952000 0.112899
-0.961120 0.112899
-0.970130 0.112899
-0.978400 0.112899
-0.987060 0.112899
-0.995260 0.112899
-1.004000 0.112899
-1.018700 0.112899
-1.026100 0.112899
-1.032600 0.112899
-1.048200 0.112899
-1.055200 0.112899
-1.061500 0.112899
-1.067900 0.112899
-1.080500 0.112899
-1.087200 0.112899
-1.093000 0.112899
-1.098800 0.112899
-1.104400 0.112899
-1.109700 0.112899
-1.114700 0.112899
-1.125500 0.112899
-1.130400 0.112899
-1.134800 0.112899
-1.138700 0.112899
-1.142800 0.112899
-1.147000 0.112899
-1.151300 0.112899
-1.155400 0.112899
-1.160100 0.112899
-1.163900 0.112899
-1.167600 0.112899
-1.171100 0.112899
-1.174600 0.112899
-1.178600 0.112899
-1.182400 0.112899
-1.186300 0.112899
-1.190100 0.112899
-1.202200 0.112899
-1.205400 0.112899
-1.208600 0.112899
-1.215600 0.112899
-1.222000 0.112899
-1.225500 0.112899
-1.229100 0.112899
-1.231800 0.112899
-1.235100 0.112899
-1.238200 0.112899
-1.241500 0.112899
-1.244400 0.112899
-1.247300 0.112899
-1.250000 0.112899
-1.253000 0.112899
-1.256200 0.112899
-1.258900 0.112899
-1.261600 0.112899
-1.264200 0.112899
-1.266900 0.112899
-1.269300 0.112899
-1.271700 0.112899
-1.274100 0.112899
-1.276500 0.112899
-1.279000 0.112899
-1.281400 0.112899
-1.283800 0.112899
-1.285800 0.112899
-1.288300 0.112899
-1.290800 0.112899
-1.293100 0.112899
-1.295400 0.112899
-1.297800 0.112899
-1.300100 0.112899
-1.302100 0.112899
-1.304300 0.112899
-1.306700 0.112899
-1.308900 0.112899
-1.310900 0.112899
-1.313100 0.112899
-1.315300 0.112899
-1.317500 0.112899
-1.319400 0.112899
-1.321200 0.112899
-1.323100 0.112899
-1.325300 0.112899
-1.329500 0.112899
-1.331300 0.112899
-1.333300 0.112899
-1.335700 0.112890
-1.337600 0.112809
-1.341200 0.112000
-1.342900 0.111191
-1.344900 0.110466
-1.346900 0.109823
-1.349000 0.109253
-1.350600 0.108747
-1.352400 0.108289
-1.354200 0.107874
-1.355900 0.107499
-1.357600 0.107163
-1.359400 0.106857
-1.361100 0.106561
-1.362900 0.106281
-1.364500 0.106018
-1.365900 0.105774
-1.367600 0.105549
-1.369000 0.105342
-1.370500 0.105154
-1.371900 0.104982
-1.373500 0.104826
-1.375200 0.104684
-1.376800 0.104556
-1.378300 0.104440
-1.379700 0.104218
-1.381400 0.104014
-1.382900 0.103827
-1.384400 0.103657
-1.385900 0.103501
-1.387400 0.103358
-1.388900 0.103227
-1.391600 0.103106
-1.393000 0.102996
-1.394600 0.102893
-1.396100 0.102799
-1.397400 0.102712
-1.398800 0.102632
-1.400600 0.102558
-1.401900 0.102488
-1.403300 0.102424
-1.404800 0.102363
-1.406200 0.102305
-1.407700 0.102249
-1.409000 0.102195
-1.410300 0.102144
-1.411600 0.102098
-1.412800 0.102054
-1.414200 0.102013
-1.415400 0.101973
-1.416600 0.101934
-1.417900 0.101896
-1.419000 0.101858
-1.420500 0.101819
-1.421500 0.101780
-1.422600 0.101739
-1.423800 0.101696
-1.425000 0.101652
-1.426600 0.101606
-1.428000 0.101557
-1.429200 0.101505
-1.430400 0.101450
-1.431500 0.101392
-1.432700 0.101331
-1.433800 0.101266
-1.440900 0.101197
-1.447900 0.101125
-1.454400 0.101049
-1.461100 0.100968
-1.467100 0.100884
-1.473400 0.100795
-1.479400 0.100702
-1.491100 0.100605
-1.496700 0.100504
-1.501900 0.100398
-1.507200 0.100289
-1.512100 0.100175
-1.517000 0.100058
-1.522000 0.099937
-1.526900 0.099811
-1.531200 0.099683
-1.535900 0.099550
-1.540400 0.099414
-1.544900 0.099275
-1.549100 0.099133
-1.553300 0.098987
-1.557400 0.098838
-1.561700 0.098687
-1.565700 0.098533
-1.569600 0.098376
-1.573300 0.098216
-1.577000 0.098054
-1.580500 0.097890
-1.584500 0.097723
-1.588100 0.097554
-1.591600 0.097383
-1.595100 0.097209
-1.598400 0.097034
-1.601900 0.096857
-1.605300 0.096677
-1.608600 0.096496
-1.612100 0.096313
-1.615200 0.096128
-1.618300 0.095941
-1.621300 0.095752
-1.624500 0.095561
-1.627600 0.095369
-1.630800 0.095174
-1.633800 0.094977
-1.636900 0.094779
-1.639800 0.094579
-1.642700 0.094376
-1.645800 0.094172
-1.648600 0.093966
-1.651500 0.093757
-1.654400 0.093547
-1.657100 0.093335
-1.659800 0.093120
-1.662600 0.092904
-1.665300 0.092686
-1.668100 0.092465
-1.670900 0.092243
-1.673600 0.092019
-1.676400 0.091793
-1.678900 0.091565
-1.681400 0.091335
-1.683800 0.091104
-1.686400 0.090871
-1.689000 0.090636
-1.691400 0.090400
-1.693900 0.090162
-1.696300 0.089923
-1.698700 0.089683
-1.701200 0.089441
-1.706300 0.089199
-1.708700 0.088955
-1.711100 0.088711
-1.713600 0.088466
-1.715800 0.088220
-1.718100 0.087974
-1.720500 0.087728
-1.722800 0.087481
-1.725100 0.087235
-1.727500 0.086988
-1.729800 0.086741
-1.732200 0.086495
-1.734500 0.086249
-1.736800 0.086004
-1.739000 0.085759
-1.741200 0.085515
-1.743500 0.085272
-1.745500 0.085029
-1.747800 0.084788
-1.750000 0.084548
-1.752200 0.084309
-1.754500 0.084071
-1.756800 0.083835
-1.759100 0.083599
-1.761200 0.083366
-1.765500 0.083134
-1.767700 0.082903
-1.769700 0.082674
-1.771900 0.082447
-1.774100 0.082221
-1.776400 0.081997
-1.778600 0.081775
-1.780700 0.081554
-1.782800 0.081335
-1.785000 0.081117
-1.787300 0.080902
-1.789400 0.080688
-1.791400 0.080475
-1.793500 0.080265
-1.795600 0.080056
-1.797700 0.079848
-1.799900 0.079643
-1.802100 0.079438
-1.804100 0.079236
-1.806100 0.079035
-1.808200 0.078835
-1.810100 0.078637
-1.812400 0.078440
-1.814600 0.078245
-1.816600 0.078051
-1.818600 0.077859
-1.820700 0.077667
-1.822700 0.077478
-1.824800 0.077289
-1.826900 0.077102
-1.829000 0.076916
-1.831100 0.076731
-1.833100 0.076548
-1.835200 0.076366
-1.837200 0.076184
-1.839300 0.076005
-1.841400 0.075826
-1.843500 0.075648
-1.845600 0.075472
-1.847600 0.075296
-1.851700 0.075122
-1.853700 0.074948
-1.855800 0.074776
-1.857900 0.074605
-1.860100 0.074435
-1.862100 0.074266
-1.864100 0.074097
-1.866300 0.073930
-1.868400 0.073764
-1.870400 0.073598
-1.872500 0.073434
-1.874500 0.073270
-1.876600 0.073108
-1.878600 0.072946
-1.880600 0.072785
-1.882600 0.072625
-1.884700 0.072465
-1.886700 0.072307
-1.888700 0.072149
-1.890800 0.071992
-1.892700 0.071835
-1.894800 0.071679
-1.897000 0.071524
-1.899100 0.071370
-1.901200 0.071216
-1.903400 0.071063
-1.905400 0.070910
-1.907700 0.070758
-1.909800 0.070606
-1.912000 0.070455
-1.914100 0.070304
-1.916200 0.070154
-1.918400 0.070005
-1.920500 0.069856
-1.922700 0.069707
-1.925000 0.069559
-1.927200 0.069412
-1.929500 0.069265
-1.931600 0.069118
-1.933800 0.068972
-1.935900 0.068826
-1.938100 0.068681
-1.940300 0.068537
-1.942600 0.068393
-1.945000 0.068249
-1.947200 0.068106
-1.949800 0.067964
-1.952000 0.067822
-1.954400 0.067681
-1.956600 0.067540
-1.958900 0.067400
-1.963700 0.067261
-1.966100 0.067123
-1.968600 0.066985
-1.971000 0.066848
-1.973400 0.066712
-1.975900 0.066576
-1.978400 0.066441
-1.980900 0.066307
-1.983300 0.066174
-1.988300 0.066042
-1.990700 0.065911
-1.993300 0.065780
-1.998400 0.065650
-2.001100 0.065521
-2.003600 0.065393
-2.006400 0.065266
-2.009000 0.065140
-2.011800 0.065014
-2.014500 0.064890
-2.017300 0.064766
-2.020000 0.064643
-2.022700 0.064521
-2.025600 0.064399
-2.028300 0.064278
-2.031100 0.064158
-2.034000 0.064039
-2.036900 0.063920
-2.039900 0.063801
-2.042900 0.063684
-2.045700 0.063566
-2.048600 0.063450
-2.051500 0.063333
-2.054600 0.063217
-2.057600 0.063102
-2.060600 0.062986
-2.063700 0.062871
-2.066800 0.062756
-2.070300 0.062642
-2.073500 0.062527
-2.077000 0.062413
-2.080300 0.062298
-2.083800 0.062183
-2.087500 0.062069
-2.090900 0.061954
-2.094400 0.061839
-2.097700 0.061724
-2.101300 0.061609
-2.104900 0.061493
-2.108700 0.061378
-2.112400 0.061261
-2.116500 0.061145
-2.120600 0.061028
-2.124300 0.060911
-2.128100 0.060794
-2.132300 0.060676
-2.136400 0.060558
-2.140600 0.060439
-2.144800 0.060320
-2.149400 0.060201
-2.154000 0.060081
-2.158400 0.059960
-2.163100 0.059840
-2.168100 0.059719
-2.173400 0.059597
-2.178200 0.059476
-2.183700 0.059353
-2.188800 0.059231
-2.194200 0.059108
-2.200000 0.058985
-2.206100 0.058861
-2.212000 0.058737
-2.218100 0.058613
-2.224200 0.058489
-2.230700 0.058365
-2.237400 0.058240
-2.244500 0.058115
-2.251500 0.057990
-2.259500 0.057865
-2.267600 0.057740
-2.275700 0.057615
-2.284000 0.057490
-2.292600 0.057365
-2.301700 0.057240
-2.311400 0.057114
-2.321100 0.056988
-2.343400 0.056862
-2.356200 0.056735
-2.369000 0.056609
-2.382200 0.056482
-2.398300 0.056356
-2.414100 0.056230
-2.432900 0.056104
-2.453700 0.055978
-2.475900 0.055853
-2.501500 0.055727
-2.528800 0.055602
-2.560400 0.055477
-2.598000 0.055353
-2.644500 0.055230
-2.784900 0.055107
-2.903200 0.054985
-3.090300 0.054863
-3.442300 0.054743
-6.098200 0.054624
-9.394600 0.054507
