5.133500 0.202743
4.076100 0.202743
3.539200 0.202743
2.938100 0.202743
2.779300 0.202743
2.629200 0.202742
2.517300 0.202740
2.422500 0.202715
2.336800 0.202468
2.255500 0.200000
2.190700 0.197532
2.136000 0.195792
2.028300 0.194420
1.986400 0.193278
1.947900 0.192296
1.913700 0.191432
1.881600 0.190660
1.853500 0.189961
1.823100 0.189321
1.796100 0.188733
1.772300 0.188188
1.748900 0.187680
1.727200 0.187203
1.704900 0.186751
1.686500 0.186323
1.665600 0.185916
1.648100 0.185528
1.632100 0.185159
1.614800 0.184808
1.599400 0.184473
1.584400 0.184153
1.557300 0.183848
1.528400 0.183557
1.515000 0.183275
1.500700 0.182994
1.488100 0.182716
1.477700 0.182443
1.453900 0.182177
1.444800 0.181917
1.436000 0.181664
1.427400 0.181419
1.417500 0.181181
1.408400 0.180950
1.399500 0.180726
1.381700 0.180509
1.374000 0.180300
1.366000 0.180097
1.357800 0.179900
1.341700 0.179711
1.335200 0.179527
1.320900 0.179350
1.314100 0.179178
1.308700 0.179013
1.302000 0.178853
1.288500 0.178698
1.283200 0.178548
1.277600 0.178404
1.271700 0.178264
1.266000 0.178130
1.260000 0.177842
1.249700 0.177583
1.244800 0.177343
1.239800 0.177118
1.234900 0.176906
1.230500 0.176704
1.225100 0.176513
1.220100 0.176330
1.215400 0.176154
1.210900 0.175986
1.206300 0.175824
1.201600 0.175668
1.196900 0.175518
1.192400 0.175373
1.188300 0.175234
1.184200 0.175098
1.180300 0.174968
1.175800 0.174841
1.171700 0.174719
1.167300 0.174600
1.163600 0.174485
1.159600 0.174374
1.151700 0.174265
1.148100 0.174160
1.144500 0.174058
1.141200 0.173960
1.137600 0.173864
1.134300 0.173771
1.130400 0.173681
1.127200 0.173594
1.123900 0.173510
1.117500 0.173428
1.114600 0.173349
1.111200 0.173272
1.108000 0.173197
1.104700 0.173125
1.101800 0.173054
1.095500 0.172986
1.089300 0.172919
1.086500 0.172855
1.083400 0.172791
1.080200 0.172730
1.077300 0.172670
1.071900 0.172612
1.068800 0.172555
1.066000 0.172499
1.063100 0.172445
1.060600 0.172391
1.057800 0.172341
1.055000 0.172293
1.052200 0.172248
1.049500 0.172204
1.046800 0.172163
1.041100 0.172123
1.038700 0.172085
1.036400 0.172049
1.034300 0.172014
1.031900 0.171981
1.029300 0.171948
1.026700 0.171917
1.024100 0.171887
1.021600 0.171858
1.019100 0.171830
1.016500 0.171802
1.014200 0.171776
1.011800 0.171750
1.009100 0.171725
1.006500 0.171700
1.004300 0.171675
1.001700 0.171651
0.999850 0.171628
0.997840 0.171604
0.995640 0.171581
0.993450 0.171558
0.991250 0.171536
0.988990 0.171513
0.986850 0.171490
0.984840 0.171467
0.983010 0.171444
0.980990 0.171421
0.978920 0.171397
0.977270 0.171374
0.975070 0.171350
0.973300 0.171325
0.971290 0.171300
0.969220 0.171275
0.967380 0.171249
0.963720 0.171223
0.959810 0.171196
0.957920 0.171168
0.956150 0.171140
0.952430 0.171111
0.950480 0.171081
0.948830 0.171051
0.945350 0.171019
0.943640 0.170987
0.941810 0.170954
0.940280 0.170919
0.938580 0.170884
0.936990 0.170848
0.935280 0.170810
0.931860 0.170772
0.930210 0.170732
0.928750 0.170691
0.926920 0.170648
0.925390 0.170605
0.923930 0.170560
0.922280 0.170514
0.920570 0.170466
0.919100 0.170417
0.917340 0.170366
0.915750 0.170314
0.914100 0.170261
0.912450 0.170206
0.910930 0.170150
0.909340 0.170092
0.907940 0.170032
0.906470 0.169971
0.904820 0.169909
0.895910 0.169844
0.887120 0.169779
0.878450 0.169711
0.870030 0.169642
0.862100 0.169571
0.854350 0.169499
0.846720 0.169425
0.839210 0.169350
0.831640 0.169272
0.824870 0.169193
0.817850 0.169113
0.811380 0.169030
0.804790 0.168946
0.798070 0.168861
0.791660 0.168773
0.785380 0.168684
0.779640 0.168594
0.773780 0.168501
0.767920 0.168407
0.762430 0.168312
0.756750 0.168214
0.751260 0.168115
0.746070 0.168015
0.740760 0.167912
0.735330 0.167809
0.725010 0.167703
0.720070 0.167596
0.715000 0.167487
0.710240 0.167377
0.705480 0.167265
0.700720 0.167152
0.696200 0.167037
0.691750 0.166920
0.687350 0.166802
0.682780 0.166683
0.678260 0.166562
0.673800 0.166439
0.665260 0.166315
0.661230 0.166190
0.657140 0.166063
0.653110 0.165935
0.648900 0.165806
0.644750 0.165675
0.641030 0.165543
0.637430 0.165409
0.633580 0.165274
0.625400 0.165138
0.621800 0.165001
0.618200 0.164863
0.614480 0.164723
0.610820 0.164582
0.607210 0.164440
0.603670 0.164297
0.600260 0.164152
0.596660 0.164007
0.592990 0.163861
0.585910 0.163713
0.582440 0.163565
0.578830 0.163415
0.575600 0.163265
0.572180 0.163113
0.568880 0.162961
0.565470 0.162808
0.562110 0.162654
0.555460 0.162499
0.552410 0.162343
0.548990 0.162187
0.545880 0.162029
0.542640 0.161871
0.539220 0.161712
0.536110 0.161553
0.533000 0.161393
0.529950 0.161232
0.526830 0.161071
0.523660 0.160908
0.520670 0.160746
0.517490 0.160583
0.514440 0.160419
0.511510 0.160255
0.508280 0.160090
0.505230 0.159925
0.502480 0.159759
0.496620 0.159593
0.493750 0.159426
0.491000 0.159259
0.488070 0.159092
0.485210 0.158924
0.482220 0.158756
0.479290 0.158588
0.473430 0.158420
0.470560 0.158251
0.467630 0.158082
0.464640 0.157912
0.461590 0.157743
0.458840 0.157573
0.455850 0.157403
0.452920 0.157233
0.450230 0.157063
0.447430 0.156893
0.444560 0.156722
0.441810 0.156552
0.439060 0.156381
0.436200 0.156210
0.433270 0.156039
0.430520 0.155869
0.427650 0.155698
0.424900 0.155527
0.422160 0.155356
0.419230 0.155185
0.416360 0.155015
0.413490 0.154844
0.410680 0.154673
0.407870 0.154502
0.405130 0.154332
0.402320 0.154161
0.399510 0.153991
0.396770 0.153821
0.393960 0.153650
0.391210 0.153480
0.388530 0.153310
0.385600 0.153140
0.382910 0.152970
0.380100 0.152801
0.377480 0.152631
0.374670 0.152462
0.372050 0.152293
0.369240 0.152124
0.366550 0.151955
0.363680 0.151786
0.360690 0.151618
0.357890 0.151449
0.352090 0.151281
0.349520 0.151113
0.346780 0.150945
0.343910 0.150778
0.341160 0.150610
0.338360 0.150443
0.335430 0.150276
0.332620 0.150109
0.329750 0.149942
0.326940 0.149776
0.324200 0.149609
0.321270 0.149443
0.318400 0.149277
0.315590 0.149112
0.312840 0.148946
0.310040 0.148780
0.307230 0.148615
0.304240 0.148450
0.301550 0.148285
0.298440 0.148120
0.295630 0.147956
0.292760 0.147791
0.289890 0.147627
0.287210 0.147463
0.284220 0.147299
0.281290 0.147135
0.278300 0.146972
0.275370 0.146808
0.269510 0.146645
0.266520 0.146481
0.263470 0.146318
0.260470 0.146155
0.257360 0.145992
0.254490 0.145829
0.251440 0.145667
0.248510 0.145504
0.245580 0.145341
0.242590 0.145179
0.239540 0.145017
0.236490 0.144854
0.233310 0.144692
0.230020 0.144530
0.226780 0.144368
0.223610 0.144205
0.220560 0.144043
0.217510 0.143881
0.214520 0.143719
0.211400 0.143557
0.208170 0.143395
0.204810 0.143233
0.201640 0.143071
0.198400 0.142909
0.194980 0.142746
0.191510 0.142584
0.184850 0.142422
0.181490 0.142260
0.178020 0.142097
0.174540 0.141935
0.171120 0.141772
0.167640 0.141609
0.164100 0.141447
0.160740 0.141284
0.157080 0.141122
0.149940 0.140959
0.146460 0.140796
0.142800 0.140633
0.139080 0.140470
0.135410 0.140307
0.131870 0.140144
0.127970 0.139981
0.124370 0.139818
0.120400 0.139654
0.116430 0.139491
0.112460 0.139327
0.108440 0.139163
0.104220 0.138999
0.100010 0.138835
0.095924 0.138670
0.091834 0.138506
0.083595 0.138341
0.079139 0.138176
0.074928 0.138011
0.070716 0.137846
0.066322 0.137680
0.061744 0.137514
0.057166 0.137348
0.052345 0.137182
0.047462 0.137015
0.042701 0.136849
0.037940 0.136681
0.033180 0.136514
0.027931 0.136346
0.022804 0.136178
0.017616 0.136010
0.012611 0.135841
0.007362 0.135672
0.001991 0.135502
-0.003625 0.135333
-0.009118 0.135162
-0.015099 0.134991
-0.020531 0.134820
-0.026391 0.134648
-0.032372 0.134476
-0.038659 0.134303
-0.045312 0.134129
-0.051598 0.133962
-0.057946 0.133796
-0.064599 0.133628
-0.071069 0.133461
-0.077905 0.133293
-0.085046 0.133124
-0.092370 0.132956
-0.099816 0.132786
-0.107810 0.132617
-0.115320 0.132447
-0.123560 0.132276
-0.132290 0.132106
-0.150170 0.131934
-0.159320 0.131763
-0.168730 0.131590
-0.177760 0.131418
-0.187830 0.131245
-0.198020 0.131071
-0.209010 0.130897
-0.219870 0.130723
-0.231840 0.130548
-0.244290 0.130373
-0.256550 0.130197
-0.270040 0.130021
-0.285180 0.129845
-0.300190 0.129669
-0.315760 0.129492
-0.331930 0.129314
-0.349880 0.129135
-0.369290 0.128956
-0.389920 0.128775
-0.411340 0.128594
-0.435330 0.128411
-0.460470 0.128228
-0.488610 0.128043
-0.524380 0.127857
-0.561240 0.127671
-0.606470 0.127482
-0.659260 0.127292
-0.723590 0.127101
-0.810330 0.126907
-0.919880 0.126712
-1.068600 0.126514
-1.289000 0.126313
-1.565600 0.126110
-2.501100 0.125904
-3.265600 0.125695
-5.290300 0.125483
-13.828000 0.125270
