5.454300 0.406955
2.599200 0.406955
1.240900 0.406955
0.986360 0.406955
0.974690 0.406955
0.857190 0.406955
0.815440 0.406955
0.757560 0.406955
0.642190 0.406955
0.426470 0.406955
0.426470 0.406954
0.418820 0.406948
0.370870 0.406886
0.321610 0.406260
0.171870 0.400000
0.126460 0.393740
0.082992 0.386440
0.043426 0.378527
0.007499 0.370384
-0.028069 0.362195
-0.060044 0.354123
-0.094079 0.346207
-0.125100 0.338420
-0.153090 0.330787
-0.181570 0.323349
-0.204610 0.316146
-0.229980 0.309207
-0.251450 0.302552
-0.272760 0.296200
-0.290810 0.289456
-0.307400 0.282795
-0.320620 0.276247
-0.335560 0.269854
-0.352790 0.263643
-0.368210 0.257628
-0.381580 0.251817
-0.395320 0.246217
-0.408420 0.240833
-0.421200 0.235665
-0.435820 0.230712
-0.463280 0.225968
-0.476540 0.221427
-0.489570 0.217093
-0.499270 0.212965
-0.509740 0.209046
-0.519080 0.205332
-0.538140 0.201819
-0.545960 0.198502
-0.554960 0.195374
-0.564030 0.192427
-0.573350 0.189653
-0.581670 0.187042
-0.588770 0.184588
-0.597630 0.182281
-0.605640 0.180112
-0.613850 0.178071
-0.635570 0.176150
-0.642090 0.174337
-0.649440 0.172623
-0.656760 0.171000
-0.664060 0.169458
-0.670320 0.167988
-0.676350 0.166581
-0.682680 0.165230
-0.687780 0.163927
-0.694260 0.162665
-0.699910 0.161437
-0.705540 0.160236
-0.711010 0.159058
-0.721690 0.157896
-0.727170 0.156747
-0.732300 0.155607
-0.736670 0.154471
-0.741870 0.153337
-0.747310 0.152201
-0.751930 0.151062
-0.756390 0.149918
-0.766140 0.148766
-0.771160 0.147607
-0.776460 0.146438
-0.781630 0.145260
-0.786720 0.144073
-0.791100 0.142875
-0.795340 0.141669
-0.799360 0.140454
-0.803610 0.139232
-0.807740 0.138003
-0.811470 0.136768
-0.816120 0.135529
-0.820080 0.134287
-0.824060 0.133043
-0.840400 0.131800
-0.844080 0.130559
-0.847780 0.129322
-0.851410 0.128090
-0.855490 0.126865
-0.859180 0.125650
-0.862730 0.124445
-0.865940 0.123253
-0.869410 0.122075
-0.873230 0.120914
-0.876580 0.119770
-0.880000 0.118646
-0.883320 0.117543
-0.886860 0.116461
-0.890170 0.115403
-0.893270 0.114369
-0.895780 0.113361
-0.899120 0.112378
-0.902100 0.111421
-0.905370 0.110490
-0.908570 0.109586
-0.911450 0.108709
-0.914530 0.107858
-0.917530 0.107034
-0.920420 0.106234
-0.922970 0.105460
-0.925750 0.104709
-0.928720 0.103982
-0.931700 0.103278
-0.934260 0.102594
-0.937040 0.101931
-0.939900 0.101287
-0.942780 0.100661
-0.945410 0.100051
-0.947950 0.099457
-0.952700 0.098878
-0.955070 0.098312
-0.957610 0.097757
-0.960320 0.097214
-0.962940 0.096680
-0.964910 0.096155
-0.967600 0.095637
-0.970050 0.095127
-0.972690 0.094623
-0.975230 0.094124
-0.978090 0.093630
-0.980510 0.093141
-0.984910 0.092656
-0.987080 0.092175
-0.989400 0.091697
-0.991690 0.091223
-0.993730 0.090753
-0.996030 0.090287
-0.998060 0.089825
-1.000100 0.089368
-1.002800 0.088915
-1.005300 0.088467
-1.007500 0.088025
-1.009500 0.087589
-1.011600 0.087159
-1.013300 0.086735
-1.015100 0.086319
-1.017300 0.085909
-1.019300 0.085507
-1.021200 0.085113
-1.023200 0.084727
-1.025100 0.084348
-1.027000 0.083977
-1.028900 0.083613
-1.030900 0.083257
-1.032900 0.082908
-1.034900 0.082565
-1.036800 0.082229
-1.038600 0.081898
-1.040400 0.081573
-1.042200 0.081252
-1.043900 0.080934
-1.045700 0.080620
-1.047800 0.080309
-1.049700 0.079999
-1.051500 0.079690
-1.053400 0.079381
-1.055200 0.079073
-1.056900 0.078763
-1.058900 0.078452
-1.060500 0.078139
-1.063700 0.077824
-1.065200 0.077506
-1.066900 0.077185
-1.068600 0.076862
-1.070400 0.076535
-1.080200 0.076205
-1.089600 0.075871
-1.098800 0.075535
-1.108100 0.075195
-1.116500 0.074853
-1.132300 0.074509
-1.148400 0.074162
-1.155700 0.073813
-1.162700 0.073462
-1.170300 0.073111
-1.177600 0.072758
-1.184100 0.072405
-1.197300 0.072052
-1.203300 0.071699
-1.209600 0.071346
-1.220900 0.070995
-1.226400 0.070645
-1.237700 0.070296
-1.242900 0.069949
-1.247900 0.069604
-1.252700 0.069262
-1.257500 0.068922
-1.262300 0.068584
-1.266900 0.068250
-1.271600 0.067918
-1.275900 0.067589
-1.280300 0.067263
-1.284800 0.066941
-1.293500 0.066621
-1.297500 0.066304
-1.301400 0.065990
-1.309500 0.065680
-1.316900 0.065372
-1.320700 0.065067
-1.324500 0.064764
-1.328100 0.064465
-1.331700 0.064168
-1.335300 0.063875
-1.338900 0.063583
-1.342300 0.063295
-1.345900 0.063009
-1.349300 0.062726
-1.352500 0.062445
-1.355800 0.062166
-1.359100 0.061891
-1.362300 0.061617
-1.365400 0.061346
-1.368600 0.061078
-1.371800 0.060812
-1.375000 0.060548
-1.378200 0.060286
-1.381200 0.060027
-1.384400 0.059770
-1.387300 0.059515
-1.390300 0.059262
-1.393200 0.059011
-1.396100 0.058763
-1.398900 0.058516
-1.401800 0.058272
-1.404600 0.058030
-1.407500 0.057790
-1.410200 0.057551
-1.412800 0.057315
-1.415300 0.057081
-1.418100 0.056848
-1.420600 0.056618
-1.423100 0.056389
-1.425700 0.056162
-1.428400 0.055937
-1.430900 0.055714
-1.433500 0.055492
-1.436000 0.055273
-1.438400 0.055055
-1.440900 0.054838
-1.443400 0.054624
-1.445800 0.054411
-1.448000 0.054200
-1.450300 0.053990
-1.452900 0.053782
-1.455100 0.053576
-1.457500 0.053371
-1.460000 0.053168
-1.462300 0.052966
-1.464500 0.052766
-1.466700 0.052567
-1.469100 0.052370
-1.471300 0.052175
-1.473600 0.051980
-1.476000 0.051788
-1.478100 0.051596
-1.484900 0.051406
-1.487100 0.051218
-1.489300 0.051031
-1.491500 0.050845
-1.493600 0.050660
-1.495800 0.050477
-1.498000 0.050296
-1.500100 0.050115
-1.502200 0.049936
-1.504400 0.049758
-1.506500 0.049581
-1.508700 0.049406
-1.513100 0.049232
-1.515100 0.049059
-1.517200 0.048887
-1.519300 0.048717
-1.521400 0.048548
-1.523300 0.048379
-1.525300 0.048213
-1.527300 0.048047
-1.529500 0.047882
-1.533600 0.047718
-1.535600 0.047556
-1.537700 0.047395
-1.539800 0.047234
-1.541800 0.047075
-1.543800 0.046917
-1.545900 0.046760
-1.548000 0.046604
-1.550000 0.046449
-1.554000 0.046295
-1.556100 0.046143
-1.558000 0.045991
-1.560000 0.045840
-1.562100 0.045690
-1.564000 0.045541
-1.566000 0.045393
-1.568100 0.045246
-1.570000 0.045100
-1.572000 0.044955
-1.573900 0.044811
-1.575900 0.044668
-1.578000 0.044525
-1.579800 0.044384
-1.582000 0.044243
-1.584000 0.044104
-1.586000 0.043965
-1.587900 0.043827
-1.589900 0.043690
-1.591800 0.043554
-1.593800 0.043419
-1.595800 0.043284
-1.597900 0.043150
-1.599800 0.043018
-1.601800 0.042886
-1.603800 0.042754
-1.605900 0.042624
-1.607800 0.042494
-1.609800 0.042366
-1.611700 0.042238
-1.613700 0.042110
-1.617700 0.041984
-1.619700 0.041858
-1.621700 0.041733
-1.623600 0.041609
-1.625600 0.041485
-1.627700 0.041363
-1.629700 0.041241
-1.631700 0.041119
-1.633800 0.040999
-1.635900 0.040879
-1.638000 0.040760
-1.641900 0.040641
-1.644000 0.040523
-1.646000 0.040406
-1.648000 0.040290
-1.650100 0.040174
-1.652000 0.040059
-1.654100 0.039944
-1.656300 0.039831
-1.658400 0.039717
-1.660500 0.039605
-1.662500 0.039493
-1.664600 0.039382
-1.666700 0.039271
-1.668900 0.039161
-1.670900 0.039052
-1.673100 0.038943
-1.675300 0.038835
-1.677400 0.038727
-1.679500 0.038620
-1.681700 0.038514
-1.683900 0.038408
-1.686100 0.038303
-1.688400 0.038198
-1.690500 0.038094
-1.692800 0.037990
-1.695000 0.037888
-1.697300 0.037785
-1.699500 0.037683
-1.701600 0.037582
-1.703900 0.037481
-1.706200 0.037381
-1.708600 0.037281
-1.713200 0.037182
-1.715600 0.037084
-1.720600 0.036986
-1.723000 0.036888
-1.725500 0.036791
-1.728000 0.036694
-1.730600 0.036598
-1.733100 0.036503
-1.735600 0.036408
-1.738200 0.036314
-1.740700 0.036220
-1.743400 0.036127
-1.745900 0.036034
-1.748500 0.035943
-1.751300 0.035852
-1.754200 0.035762
-1.756900 0.035673
-1.759800 0.035585
-1.762600 0.035499
-1.765300 0.035414
-1.768300 0.035330
-1.771100 0.035248
-1.774000 0.035168
-1.777000 0.035090
-1.779900 0.035014
-1.783000 0.034940
-1.786200 0.034869
-1.789500 0.034800
-1.792700 0.034734
-1.795900 0.034671
-1.799200 0.034610
-1.802700 0.034553
-1.805800 0.034499
-1.812400 0.034448
-1.816100 0.034400
-1.819600 0.034355
-1.823400 0.034313
-1.827200 0.034275
-1.830900 0.034240
-1.834800 0.034207
-1.838800 0.034178
-1.842700 0.034151
-1.846900 0.034127
-1.851200 0.034105
-1.855500 0.034085
-1.864100 0.034067
-1.868900 0.034051
-1.873300 0.034036
-1.878200 0.034021
-1.883200 0.034008
-1.888600 0.033995
-1.893600 0.033982
-1.898800 0.033969
-1.904200 0.033955
-1.910200 0.033940
-1.916300 0.033924
-1.928900 0.033907
-1.935300 0.033888
-1.942100 0.033868
-1.956900 0.033845
-1.964800 0.033821
-1.973100 0.033793
-1.981800 0.033764
-1.990900 0.033731
-2.000500 0.033696
-2.010900 0.033658
-2.022100 0.033617
-2.046300 0.033574
-2.059100 0.033528
-2.072800 0.033493
-2.088300 0.033453
-2.104400 0.033407
-2.121900 0.033357
-2.142300 0.033302
-2.164100 0.033243
-2.190000 0.033180
-2.221200 0.033114
-2.255900 0.033045
-2.366000 0.032973
-2.457500 0.032899
-2.589900 0.032825
-2.860800 0.032752
-4.334400 0.032680
