20.810000 0.411251
2.122700 0.411251
1.087500 0.411251
0.678570 0.411251
0.425580 0.411251
0.287090 0.411250
0.201030 0.411240
0.138680 0.411139
0.083965 0.410126
0.040569 0.400000
0.006297 0.389874
-0.023884 0.381691
-0.050343 0.374647
-0.071645 0.368382
-0.091847 0.362692
-0.111440 0.357471
-0.129930 0.352617
-0.145340 0.348048
-0.159720 0.343725
-0.173480 0.339628
-0.185510 0.335743
-0.197870 0.332060
-0.209310 0.328569
-0.220020 0.325223
-0.229670 0.321920
-0.238880 0.318690
-0.246850 0.315549
-0.255700 0.312505
-0.264610 0.309563
-0.272880 0.306723
-0.279810 0.303986
-0.287220 0.301353
-0.294450 0.298821
-0.301690 0.296389
-0.307210 0.294054
-0.313070 0.291814
-0.319230 0.289667
-0.325460 0.287613
-0.331010 0.285650
-0.336570 0.282747
-0.342240 0.280019
-0.348040 0.277431
-0.352830 0.274964
-0.362080 0.272605
-0.366410 0.270344
-0.370560 0.268174
-0.375260 0.266088
-0.379410 0.264081
-0.383440 0.262150
-0.387870 0.260291
-0.391870 0.258499
-0.399620 0.256772
-0.403030 0.255108
-0.410080 0.253506
-0.413530 0.251965
-0.417380 0.250483
-0.420520 0.249058
-0.423180 0.247689
-0.426290 0.246373
-0.429580 0.245109
-0.433000 0.243894
-0.436300 0.242726
-0.439410 0.241604
-0.442070 0.240526
-0.445120 0.239489
-0.448200 0.238492
-0.451190 0.237533
-0.454240 0.236630
-0.456840 0.235779
-0.461900 0.234977
-0.464590 0.234223
-0.467340 0.233514
-0.472070 0.232848
-0.474290 0.232223
-0.476610 0.231638
-0.478870 0.231089
-0.481160 0.230577
-0.483270 0.230099
-0.485650 0.229654
-0.487960 0.229241
-0.490070 0.228857
-0.491990 0.228502
-0.494070 0.228174
-0.496050 0.227871
-0.498040 0.227593
-0.500110 0.227338
-0.502430 0.227105
-0.504750 0.226892
-0.508810 0.226699
-0.510980 0.226524
-0.512720 0.226367
-0.514730 0.226225
-0.516650 0.226099
-0.518600 0.225986
-0.520340 0.225885
-0.522330 0.225795
-0.524430 0.225716
-0.526360 0.225645
-0.528070 0.225582
-0.529990 0.225525
-0.531820 0.225475
-0.533500 0.225430
-0.535210 0.225388
-0.536880 0.225350
-0.538720 0.225314
-0.543630 0.225280
-0.545310 0.225247
-0.546860 0.225214
-0.548360 0.225181
-0.549950 0.225147
-0.551440 0.225111
-0.552970 0.225074
-0.554770 0.225034
-0.556420 0.224991
-0.557940 0.224945
-0.559290 0.224895
-0.560720 0.224841
-0.562240 0.224782
-0.563710 0.224719
-0.565200 0.224651
-0.566550 0.224578
-0.568040 0.224500
-0.569720 0.224416
-0.571070 0.224327
-0.572500 0.224232
-0.573930 0.224132
-0.575430 0.224026
-0.576830 0.223914
-0.578170 0.223797
-0.579460 0.223674
-0.580710 0.223546
-0.582110 0.223413
-0.583550 0.223274
-0.584800 0.223129
-0.586170 0.222980
-0.587420 0.222826
-0.588610 0.222667
-0.589740 0.222504
-0.592060 0.222336
-0.593590 0.222164
-0.594990 0.221988
-0.596390 0.221808
-0.597580 0.221625
-0.598870 0.221438
-0.600120 0.221249
-0.601460 0.221056
-0.602590 0.220861
-0.603870 0.220663
-0.605300 0.220463
-0.606400 0.220262
-0.607650 0.220058
-0.608750 0.219854
-0.609940 0.219648
-0.611100 0.219440
-0.612080 0.219233
-0.613420 0.219024
-0.614550 0.218815
-0.615770 0.218606
-0.616900 0.218397
-0.618030 0.218188
-0.620290 0.217980
-0.621420 0.217772
-0.622430 0.217564
-0.623710 0.217358
-0.624840 0.217152
-0.627190 0.216948
-0.628260 0.216745
-0.629260 0.216543
-0.630300 0.216343
-0.631340 0.216144
-0.633530 0.215947
-0.634510 0.215751
-0.635520 0.215558
-0.636620 0.215366
-0.637500 0.215176
-0.638480 0.214988
-0.639550 0.214802
-0.640580 0.214618
-0.641770 0.214436
-0.642750 0.214256
-0.643700 0.214079
-0.644730 0.213903
-0.645680 0.213729
-0.646840 0.213557
-0.648850 0.213387
-0.649830 0.213219
-0.650650 0.213052
-0.651510 0.212888
-0.657950 0.212725
-0.663630 0.212564
-0.669120 0.212405
-0.679830 0.212247
-0.684990 0.212090
-0.690080 0.211935
-0.695330 0.211782
-0.700340 0.211629
-0.705070 0.211478
-0.710230 0.211327
-0.714960 0.211178
-0.719500 0.211029
-0.723740 0.210881
-0.727860 0.210734
-0.732170 0.210587
-0.736290 0.210440
-0.740440 0.210294
-0.744710 0.210149
-0.748860 0.210003
-0.752610 0.209857
-0.756580 0.209711
-0.760730 0.209565
-0.764580 0.209418
-0.768450 0.209272
-0.772360 0.209124
-0.776170 0.208976
-0.779740 0.208827
-0.787250 0.208677
-0.790940 0.208527
-0.794420 0.208375
-0.798090 0.208222
-0.804860 0.208068
-0.808120 0.207913
-0.811480 0.207756
-0.817800 0.207597
-0.821070 0.207437
-0.824270 0.207276
-0.827590 0.207112
-0.830680 0.206947
-0.833730 0.206780
-0.836870 0.206610
-0.839960 0.206439
-0.842910 0.206266
-0.845810 0.206090
-0.848680 0.205912
-0.851580 0.205732
-0.854540 0.205549
-0.857500 0.205364
-0.860620 0.205176
-0.863550 0.204986
-0.866540 0.204793
-0.869340 0.204597
-0.875200 0.204399
-0.878070 0.204198
-0.880820 0.203995
-0.883600 0.203788
-0.886340 0.203579
-0.889030 0.203366
-0.891680 0.203151
-0.894430 0.202933
-0.897120 0.202712
-0.899680 0.202488
-0.902460 0.202261
-0.907610 0.202031
-0.910120 0.201798
-0.912800 0.201562
-0.915430 0.201323
-0.918050 0.201081
-0.920550 0.200836
-0.923180 0.200588
-0.925650 0.200336
-0.928210 0.200082
-0.930650 0.199825
-0.933190 0.199565
-0.935870 0.199302
-0.938440 0.199035
-0.941090 0.198766
-0.943680 0.198494
-0.946250 0.198219
-0.948720 0.197941
-0.951190 0.197660
-0.953760 0.197377
-0.956320 0.197090
-0.958910 0.196801
-0.961480 0.196509
-0.964040 0.196214
-0.966510 0.195917
-0.969040 0.195616
-0.971490 0.195314
-0.974020 0.195008
-0.976550 0.194701
-0.979080 0.194390
-0.981500 0.194078
-0.984030 0.193762
-0.986470 0.193445
-0.989060 0.193125
-0.991540 0.192803
-0.994010 0.192479
-0.996630 0.192152
-0.999100 0.191824
-1.001700 0.191493
-1.004100 0.191161
-1.006500 0.190826
-1.008900 0.190490
-1.011300 0.190152
-1.013800 0.189812
-1.016300 0.189470
-1.018600 0.189126
-1.021300 0.188781
-1.023700 0.188435
-1.026200 0.188087
-1.028800 0.187737
-1.033900 0.187387
-1.036300 0.187034
-1.038800 0.186681
-1.041300 0.186326
-1.043800 0.185971
-1.046400 0.185614
-1.048900 0.185256
-1.051300 0.184897
-1.053900 0.184537
-1.056300 0.184176
-1.058800 0.183815
-1.061300 0.183453
-1.063800 0.183090
-1.066300 0.182726
-1.068800 0.182362
-1.071400 0.181998
-1.073800 0.181632
-1.076300 0.181267
-1.078900 0.180901
-1.081300 0.180535
-1.083900 0.180168
-1.086300 0.179802
-1.088900 0.179435
-1.091400 0.179068
-1.093900 0.178701
-1.096300 0.178334
-1.098900 0.177967
-1.101400 0.177600
-1.104000 0.177233
-1.106500 0.176866
-1.109000 0.176500
-1.111700 0.176134
-1.114500 0.175768
-1.117200 0.175403
-1.119800 0.175038
-1.122500 0.174673
-1.125300 0.174309
-1.127900 0.173946
-1.130600 0.173583
-1.133300 0.173221
-1.138600 0.172859
-1.141400 0.172499
-1.144300 0.172139
-1.147100 0.171779
-1.150000 0.171421
-1.155300 0.171063
-1.158100 0.170707
-1.160900 0.170351
-1.163900 0.169997
-1.169400 0.169643
-1.172300 0.169291
-1.175100 0.168939
-1.178100 0.168589
-1.181000 0.168240
-1.184100 0.167892
-1.187000 0.167546
-1.190000 0.167201
-1.193200 0.166857
-1.199500 0.166514
-1.202500 0.166173
-1.205700 0.165834
-1.208900 0.165495
-1.212000 0.165159
-1.215200 0.164824
-1.218300 0.164490
-1.221500 0.164158
-1.224900 0.163827
-1.228100 0.163499
-1.231500 0.163172
-1.234900 0.162846
-1.238400 0.162522
-1.241700 0.162200
-1.245200 0.161880
-1.248600 0.161562
-1.252000 0.161245
-1.255600 0.160930
-1.259200 0.160617
-1.262800 0.160306
-1.266400 0.159997
-1.270000 0.159690
-1.273700 0.159385
-1.277500 0.159081
-1.281500 0.158780
-1.285400 0.158480
-1.289100 0.158182
-1.292900 0.157887
-1.296900 0.157593
-1.301100 0.157301
-1.305000 0.157012
-1.309000 0.156724
-1.313000 0.156438
-1.321500 0.156155
-1.330100 0.155873
-1.334900 0.155593
-1.339500 0.155315
-1.344200 0.155040
-1.349100 0.154766
-1.353800 0.154494
-1.358600 0.154224
-1.363500 0.153957
-1.368700 0.153691
-1.373800 0.153427
-1.378700 0.153165
-1.384200 0.152905
-1.389400 0.152646
-1.395000 0.152390
-1.400700 0.152136
-1.406600 0.151883
-1.412600 0.151633
-1.418500 0.151384
-1.424600 0.151137
-1.430600 0.150891
-1.436900 0.150647
-1.443300 0.150405
-1.449900 0.150164
-1.456800 0.149926
-1.463900 0.149688
-1.470900 0.149453
-1.485300 0.149219
-1.493400 0.148986
-1.501100 0.148755
-1.517300 0.148526
-1.525600 0.148298
-1.534800 0.148072
-1.543300 0.147847
-1.552900 0.147623
-1.562900 0.147401
-1.572700 0.147181
-1.582100 0.146962
-1.605400 0.146744
-1.617000 0.146528
-1.629600 0.146313
-1.641600 0.146099
-1.655000 0.145887
-1.669100 0.145676
-1.684100 0.145467
-1.699900 0.145248
-1.732900 0.145030
-1.750800 0.144815
-1.788700 0.144601
-1.809100 0.144389
-1.831000 0.144179
-1.853800 0.143971
-1.879100 0.143764
-1.904700 0.143558
-1.933600 0.143354
-1.963400 0.143152
-1.996500 0.142950
-2.030700 0.142750
-2.066900 0.142551
-2.148100 0.142353
-2.195300 0.142156
-2.247800 0.141960
-2.304100 0.141766
-2.365700 0.141573
-2.430900 0.141383
-2.596800 0.141194
-3.119700 0.141006
-3.340400 0.140820
-3.634400 0.140636
-4.128700 0.140455
-5.083900 0.140276
-8.585000 0.140101
-15.031000 0.139933
-16.543000 0.139780
