41.237000 0.031630
12.357000 0.031630
12.073000 0.031630
12.050000 0.031630
11.529000 0.031630
11.438000 0.031630
10.788000 0.031630
6.403400 0.031630
5.267400 0.031630
3.876900 0.031630
3.011200 0.031630
1.740900 0.031630
1.232400 0.031630
1.031600 0.031630
0.878420 0.031630
0.747500 0.031630
0.607450 0.031630
0.479690 0.031630
0.353930 0.031630
0.245130 0.031630
0.132840 0.031630
0.033339 0.031630
-0.059267 0.031630
-0.137990 0.031630
-0.215560 0.031630
-0.290790 0.031630
-0.365680 0.031630
-0.437070 0.031630
-0.554780 0.031630
-0.606950 0.031630
-0.663210 0.031630
-0.715580 0.031630
-0.769650 0.031630
-0.818070 0.031630
-0.863250 0.031630
-0.917510 0.031630
-0.959990 0.031630
-0.996960 0.031630
-1.068100 0.031630
-1.100000 0.031630
-1.131500 0.031630
-1.181800 0.031630
-1.202700 0.031630
-1.220300 0.031630
-1.239700 0.031630
-1.274000 0.031630
-1.288600 0.031630
-1.304100 0.031630
-1.316700 0.031630
-1.331700 0.031630
-1.342700 0.031630
-1.354400 0.031630
-1.375900 0.031630
-1.385800 0.031630
-1.395300 0.031630
-1.405000 0.031630
-1.414300 0.031630
-1.423100 0.031630
-1.432500 0.031630
-1.441200 0.031630
-1.447900 0.031630
-1.455300 0.031630
-1.470700 0.031630
-1.490000 0.031630
-1.495700 0.031630
-1.501600 0.031630
-1.507400 0.031630
-1.513100 0.031630
-1.524100 0.031630
-1.535300 0.031630
-1.540100 0.031630
-1.545000 0.031630
-1.549800 0.031630
-1.554000 0.031630
-1.562900 0.031630
-1.567600 0.031630
-1.572200 0.031630
-1.576400 0.031630
-1.580600 0.031630
-1.584200 0.031630
-1.587500 0.031630
-1.591800 0.031630
-1.595800 0.031630
-1.599400 0.031630
-1.602300 0.031630
-1.605800 0.031630
-1.609000 0.031630
-1.612200 0.031630
-1.619800 0.031630
-1.622900 0.031630
-1.630300 0.031630
-1.633300 0.031630
-1.636200 0.031629
-1.639600 0.031625
-1.642700 0.031579
-1.645800 0.031533
-1.648800 0.031492
-1.651600 0.031453
-1.654800 0.031416
-1.657700 0.031380
-1.660400 0.031346
-1.662800 0.031312
-1.665600 0.031279
-1.668200 0.031247
-1.670600 0.031215
-1.673300 0.031184
-1.675800 0.031154
-1.678200 0.031123
-1.680500 0.031093
-1.682600 0.031064
-1.684700 0.031035
-1.687100 0.031006
-1.689500 0.030977
-1.691600 0.030948
-1.696300 0.030920
-1.698200 0.030892
-1.700600 0.030864
-1.702500 0.030837
-1.704600 0.030809
-1.706600 0.030782
-1.708700 0.030755
-1.711300 0.030728
-1.713300 0.030701
-1.715100 0.030675
-1.717100 0.030648
-1.719200 0.030622
-1.720800 0.030596
-1.722300 0.030569
-1.724300 0.030543
-1.726200 0.030517
-1.728100 0.030492
-1.730000 0.030466
-1.732000 0.030440
-1.733900 0.030415
-1.735700 0.030389
-1.737300 0.030364
-1.739200 0.030339
-1.741000 0.030313
-1.742700 0.030288
-1.746200 0.030263
-1.747800 0.030238
-1.751000 0.030213
-1.752800 0.030189
-1.754500 0.030164
-1.756100 0.030139
-1.757800 0.030115
-1.759200 0.030090
-1.760800 0.030066
-1.762200 0.030042
-1.763800 0.030017
-1.765100 0.029993
-1.768100 0.029969
-1.769600 0.029945
-1.770900 0.029921
-1.772200 0.029896
-1.773800 0.029872
-1.775300 0.029848
-1.776500 0.029824
-1.778000 0.029800
-1.779600 0.029776
-1.780900 0.029752
-1.782300 0.029728
-1.783600 0.029705
-1.785200 0.029681
-1.786600 0.029657
-1.788000 0.029633
-1.789400 0.029610
-1.790900 0.029586
-1.792200 0.029562
-1.796600 0.029539
-1.798000 0.029515
-1.799300 0.029492
-1.800400 0.029468
-1.801700 0.029445
-1.803000 0.029422
-1.811200 0.029399
-1.818600 0.029375
-1.825500 0.029352
-1.832600 0.029329
-1.839300 0.029306
-1.845500 0.029283
-1.851700 0.029260
-1.858100 0.029237
-1.864200 0.029214
-1.875700 0.029191
-1.881300 0.029168
-1.886700 0.029146
-1.891900 0.029123
-1.897000 0.029100
-1.902400 0.029078
-1.907000 0.029055
-1.911800 0.029033
-1.916400 0.029010
-1.921200 0.028988
-1.925900 0.028965
-1.930300 0.028943
-1.934800 0.028921
-1.939000 0.028898
-1.943000 0.028876
-1.947500 0.028854
-1.951800 0.028832
-1.955700 0.028810
-1.959700 0.028788
-1.963700 0.028766
-1.967400 0.028744
-1.971300 0.028722
-1.975200 0.028700
-1.979100 0.028676
-1.982900 0.028653
-1.986600 0.028629
-1.990300 0.028606
-1.993900 0.028582
-1.997300 0.028559
-2.000900 0.028536
-2.004200 0.028513
-2.007700 0.028490
-2.010900 0.028467
-2.014200 0.028444
-2.017400 0.028421
-2.020700 0.028398
-2.024000 0.028376
-2.027100 0.028353
-2.030300 0.028330
-2.033500 0.028308
-2.036700 0.028285
-2.039800 0.028263
-2.042900 0.028240
-2.045800 0.028218
-2.048700 0.028195
-2.051700 0.028173
-2.054700 0.028151
-2.057500 0.028129
-2.060300 0.028107
-2.063200 0.028084
-2.066200 0.028062
-2.069100 0.028040
-2.072000 0.028018
-2.074700 0.027996
-2.077500 0.027974
-2.080200 0.027953
-2.083100 0.027931
-2.085700 0.027909
-2.090900 0.027887
-2.093600 0.027865
-2.098800 0.027844
-2.101400 0.027822
-2.106600 0.027800
-2.109100 0.027779
-2.111500 0.027757
-2.114000 0.027736
-2.119000 0.027714
-2.121500 0.027693
-2.124000 0.027671
-2.126500 0.027650
-2.129000 0.027628
-2.131400 0.027607
-2.136200 0.027586
-2.138700 0.027564
-2.141100 0.027543
-2.143400 0.027522
-2.145600 0.027501
-2.148200 0.027479
-2.150600 0.027458
-2.153000 0.027437
-2.155400 0.027416
-2.157800 0.027395
-2.160200 0.027374
-2.162500 0.027353
-2.164800 0.027332
-2.167000 0.027311
-2.169500 0.027290
-2.171900 0.027269
-2.174200 0.027248
-2.176400 0.027228
-2.178700 0.027207
-2.180900 0.027186
-2.185500 0.027165
-2.187900 0.027145
-2.190100 0.027124
-2.192300 0.027103
-2.194500 0.027083
-2.196800 0.027062
-2.201200 0.027042
-2.203400 0.027021
-2.205700 0.027000
-2.208000 0.026980
-2.210100 0.026960
-2.212400 0.026939
-2.214600 0.026919
-2.219000 0.026899
-2.221300 0.026878
-2.223400 0.026858
-2.225600 0.026838
-2.227900 0.026817
-2.230000 0.026797
-2.234400 0.026777
-2.236600 0.026757
-2.238700 0.026737
-2.240900 0.026717
-2.245300 0.026697
-2.247600 0.026677
-2.249900 0.026657
-2.252000 0.026637
-2.254200 0.026617
-2.256400 0.026597
-2.258600 0.026577
-2.260700 0.026557
-2.262700 0.026538
-2.264900 0.026518
-2.267000 0.026498
-2.269200 0.026478
-2.271500 0.026459
-2.273600 0.026439
-2.275800 0.026419
-2.278000 0.026400
-2.280100 0.026380
-2.282300 0.026361
-2.284500 0.026341
-2.286600 0.026322
-2.289000 0.026303
-2.291000 0.026283
-2.293300 0.026264
-2.297500 0.026245
-2.299900 0.026226
-2.302000 0.026206
-2.306400 0.026187
-2.308500 0.026168
-2.310900 0.026149
-2.313100 0.026130
-2.315300 0.026111
-2.317600 0.026093
-2.319900 0.026074
-2.322300 0.026055
-2.324500 0.026036
-2.326900 0.026018
-2.329200 0.025999
-2.331500 0.025981
-2.334100 0.025962
-2.336300 0.025944
-2.338700 0.025925
-2.340900 0.025907
-2.343300 0.025889
-2.345700 0.025871
-2.348100 0.025853
-2.350400 0.025835
-2.352800 0.025817
-2.355200 0.025797
-2.357500 0.025778
-2.359800 0.025758
-2.362300 0.025738
-2.364600 0.025719
-2.367000 0.025700
-2.369400 0.025680
-2.371900 0.025661
-2.374300 0.025642
-2.376900 0.025623
-2.379300 0.025603
-2.381700 0.025584
-2.384000 0.025565
-2.386800 0.025546
-2.389200 0.025527
-2.391700 0.025508
-2.394300 0.025489
-2.396900 0.025470
-2.399400 0.025452
-2.402000 0.025433
-2.404600 0.025414
-2.407400 0.025395
-2.410000 0.025377
-2.412700 0.025358
-2.415400 0.025340
-2.418100 0.025321
-2.420900 0.025303
-2.423700 0.025284
-2.426500 0.025266
-2.429300 0.025248
-2.432200 0.025229
-2.435000 0.025211
-2.437900 0.025193
-2.440900 0.025175
-2.443800 0.025157
-2.446800 0.025139
-2.449700 0.025121
-2.452700 0.025103
-2.455800 0.025085
-2.458900 0.025067
-2.461900 0.025049
-2.465300 0.025031
-2.468500 0.025013
-2.471600 0.024996
-2.474900 0.024978
-2.478200 0.024960
-2.481600 0.024943
-2.488200 0.024925
-2.491600 0.024908
-2.495100 0.024890
-2.498600 0.024873
-2.502300 0.024855
-2.505900 0.024838
-2.509700 0.024821
-2.513600 0.024803
-2.517400 0.024786
-2.521400 0.024769
-2.525400 0.024751
-2.529400 0.024734
-2.533500 0.024717
-2.537500 0.024700
-2.541800 0.024683
-2.546000 0.024666
-2.550700 0.024649
-2.555100 0.024632
-2.559500 0.024616
-2.564100 0.024599
-2.569200 0.024582
-2.574100 0.024566
-2.579100 0.024550
-2.584300 0.024533
-2.589700 0.024517
-2.595300 0.024501
-2.601000 0.024485
-2.606700 0.024469
-2.612800 0.024453
-2.618700 0.024437
-2.625100 0.024421
-2.631600 0.024406
-2.645600 0.024390
-2.653000 0.024375
-2.660600 0.024360
-2.676100 0.024344
-2.684200 0.024329
-2.692800 0.024314
-2.701900 0.024300
-2.711400 0.024285
-2.721700 0.024270
-2.732400 0.024256
-2.744100 0.024242
-2.757000 0.024228
-2.770200 0.024214
-2.783200 0.024200
-2.798300 0.024187
-2.814300 0.024174
-2.832200 0.024161
-2.851100 0.024148
-2.873000 0.024136
-2.896000 0.024123
-2.922200 0.024112
-2.950800 0.024100
-2.983700 0.024089
-3.021300 0.024078
-3.065200 0.024068
-3.114800 0.024058
-3.174900 0.024049
-3.325300 0.024041
-3.426900 0.024033
-3.559300 0.024026
-3.749100 0.024021
-4.158400 0.024018
-11.309000 0.024017
