28.098000 0.002571
0.957520 0.002571
0.501940 0.002571
0.316270 0.002571
0.209400 0.002571
0.146940 0.002571
0.093876 0.002571
0.051476 0.002571
0.018326 0.002571
-0.009689 0.002571
-0.032428 0.002571
-0.059746 0.002571
-0.080845 0.002571
-0.096309 0.002571
-0.111680 0.002571
-0.125670 0.002571
-0.136640 0.002571
-0.147690 0.002571
-0.157200 0.002571
-0.167500 0.002571
-0.176180 0.002571
-0.185060 0.002571
-0.192540 0.002571
-0.199550 0.002571
-0.206850 0.002571
-0.212710 0.002571
-0.218550 0.002571
-0.224570 0.002571
-0.235720 0.002571
-0.240520 0.002571
-0.245050 0.002571
-0.249900 0.002571
-0.254410 0.002571
-0.258740 0.002571
-0.267930 0.002571
-0.271380 0.002571
-0.275010 0.002571
-0.279070 0.002571
-0.282170 0.002571
-0.285780 0.002571
-0.289600 0.002571
-0.292710 0.002571
-0.295910 0.002571
-0.298320 0.002571
-0.300900 0.002571
-0.303360 0.002571
-0.306150 0.002571
-0.308780 0.002571
-0.310920 0.002571
-0.316750 0.002571
-0.319030 0.002571
-0.321640 0.002571
-0.323940 0.002571
-0.328810 0.002571
-0.331270 0.002571
-0.333480 0.002571
-0.335800 0.002571
-0.337790 0.002571
-0.339640 0.002571
-0.341610 0.002571
-0.343220 0.002571
-0.345110 0.002571
-0.352900 0.002571
-0.355000 0.002571
-0.356670 0.002571
-0.358280 0.002571
-0.360040 0.002571
-0.361620 0.002571
-0.363300 0.002571
-0.364850 0.002571
-0.366380 0.002571
-0.367680 0.002571
-0.368980 0.002571
-0.370760 0.002571
-0.372360 0.002571
-0.373710 0.002571
-0.375030 0.002571
-0.376620 0.002571
-0.377980 0.002571
-0.379290 0.002571
-0.380860 0.002571
-0.382460 0.002571
-0.385150 0.002571
-0.386460 0.002571
-0.387820 0.002571
-0.389190 0.002571
-0.390500 0.002571
-0.391660 0.002571
-0.392940 0.002571
-0.394350 0.002571
-0.395630 0.002571
-0.396850 0.002571
-0.398000 0.002571
-0.399370 0.002571
-0.400520 0.002571
-0.401730 0.002571
-0.402940 0.002571
-0.403930 0.002571
-0.405220 0.002571
-0.406410 0.002571
-0.407660 0.002571
-0.408580 0.002571
-0.409680 0.002571
-0.410580 0.002571
-0.411530 0.002571
-0.412550 0.002571
-0.413630 0.002571
-0.414680 0.002571
-0.415730 0.002571
-0.416790 0.002571
-0.417820 0.002571
-0.418770 0.002571
-0.419810 0.002571
-0.420760 0.002571
-0.421600 0.002571
-0.422560 0.002571
-0.423500 0.002571
-0.424490 0.002571
-0.425410 0.002571
-0.426400 0.002571
-0.427340 0.002571
-0.428230 0.002571
-0.429050 0.002571
-0.429910 0.002571
-0.430680 0.002571
-0.431610 0.002571
-0.432450 0.002571
-0.433290 0.002571
-0.434050 0.002571
-0.434870 0.002571
-0.435590 0.002571
-0.436610 0.002571
-0.437450 0.002571
-0.438390 0.002571
-0.439160 0.002571
-0.440770 0.002571
-0.441580 0.002571
-0.442440 0.002571
-0.443260 0.002571
-0.444700 0.002571
-0.445480 0.002571
-0.446290 0.002571
-0.447860 0.002571
-0.448500 0.002571
-0.449300 0.002571
-0.450070 0.002571
-0.450830 0.002571
-0.451550 0.002571
-0.452270 0.002571
-0.452990 0.002571
-0.453710 0.002571
-0.454450 0.002571
-0.455230 0.002571
-0.455980 0.002571
-0.456730 0.002571
-0.457520 0.002571
-0.458250 0.002571
-0.459660 0.002571
-0.460300 0.002571
-0.460950 0.002571
-0.461750 0.002571
-0.462410 0.002571
-0.463050 0.002571
-0.463730 0.002571
-0.464460 0.002571
-0.465130 0.002571
-0.465780 0.002571
-0.466450 0.002571
-0.467060 0.002571
-0.467730 0.002571
-0.468340 0.002571
-0.469150 0.002571
-0.469780 0.002571
-0.470320 0.002571
-0.470990 0.002571
-0.471650 0.002571
-0.472320 0.002571
-0.472890 0.002571
-0.473440 0.002571
-0.474070 0.002571
-0.474700 0.002571
-0.475280 0.002571
-0.475920 0.002571
-0.476540 0.002571
-0.477230 0.002571
-0.477830 0.002571
-0.478510 0.002571
-0.479120 0.002571
-0.479790 0.002571
-0.483260 0.002571
-0.486540 0.002571
-0.489950 0.002571
-0.493200 0.002571
-0.496250 0.002571
-0.499070 0.002571
-0.501990 0.002571
-0.504870 0.002571
-0.507810 0.002571
-0.510420 0.002571
-0.513230 0.002571
-0.515910 0.002571
-0.518560 0.002571
-0.521190 0.002571
-0.523650 0.002571
-0.528550 0.002571
-0.530990 0.002571
-0.533290 0.002571
-0.535580 0.002571
-0.537860 0.002571
-0.540090 0.002571
-0.542370 0.002571
-0.544660 0.002571
-0.546850 0.002571
-0.548900 0.002571
-0.550990 0.002571
-0.553010 0.002571
-0.555110 0.002571
-0.557250 0.002571
-0.559330 0.002571
-0.561370 0.002571
-0.563380 0.002571
-0.565320 0.002571
-0.567170 0.002571
-0.569050 0.002571
-0.570860 0.002571
-0.572670 0.002571
-0.574470 0.002571
-0.576270 0.002571
-0.578080 0.002571
-0.579770 0.002571
-0.581490 0.002571
-0.583260 0.002571
-0.584920 0.002571
-0.586590 0.002571
-0.588250 0.002571
-0.589990 0.002571
-0.591620 0.002571
-0.593330 0.002571
-0.595000 0.002571
-0.596570 0.002571
-0.598050 0.002571
-0.599630 0.002571
-0.601230 0.002571
-0.602820 0.002571
-0.604320 0.002571
-0.607490 0.002571
-0.608980 0.002571
-0.610490 0.002571
-0.611960 0.002571
-0.613460 0.002571
-0.615020 0.002571
-0.616540 0.002571
-0.617920 0.002571
-0.619310 0.002571
-0.620720 0.002571
-0.622180 0.002571
-0.623660 0.002571
-0.625070 0.002571
-0.626530 0.002571
-0.627950 0.002571
-0.629380 0.002571
-0.630800 0.002571
-0.632120 0.002571
-0.633510 0.002571
-0.634880 0.002571
-0.636310 0.002571
-0.637780 0.002571
-0.639180 0.002571
-0.640480 0.002571
-0.641840 0.002571
-0.643210 0.002571
-0.644600 0.002571
-0.645830 0.002571
-0.647200 0.002571
-0.648570 0.002571
-0.649940 0.002571
-0.652660 0.002571
-0.653930 0.002571
-0.655240 0.002571
-0.656620 0.002571
-0.657910 0.002571
-0.659260 0.002571
-0.660550 0.002571
-0.661810 0.002571
-0.663080 0.002571
-0.664410 0.002571
-0.665640 0.002571
-0.668280 0.002571
-0.669540 0.002571
-0.670810 0.002571
-0.672010 0.002571
-0.673330 0.002571
-0.674580 0.002571
-0.675850 0.002571
-0.677090 0.002571
-0.678400 0.002571
-0.680910 0.002571
-0.682150 0.002571
-0.683440 0.002571
-0.684720 0.002571
-0.686020 0.002571
-0.687270 0.002571
-0.688510 0.002571
-0.689750 0.002571
-0.692260 0.002571
-0.693430 0.002571
-0.694720 0.002571
-0.695960 0.002571
-0.697270 0.002571
-0.698530 0.002571
-0.699700 0.002571
-0.701010 0.002571
-0.702270 0.002571
-0.703470 0.002571
-0.704720 0.002571
-0.705990 0.002571
-0.707250 0.002571
-0.708470 0.002571
-0.709730 0.002571
-0.710950 0.002571
-0.712160 0.002571
-0.713450 0.002571
-0.714780 0.002571
-0.716010 0.002571
-0.717280 0.002571
-0.718520 0.002571
-0.719810 0.002571
-0.721110 0.002571
-0.722400 0.002571
-0.723740 0.002571
-0.725080 0.002571
-0.726320 0.002571
-0.727710 0.002571
-0.729070 0.002571
-0.730380 0.002571
-0.731770 0.002571
-0.733110 0.002571
-0.734410 0.002571
-0.736990 0.002571
-0.738350 0.002571
-0.739710 0.002571
-0.741000 0.002571
-0.742330 0.002571
-0.744910 0.002571
-0.746210 0.002571
-0.747520 0.002571
-0.748840 0.002571
-0.750130 0.002571
-0.751570 0.002571
-0.752910 0.002571
-0.754300 0.002571
-0.755600 0.002571
-0.757000 0.002571
-0.758370 0.002571
-0.759680 0.002571
-0.761120 0.002571
-0.762450 0.002571
-0.763860 0.002571
-0.765250 0.002571
-0.766650 0.002571
-0.767990 0.002571
-0.769420 0.002571
-0.770850 0.002571
-0.772330 0.002571
-0.773820 0.002571
-0.775260 0.002571
-0.776760 0.002571
-0.781120 0.002571
-0.782640 0.002571
-0.785720 0.002571
-0.787330 0.002571
-0.788940 0.002571
-0.790550 0.002571
-0.792060 0.002571
-0.793660 0.002571
-0.795250 0.002571
-0.796830 0.002571
-0.798360 0.002571
-0.799890 0.002571
-0.801490 0.002571
-0.803140 0.002571
-0.804720 0.002571
-0.806450 0.002571
-0.808090 0.002571
-0.809670 0.002571
-0.811290 0.002571
-0.813050 0.002571
-0.814750 0.002571
-0.816510 0.002571
-0.818290 0.002564
-0.821770 0.002558
-0.823570 0.002551
-0.825300 0.002545
-0.827160 0.002538
-0.829070 0.002532
-0.831000 0.002525
-0.832920 0.002519
-0.834800 0.002513
-0.836770 0.002506
-0.838660 0.002500
-0.840530 0.002494
-0.842640 0.002488
-0.844730 0.002481
-0.846760 0.002475
-0.848760 0.002469
-0.850810 0.002463
-0.852970 0.002457
-0.855180 0.002451
-0.862010 0.002445
-0.864360 0.002439
-0.866840 0.002433
-0.869370 0.002427
-0.871910 0.002421
-0.874360 0.002415
-0.876880 0.002410
-0.879410 0.002404
-0.882040 0.002398
-0.884560 0.002392
-0.887330 0.002387
-0.890160 0.002381
-0.892980 0.002375
-0.895930 0.002370
-0.898740 0.002364
-0.901560 0.002359
-0.904420 0.002353
-0.907530 0.002347
-0.910730 0.002342
-0.914030 0.002336
-0.917190 0.002331
-0.920500 0.002326
-0.923940 0.002320
-0.927410 0.002315
-0.934620 0.002310
-0.938590 0.002304
-0.942300 0.002299
-0.946250 0.002294
-0.950260 0.002288
-0.954640 0.002283
-0.959040 0.002278
-0.963640 0.002273
-0.968560 0.002268
-0.973380 0.002262
-0.978620 0.002257
-0.983680 0.002252
-0.988890 0.002247
-0.994080 0.002242
-0.999910 0.002237
-1.012400 0.002232
-1.019100 0.002227
-1.026000 0.002222
-1.033400 0.002217
-1.041800 0.002212
-1.049600 0.002208
-1.058500 0.002203
-1.068000 0.002198
-1.078300 0.002193
-1.101900 0.002188
-1.116500 0.002183
-1.131400 0.002179
-1.147600 0.002174
-1.165900 0.002169
-1.187100 0.002165
-1.211400 0.002160
-1.243100 0.002155
-1.280600 0.002151
-1.328400 0.002146
-1.390900 0.002141
-1.483900 0.002137
-1.663900 0.002132
-3.680200 0.002128
-4.639000 0.002123
