51.539000 0.202336
0.642110 0.202336
-0.483870 0.202336
-0.644440 0.202336
-0.738270 0.202336
-0.879080 0.202336
-0.920580 0.202336
-0.961840 0.202336
-0.995900 0.202336
-1.029300 0.202336
-1.058400 0.202336
-1.084900 0.202336
-1.109100 0.202336
-1.129600 0.202336
-1.148100 0.202336
-1.178500 0.202336
-1.191200 0.202334
-1.206200 0.202313
-1.219600 0.202102
-1.230700 0.200000
-1.240700 0.197898
-1.250800 0.196294
-1.260500 0.194948
-1.269500 0.193767
-1.276800 0.192701
-1.284800 0.191724
-1.291600 0.190815
-1.298600 0.189963
-1.306200 0.189156
-1.312900 0.188389
-1.319000 0.187657
-1.324800 0.186957
-1.330600 0.186283
-1.335800 0.185631
-1.341200 0.184999
-1.346800 0.184385
-1.351900 0.183788
-1.356400 0.183208
-1.360800 0.182642
-1.365500 0.182091
-1.370300 0.181554
-1.374400 0.181030
-1.378200 0.180520
-1.383000 0.180023
-1.386900 0.179534
-1.390900 0.179047
-1.394800 0.178564
-1.399500 0.178086
-1.403200 0.177613
-1.407700 0.177147
-1.411200 0.176687
-1.414700 0.176234
-1.418200 0.175788
-1.421500 0.175349
-1.424600 0.174917
-1.427700 0.174493
-1.430800 0.174076
-1.433800 0.173666
-1.436700 0.173263
-1.439700 0.172867
-1.442800 0.172478
-1.445600 0.172096
-1.456400 0.171721
-1.459000 0.171353
-1.461600 0.170992
-1.464300 0.170637
-1.466800 0.170289
-1.471400 0.169948
-1.473900 0.169613
-1.476200 0.169285
-1.478900 0.168963
-1.481100 0.168647
-1.483500 0.168192
-1.485600 0.167757
-1.488100 0.167337
-1.490300 0.166930
-1.492500 0.166534
-1.494600 0.166147
-1.496700 0.165770
-1.498400 0.165400
-1.502600 0.165038
-1.504500 0.164684
-1.506500 0.164336
-1.508700 0.163994
-1.510300 0.163659
-1.514100 0.163330
-1.515800 0.163006
-1.517600 0.162688
-1.519600 0.162376
-1.521200 0.162069
-1.522900 0.161767
-1.524500 0.161469
-1.526100 0.161177
-1.527700 0.160890
-1.529200 0.160607
-1.530900 0.160328
-1.532700 0.160054
-1.534600 0.159785
-1.536300 0.159520
-1.537800 0.159259
-1.539300 0.159003
-1.541000 0.158751
-1.542500 0.158503
-1.545700 0.158260
-1.547200 0.158020
-1.548800 0.157785
-1.550200 0.157554
-1.551600 0.157326
-1.553200 0.157103
-1.554500 0.156884
-1.555800 0.156668
-1.557200 0.156456
-1.563200 0.156248
-1.564500 0.156043
-1.565800 0.155842
-1.567100 0.155645
-1.568500 0.155451
-1.569800 0.155260
-1.571200 0.155073
-1.572500 0.154889
-1.573800 0.154708
-1.575100 0.154530
-1.576300 0.154357
-1.577600 0.154189
-1.578800 0.154025
-1.580100 0.153865
-1.581300 0.153709
-1.582500 0.153556
-1.583800 0.153408
-1.584900 0.153264
-1.585900 0.153123
-1.587100 0.152986
-1.588300 0.152852
-1.589500 0.152722
-1.590700 0.152596
-1.591900 0.152472
-1.593000 0.152352
-1.594200 0.152236
-1.595500 0.152122
-1.596800 0.152012
-1.597900 0.151905
-1.600300 0.151801
-1.601400 0.151700
-1.602500 0.151601
-1.603700 0.151506
-1.604700 0.151414
-1.605800 0.151324
-1.606700 0.151237
-1.607900 0.151153
-1.608900 0.151072
-1.609900 0.150993
-1.612000 0.150917
-1.612900 0.150843
-1.614100 0.150771
-1.615200 0.150702
-1.616300 0.150636
-1.617300 0.150572
-1.618300 0.150510
-1.619400 0.150450
-1.620400 0.150392
-1.621500 0.150337
-1.622400 0.150284
-1.623300 0.150232
-1.624300 0.150183
-1.625300 0.150135
-1.626200 0.150090
-1.629300 0.150046
-1.630200 0.150004
-1.631100 0.149964
-1.631900 0.149926
-1.632800 0.149889
-1.633800 0.149854
-1.634700 0.149821
-1.635800 0.149789
-1.636700 0.149758
-1.637700 0.149729
-1.638700 0.149701
-1.639600 0.149674
-1.640500 0.149649
-1.641600 0.149625
-1.642400 0.149602
-1.643300 0.149579
-1.644200 0.149558
-1.645300 0.149538
-1.650600 0.149519
-1.655700 0.149501
-1.660800 0.149484
-1.665800 0.149467
-1.670600 0.149451
-1.675000 0.149436
-1.679700 0.149421
-1.684300 0.149407
-1.688800 0.149394
-1.693200 0.149381
-1.697300 0.149368
-1.705700 0.149356
-1.709600 0.149344
-1.713700 0.149333
-1.717600 0.149322
-1.721300 0.149311
-1.725100 0.149300
-1.728800 0.149289
-1.732600 0.149279
-1.736200 0.149269
-1.739900 0.149258
-1.743500 0.149248
-1.747000 0.149237
-1.750600 0.149227
-1.753800 0.149216
-1.757400 0.149205
-1.760700 0.149194
-1.764000 0.149183
-1.767300 0.149172
-1.770400 0.149160
-1.773900 0.149147
-1.777400 0.149135
-1.780700 0.149122
-1.783900 0.149108
-1.787100 0.149094
-1.790600 0.149080
-1.793700 0.149065
-1.796800 0.149049
-1.800000 0.149033
-1.803000 0.149016
-1.806000 0.148998
-1.808900 0.148980
-1.811900 0.148961
-1.814700 0.148941
-1.817700 0.148920
-1.820700 0.148899
-1.823700 0.148877
-1.826700 0.148854
-1.829500 0.148830
-1.832300 0.148805
-1.835300 0.148779
-1.838200 0.148752
-1.840900 0.148724
-1.843900 0.148695
-1.849300 0.148665
-1.854800 0.148634
-1.857600 0.148602
-1.860400 0.148569
-1.863100 0.148535
-1.865600 0.148500
-1.868400 0.148463
-1.871000 0.148425
-1.873900 0.148387
-1.876500 0.148347
-1.879100 0.148305
-1.881800 0.148263
-1.884400 0.148219
-1.887000 0.148174
-1.889600 0.148128
-1.892300 0.148080
-1.894900 0.148032
-1.897600 0.147982
-1.900200 0.147930
-1.902900 0.147877
-1.905500 0.147823
-1.908300 0.147768
-1.910700 0.147711
-1.913300 0.147653
-1.915800 0.147594
-1.918500 0.147533
-1.921000 0.147470
-1.923700 0.147407
-1.926400 0.147342
-1.929100 0.147275
-1.931300 0.147208
-1.933900 0.147138
-1.936400 0.147068
-1.938600 0.146996
-1.941200 0.146922
-1.943700 0.146847
-1.946300 0.146771
-1.948800 0.146693
-1.951300 0.146614
-1.953800 0.146534
-1.956300 0.146452
-1.958700 0.146368
-1.961300 0.146284
-1.963800 0.146197
-1.966300 0.146110
-1.968600 0.146021
-1.971100 0.145930
-1.973500 0.145839
-1.976000 0.145745
-1.978500 0.145651
-1.980800 0.145555
-1.983200 0.145457
-1.985600 0.145359
-1.988000 0.145258
-1.990400 0.145157
-1.992700 0.145054
-1.995100 0.144950
-1.997400 0.144844
-1.999700 0.144737
-2.002100 0.144629
-2.004600 0.144519
-2.007200 0.144408
-2.009600 0.144296
-2.012000 0.144182
-2.014400 0.144068
-2.016900 0.143951
-2.019500 0.143834
-2.022000 0.143715
-2.024400 0.143595
-2.029400 0.143474
-2.031800 0.143352
-2.034300 0.143228
-2.036900 0.143103
-2.039500 0.142977
-2.041900 0.142850
-2.044300 0.142721
-2.046900 0.142592
-2.051900 0.142461
-2.054300 0.142329
-2.056800 0.142196
-2.059400 0.142062
-2.061900 0.141926
-2.064500 0.141790
-2.067000 0.141652
-2.069600 0.141514
-2.072100 0.141374
-2.074500 0.141233
-2.077100 0.141091
-2.079600 0.140949
-2.082100 0.140805
-2.084600 0.140660
-2.087100 0.140514
-2.089700 0.140367
-2.092200 0.140220
-2.094600 0.140071
-2.097100 0.139921
-2.099700 0.139771
-2.102300 0.139619
-2.105000 0.139467
-2.107600 0.139314
-2.110300 0.139159
-2.112900 0.139004
-2.115700 0.138849
-2.118400 0.138692
-2.121000 0.138535
-2.123600 0.138376
-2.126400 0.138217
-2.129200 0.138057
-2.134500 0.137897
-2.137000 0.137735
-2.139900 0.137573
-2.142500 0.137411
-2.145400 0.137247
-2.148100 0.137083
-2.150900 0.136918
-2.153600 0.136752
-2.156400 0.136586
-2.159200 0.136419
-2.162000 0.136252
-2.164800 0.136084
-2.167600 0.135915
-2.170400 0.135746
-2.175900 0.135576
-2.178700 0.135405
-2.181700 0.135234
-2.184600 0.135062
-2.187500 0.134890
-2.190600 0.134717
-2.193600 0.134544
-2.196700 0.134371
-2.199600 0.134196
-2.202700 0.134022
-2.205800 0.133846
-2.208900 0.133671
-2.211800 0.133495
-2.215100 0.133318
-2.218400 0.133141
-2.221600 0.132964
-2.224800 0.132786
-2.228000 0.132608
-2.231200 0.132430
-2.234300 0.132251
-2.237400 0.132071
-2.240800 0.131892
-2.244100 0.131712
-2.247600 0.131531
-2.251100 0.131351
-2.254500 0.131170
-2.258000 0.130988
-2.264900 0.130807
-2.268500 0.130625
-2.272300 0.130443
-2.276200 0.130260
-2.280100 0.130077
-2.283900 0.129894
-2.287800 0.129711
-2.291400 0.129528
-2.295200 0.129344
-2.298900 0.129160
-2.302800 0.128976
-2.306800 0.128791
-2.310800 0.128607
-2.319000 0.128422
-2.323100 0.128237
-2.327300 0.128051
-2.335900 0.127866
-2.340400 0.127680
-2.345000 0.127494
-2.349200 0.127308
-2.353800 0.127121
-2.358400 0.126935
-2.363100 0.126747
-2.367800 0.126560
-2.372900 0.126375
-2.377900 0.126190
-2.382800 0.126004
-2.387400 0.125818
-2.397800 0.125632
-2.402800 0.125446
-2.408600 0.125259
-2.419500 0.125072
-2.425200 0.124885
-2.437100 0.124697
-2.443100 0.124510
-2.449200 0.124322
-2.455900 0.124134
-2.476300 0.123946
-2.483400 0.123757
-2.490100 0.123569
-2.497700 0.123380
-2.505700 0.123192
-2.513500 0.123003
-2.521000 0.122814
-2.528900 0.122625
-2.537300 0.122435
-2.545900 0.122246
-2.565200 0.122057
-2.575100 0.121867
-2.585300 0.121677
-2.596000 0.121488
-2.607600 0.121298
-2.631400 0.121108
-2.644300 0.120919
-2.657800 0.120729
-2.671900 0.120539
-2.703600 0.120348
-2.720800 0.120158
-2.759200 0.119968
-2.780100 0.119778
-2.804600 0.119587
-2.831700 0.119397
-2.862300 0.119206
-2.894600 0.119015
-2.933900 0.118824
-2.976600 0.118633
-3.031800 0.118441
-3.092700 0.118249
-3.172400 0.118056
-3.266500 0.117862
-3.385700 0.117667
-3.527800 0.117471
-3.708800 0.117271
-3.955500 0.117068
-4.516100 0.116856
-8.713600 0.116630
