39.873000 0.038332
5.693300 0.038332
5.031300 0.038332
4.778600 0.038332
4.778600 0.038332
3.436500 0.038332
3.173300 0.038332
2.904100 0.038332
2.361600 0.038332
1.922000 0.038332
1.397600 0.038332
1.058800 0.038332
0.781140 0.038332
0.563900 0.038332
0.364300 0.038332
0.217300 0.038332
0.102130 0.038332
-0.060310 0.038332
-0.123330 0.038332
-0.179240 0.038332
-0.231580 0.038332
-0.280040 0.038332
-0.330790 0.038332
-0.411360 0.038332
-0.444370 0.038332
-0.475410 0.038332
-0.502680 0.038332
-0.526720 0.038332
-0.573050 0.038332
-0.612330 0.038332
-0.631630 0.038332
-0.649520 0.038332
-0.678020 0.038332
-0.709490 0.038332
-0.726040 0.038332
-0.738820 0.038332
-0.751650 0.038332
-0.763020 0.038332
-0.775750 0.038332
-0.787400 0.038332
-0.798860 0.038332
-0.809430 0.038332
-0.821050 0.038332
-0.830830 0.038332
-0.840320 0.038332
-0.849460 0.038332
-0.858380 0.038332
-0.866200 0.038332
-0.873600 0.038332
-0.882210 0.038332
-0.890430 0.038332
-0.897440 0.038332
-0.905920 0.038332
-0.913600 0.038332
-0.921970 0.038332
-0.929420 0.038332
-0.944190 0.038332
-0.951220 0.038332
-0.957390 0.038332
-0.963690 0.038332
-0.969380 0.038332
-0.975750 0.038332
-0.987850 0.038332
-0.999450 0.038332
-1.005000 0.038332
-1.014900 0.038332
-1.020000 0.038332
-1.025300 0.038332
-1.030000 0.038332
-1.039400 0.038332
-1.044100 0.038332
-1.048900 0.038332
-1.053300 0.038332
-1.057400 0.038332
-1.061900 0.038332
-1.066300 0.038332
-1.070100 0.038332
-1.074000 0.038332
-1.078100 0.038332
-1.082400 0.038332
-1.086000 0.038332
-1.089500 0.038332
-1.093100 0.038332
-1.096500 0.038332
-1.099900 0.038332
-1.103200 0.038332
-1.106700 0.038332
-1.110600 0.038332
-1.114200 0.038332
-1.117600 0.038332
-1.123900 0.038332
-1.127200 0.038332
-1.130200 0.038332
-1.133400 0.038332
-1.136600 0.038332
-1.139700 0.038332
-1.143000 0.038332
-1.146000 0.038332
-1.148800 0.038332
-1.151700 0.038332
-1.154600 0.038332
-1.157500 0.038332
-1.160400 0.038330
-1.163600 0.038309
-1.166400 0.038095
-1.169300 0.037881
-1.172100 0.037704
-1.174500 0.037547
-1.177300 0.037404
-1.179800 0.037271
-1.182400 0.037145
-1.185500 0.037026
-1.187800 0.036912
-1.190100 0.036802
-1.192700 0.036696
-1.195200 0.036594
-1.197700 0.036495
-1.200500 0.036398
-1.203100 0.036304
-1.205400 0.036211
-1.207600 0.036121
-1.209800 0.036032
-1.211900 0.035946
-1.214100 0.035861
-1.216500 0.035778
-1.218600 0.035696
-1.220600 0.035617
-1.222900 0.035537
-1.225000 0.035458
-1.229200 0.035380
-1.231300 0.035303
-1.235900 0.035226
-1.238100 0.035150
-1.240300 0.035075
-1.242200 0.035001
-1.244400 0.034928
-1.246100 0.034856
-1.248100 0.034785
-1.250100 0.034715
-1.251900 0.034646
-1.253900 0.034578
-1.255700 0.034510
-1.257500 0.034444
-1.259300 0.034379
-1.261100 0.034314
-1.262700 0.034251
-1.264500 0.034188
-1.266300 0.034127
-1.267800 0.034066
-1.269500 0.034006
-1.271200 0.033947
-1.273100 0.033889
-1.274700 0.033816
-1.276600 0.033745
-1.278300 0.033675
-1.280200 0.033607
-1.281700 0.033540
-1.283300 0.033474
-1.285200 0.033410
-1.287000 0.033346
-1.288700 0.033283
-1.290100 0.033221
-1.291800 0.033160
-1.293500 0.033099
-1.296800 0.033040
-1.298600 0.032981
-1.300400 0.032923
-1.301900 0.032866
-1.303700 0.032809
-1.305500 0.032753
-1.307200 0.032698
-1.308600 0.032644
-1.310100 0.032590
-1.311700 0.032537
-1.313100 0.032484
-1.314700 0.032432
-1.316100 0.032380
-1.317600 0.032330
-1.319200 0.032279
-1.320700 0.032230
-1.322400 0.032181
-1.324000 0.032132
-1.325600 0.032085
-1.327100 0.032037
-1.335900 0.031990
-1.344200 0.031944
-1.351900 0.031899
-1.360400 0.031853
-1.368100 0.031809
-1.375300 0.031765
-1.389800 0.031721
-1.397000 0.031678
-1.409800 0.031635
-1.415800 0.031593
-1.421900 0.031551
-1.428400 0.031510
-1.434500 0.031469
-1.440500 0.031429
-1.445800 0.031389
-1.451400 0.031350
-1.457000 0.031312
-1.462400 0.031274
-1.468000 0.031237
-1.473200 0.031200
-1.483100 0.031163
-1.492500 0.031127
-1.497000 0.031092
-1.501500 0.031057
-1.506000 0.031023
-1.510200 0.030989
-1.514700 0.030955
-1.519100 0.030922
-1.523400 0.030889
-1.527600 0.030857
-1.532100 0.030825
-1.536400 0.030794
-1.540300 0.030762
-1.544300 0.030732
-1.548100 0.030701
-1.551900 0.030672
-1.555900 0.030642
-1.559800 0.030613
-1.563500 0.030584
-1.567100 0.030555
-1.570700 0.030527
-1.574400 0.030499
-1.577700 0.030471
-1.581400 0.030444
-1.585000 0.030417
-1.588500 0.030390
-1.591900 0.030364
-1.595200 0.030338
-1.602000 0.030312
-1.605200 0.030286
-1.611700 0.030260
-1.615000 0.030235
-1.618200 0.030210
-1.621400 0.030185
-1.624600 0.030161
-1.627700 0.030136
-1.630800 0.030112
-1.633800 0.030088
-1.636700 0.030064
-1.639800 0.030041
-1.642700 0.030017
-1.645700 0.029994
-1.648800 0.029970
-1.651600 0.029947
-1.654300 0.029924
-1.657200 0.029901
-1.660100 0.029878
-1.662800 0.029856
-1.665500 0.029833
-1.668200 0.029811
-1.671000 0.029788
-1.673900 0.029766
-1.676600 0.029743
-1.679400 0.029721
-1.682100 0.029699
-1.684700 0.029676
-1.687400 0.029654
-1.690000 0.029632
-1.692600 0.029609
-1.697700 0.029587
-1.700100 0.029565
-1.702900 0.029543
-1.705500 0.029520
-1.708100 0.029498
-1.713000 0.029476
-1.715600 0.029453
-1.718100 0.029431
-1.720700 0.029409
-1.723200 0.029386
-1.725800 0.029363
-1.728400 0.029341
-1.731000 0.029318
-1.733500 0.029295
-1.735900 0.029272
-1.738300 0.029249
-1.740600 0.029226
-1.743000 0.029203
-1.747800 0.029180
-1.750300 0.029156
-1.752600 0.029133
-1.755000 0.029109
-1.757400 0.029086
-1.762200 0.029062
-1.766800 0.029038
-1.769100 0.029014
-1.771400 0.028989
-1.773800 0.028965
-1.776000 0.028941
-1.778200 0.028916
-1.780500 0.028891
-1.782900 0.028866
-1.785200 0.028841
-1.787400 0.028816
-1.791900 0.028791
-1.794100 0.028765
-1.796500 0.028739
-1.798800 0.028714
-1.801000 0.028688
-1.803300 0.028661
-1.807800 0.028635
-1.809900 0.028609
-1.812200 0.028582
-1.814500 0.028555
-1.816700 0.028528
-1.818900 0.028501
-1.821000 0.028474
-1.823300 0.028447
-1.825400 0.028419
-1.827600 0.028391
-1.829900 0.028363
-1.834200 0.028335
-1.836500 0.028307
-1.838600 0.028279
-1.841000 0.028250
-1.843200 0.028221
-1.845400 0.028193
-1.847700 0.028164
-1.849900 0.028135
-1.852200 0.028105
-1.854400 0.028076
-1.856600 0.028046
-1.858900 0.028017
-1.861100 0.027987
-1.863400 0.027957
-1.865600 0.027927
-1.867800 0.027896
-1.870200 0.027866
-1.872500 0.027835
-1.874700 0.027805
-1.876900 0.027774
-1.881400 0.027743
-1.883800 0.027712
-1.886200 0.027681
-1.888500 0.027649
-1.890800 0.027618
-1.893100 0.027587
-1.895400 0.027555
-1.897600 0.027523
-1.899900 0.027491
-1.902300 0.027460
-1.904700 0.027428
-1.907000 0.027395
-1.909400 0.027363
-1.911900 0.027331
-1.914300 0.027299
-1.916600 0.027266
-1.918900 0.027234
-1.921200 0.027201
-1.923500 0.027169
-1.926000 0.027136
-1.928300 0.027103
-1.930800 0.027070
-1.933100 0.027037
-1.935800 0.027004
-1.938200 0.026971
-1.943100 0.026938
-1.945700 0.026905
-1.948100 0.026872
-1.950600 0.026839
-1.953000 0.026806
-1.955500 0.026773
-1.958100 0.026740
-1.960700 0.026707
-1.963200 0.026674
-1.965600 0.026640
-1.968200 0.026607
-1.970700 0.026574
-1.973200 0.026541
-1.975800 0.026507
-1.978400 0.026474
-1.981100 0.026441
-1.983800 0.026408
-1.986500 0.026374
-1.989100 0.026341
-1.991800 0.026308
-1.994400 0.026274
-1.997000 0.026241
-1.999600 0.026208
-2.002500 0.026175
-2.005100 0.026142
-2.007900 0.026108
-2.010800 0.026075
-2.013600 0.026042
-2.016400 0.026009
-2.019300 0.025976
-2.022400 0.025943
-2.025300 0.025910
-2.028200 0.025877
-2.031100 0.025845
-2.034100 0.025812
-2.037100 0.025779
-2.040100 0.025747
-2.043100 0.025714
-2.049300 0.025682
-2.052600 0.025649
-2.056000 0.025617
-2.059200 0.025585
-2.062600 0.025553
-2.066000 0.025521
-2.069400 0.025489
-2.073000 0.025458
-2.076600 0.025426
-2.080200 0.025395
-2.083900 0.025364
-2.087400 0.025333
-2.091200 0.025302
-2.095100 0.025272
-2.098600 0.025242
-2.102600 0.025209
-2.110800 0.025177
-2.115000 0.025144
-2.119000 0.025112
-2.123200 0.025080
-2.127500 0.025047
-2.131900 0.025015
-2.145700 0.024983
-2.150700 0.024952
-2.161100 0.024920
-2.166200 0.024888
-2.177300 0.024857
-2.183700 0.024826
-2.189800 0.024795
-2.196000 0.024764
-2.202300 0.024733
-2.208800 0.024702
-2.215400 0.024672
-2.221700 0.024642
-2.228900 0.024611
-2.236900 0.024582
-2.244500 0.024552
-2.252800 0.024522
-2.260900 0.024492
-2.269600 0.024463
-2.278500 0.024433
-2.288600 0.024404
-2.299000 0.024375
-2.309800 0.024347
-2.321000 0.024319
-2.332900 0.024291
-2.345500 0.024263
-2.374800 0.024236
-2.392000 0.024210
-2.410500 0.024184
-2.429600 0.024158
-2.450800 0.024133
-2.473700 0.024109
-2.501300 0.024086
-2.532900 0.024064
-2.616000 0.024042
-2.671300 0.024023
-2.742800 0.024005
-2.836300 0.023989
-2.984000 0.023976
-3.215400 0.023967
-3.757800 0.023965
