2.402300 0.136476
0.768090 0.136476
0.768090 0.136476
-0.094548 0.136476
-0.113530 0.136476
-0.217020 0.136476
-0.255340 0.136476
-0.444280 0.136476
-0.719810 0.136476
-0.913910 0.136476
-1.037500 0.136476
-1.142200 0.136476
-1.259800 0.136476
-1.413400 0.136476
-1.521600 0.136476
-1.608400 0.136476
-1.644400 0.136476
-1.675000 0.136476
-1.727700 0.136476
-1.752900 0.136476
-1.773800 0.136476
-1.793900 0.136476
-1.808200 0.136476
-1.838900 0.136476
-1.852900 0.136476
-1.880000 0.136476
-1.900700 0.136476
-1.909800 0.136476
-1.936800 0.136476
-1.944400 0.136476
-1.952500 0.136476
-1.960600 0.136476
-1.968600 0.136476
-1.975200 0.136476
-1.982400 0.136476
-1.989000 0.136476
-1.994700 0.136476
-2.000800 0.136476
-2.012400 0.136476
-2.023000 0.136476
-2.028000 0.136476
-2.033000 0.136476
-2.037900 0.136476
-2.042500 0.136476
-2.046700 0.136476
-2.050600 0.136476
-2.054900 0.136476
-2.063300 0.136476
-2.066900 0.136476
-2.070400 0.136476
-2.074000 0.136476
-2.077600 0.136476
-2.081200 0.136476
-2.084500 0.136476
-2.088300 0.136476
-2.091500 0.136476
-2.094500 0.136476
-2.097500 0.136476
-2.100400 0.136476
-2.103500 0.136476
-2.106900 0.136476
-2.109500 0.136476
-2.112300 0.136476
-2.115000 0.136476
-2.117700 0.136476
-2.120300 0.136476
-2.123100 0.136476
-2.125500 0.136476
-2.129900 0.136476
-2.132400 0.136476
-2.134500 0.136476
-2.136600 0.136476
-2.139400 0.136476
-2.141500 0.136476
-2.143800 0.136476
-2.145800 0.136476
-2.147800 0.136476
-2.149900 0.136476
-2.152200 0.136476
-2.154200 0.136476
-2.156100 0.136476
-2.158400 0.136476
-2.160400 0.136476
-2.164200 0.136476
-2.168100 0.136476
-2.170000 0.136476
-2.175300 0.136476
-2.177200 0.136476
-2.179100 0.136476
-2.180900 0.136476
-2.182500 0.136476
-2.184400 0.136476
-2.186200 0.136476
-2.188200 0.136476
-2.189700 0.136476
-2.191300 0.136476
-2.192800 0.136476
-2.194500 0.136476
-2.196000 0.136476
-2.197400 0.136476
-2.198900 0.136476
-2.200400 0.136476
-2.203400 0.136476
-2.205000 0.136476
-2.206300 0.136476
-2.207700 0.136476
-2.209200 0.136476
-2.210700 0.136476
-2.212100 0.136476
-2.213500 0.136476
-2.214800 0.136476
-2.216100 0.136476
-2.217300 0.136476
-2.218800 0.136476
-2.220100 0.136476
-2.221200 0.136476
-2.223900 0.136476
-2.225200 0.136476
-2.226600 0.136476
-2.227800 0.136476
-2.229300 0.136476
-2.230300 0.136476
-2.231500 0.136476
-2.232600 0.136476
-2.233800 0.136476
-2.235000 0.136476
-2.236000 0.136476
-2.237100 0.136476
-2.238200 0.136476
-2.239300 0.136476
-2.240400 0.136476
-2.241600 0.136476
-2.242600 0.136476
-2.243900 0.136476
-2.244900 0.136476
-2.246000 0.136476
-2.247000 0.136476
-2.248000 0.136469
-2.249000 0.136400
-2.250200 0.135710
-2.251100 0.135020
-2.252200 0.134449
-2.253300 0.133937
-2.254400 0.133461
-2.255300 0.133008
-2.256300 0.132575
-2.257300 0.132155
-2.258200 0.131747
-2.259200 0.131350
-2.260100 0.130963
-2.261000 0.130586
-2.262100 0.130220
-2.264000 0.129858
-2.265000 0.129500
-2.266000 0.129148
-2.267100 0.128802
-2.268000 0.128462
-2.268900 0.128130
-2.269700 0.127805
-2.270800 0.127487
-2.271700 0.127177
-2.272600 0.126875
-2.273400 0.126581
-2.274300 0.126295
-2.275400 0.126018
-2.276200 0.125750
-2.277000 0.125491
-2.277900 0.125177
-2.278800 0.124874
-2.279600 0.124580
-2.280500 0.124293
-2.281400 0.124014
-2.282200 0.123742
-2.283000 0.123476
-2.283800 0.123217
-2.289100 0.122964
-2.294000 0.122718
-2.298700 0.122477
-2.303400 0.122244
-2.307900 0.122016
-2.312100 0.121795
-2.316300 0.121580
-2.320400 0.121371
-2.324500 0.121169
-2.328800 0.120973
-2.332900 0.120783
-2.336800 0.120599
-2.340500 0.120422
-2.344400 0.120251
-2.348000 0.120085
-2.351400 0.119926
-2.358300 0.119773
-2.361500 0.119626
-2.364700 0.119486
-2.368300 0.119353
-2.371400 0.119225
-2.374600 0.119104
-2.377900 0.118990
-2.383800 0.118881
-2.386800 0.118778
-2.389500 0.118681
-2.392400 0.118590
-2.395300 0.118504
-2.398100 0.118424
-2.400800 0.118349
-2.403500 0.118279
-2.406000 0.118214
-2.408800 0.118153
-2.411400 0.118098
-2.414100 0.118047
-2.416800 0.118000
-2.419400 0.117957
-2.421900 0.117918
-2.426900 0.117883
-2.431600 0.117851
-2.433800 0.117823
-2.436200 0.117797
-2.438500 0.117774
-2.440900 0.117754
-2.443200 0.117736
-2.445500 0.117720
-2.447700 0.117706
-2.450000 0.117693
-2.452200 0.117682
-2.454400 0.117672
-2.456500 0.117662
-2.458700 0.117653
-2.460900 0.117645
-2.463100 0.117637
-2.465200 0.117628
-2.467400 0.117619
-2.469500 0.117610
-2.471500 0.117599
-2.473500 0.117588
-2.475600 0.117575
-2.477700 0.117561
-2.479700 0.117545
-2.483600 0.117528
-2.485500 0.117508
-2.489500 0.117486
-2.491500 0.117461
-2.493500 0.117434
-2.495500 0.117404
-2.497400 0.117371
-2.499400 0.117335
-2.501400 0.117296
-2.503300 0.117254
-2.505200 0.117208
-2.507000 0.117159
-2.509000 0.117105
-2.510900 0.117049
-2.512800 0.116988
-2.514800 0.116924
-2.516600 0.116855
-2.518600 0.116783
-2.520400 0.116707
-2.522300 0.116627
-2.524000 0.116543
-2.525800 0.116455
-2.527600 0.116363
-2.529300 0.116266
-2.532900 0.116166
-2.534600 0.116063
-2.536500 0.115955
-2.538300 0.115843
-2.540200 0.115728
-2.542000 0.115609
-2.543900 0.115487
-2.545600 0.115361
-2.547500 0.115232
-2.549200 0.115099
-2.551000 0.114964
-2.552800 0.114825
-2.554700 0.114683
-2.556500 0.114539
-2.558300 0.114391
-2.560000 0.114242
-2.561800 0.114089
-2.563600 0.113935
-2.565300 0.113778
-2.567100 0.113620
-2.568900 0.113459
-2.572600 0.113297
-2.576100 0.113133
-2.577700 0.112968
-2.579400 0.112801
-2.581100 0.112633
-2.582800 0.112464
-2.584600 0.112294
-2.586400 0.112124
-2.588100 0.111953
-2.589900 0.111781
-2.593300 0.111609
-2.595000 0.111437
-2.596700 0.111265
-2.598500 0.111092
-2.601800 0.110920
-2.603500 0.110748
-2.605300 0.110576
-2.607000 0.110405
-2.608700 0.110234
-2.610400 0.110064
-2.612100 0.109894
-2.613900 0.109725
-2.617400 0.109557
-2.619100 0.109390
-2.620800 0.109224
-2.622500 0.109058
-2.624200 0.108894
-2.626000 0.108731
-2.627800 0.108569
-2.629600 0.108409
-2.631300 0.108249
-2.633200 0.108091
-2.634900 0.107933
-2.636800 0.107778
-2.638500 0.107623
-2.640300 0.107469
-2.641900 0.107317
-2.643700 0.107166
-2.645500 0.107017
-2.647300 0.106868
-2.649100 0.106721
-2.651000 0.106575
-2.652700 0.106430
-2.654600 0.106286
-2.656400 0.106143
-2.658200 0.106001
-2.661800 0.105860
-2.663600 0.105721
-2.665400 0.105582
-2.667300 0.105444
-2.669100 0.105306
-2.670900 0.105170
-2.672700 0.105034
-2.674700 0.104899
-2.676800 0.104764
-2.678700 0.104630
-2.680500 0.104497
-2.682400 0.104364
-2.684400 0.104231
-2.686200 0.104099
-2.688100 0.103967
-2.690000 0.103835
-2.691800 0.103703
-2.693600 0.103571
-2.697600 0.103440
-2.699500 0.103308
-2.701500 0.103176
-2.703500 0.103044
-2.705400 0.102912
-2.707400 0.102780
-2.709400 0.102647
-2.711500 0.102514
-2.713400 0.102381
-2.715400 0.102247
-2.717500 0.102113
-2.719600 0.101978
-2.721600 0.101843
-2.726000 0.101707
-2.728100 0.101571
-2.730200 0.101434
-2.732500 0.101296
-2.734800 0.101158
-2.736900 0.101019
-2.739200 0.100879
-2.741300 0.100738
-2.743500 0.100596
-2.745800 0.100454
-2.748100 0.100311
-2.750400 0.100167
-2.752900 0.100022
-2.757800 0.099877
-2.760200 0.099730
-2.762700 0.099583
-2.765100 0.099434
-2.767700 0.099285
-2.770300 0.099135
-2.772800 0.098984
-2.775400 0.098832
-2.777900 0.098680
-2.780500 0.098526
-2.783300 0.098372
-2.786000 0.098216
-2.788700 0.098060
-2.791400 0.097903
-2.794100 0.097745
-2.796900 0.097586
-2.799800 0.097427
-2.802600 0.097266
-2.805600 0.097105
-2.808400 0.096943
-2.811400 0.096781
-2.814500 0.096617
-2.820700 0.096453
-2.823700 0.096288
-2.827100 0.096123
-2.830300 0.095956
-2.833500 0.095789
-2.836900 0.095621
-2.840300 0.095453
-2.843700 0.095284
-2.847300 0.095115
-2.850900 0.094945
-2.854800 0.094774
-2.858400 0.094603
-2.862400 0.094432
-2.870100 0.094259
-2.874200 0.094087
-2.878200 0.093914
-2.882300 0.093740
-2.886800 0.093566
-2.891400 0.093391
-2.895900 0.093216
-2.900600 0.093041
-2.905100 0.092865
-2.920300 0.092689
-2.925400 0.092512
-2.936400 0.092334
-2.942300 0.092157
-2.948400 0.091978
-2.961400 0.091799
-2.968500 0.091620
-2.975500 0.091443
-2.983000 0.091267
-2.990500 0.091089
-2.998700 0.090911
-3.007500 0.090733
-3.016200 0.090554
-3.026000 0.090375
-3.046100 0.090195
-3.057400 0.090015
-3.082800 0.089834
-3.095800 0.089654
-3.110400 0.089472
-3.127200 0.089291
-3.143900 0.089109
-3.161600 0.088927
-3.183500 0.088744
-3.206900 0.088561
-3.234300 0.088378
-3.303600 0.088194
-3.348800 0.088008
-3.400600 0.087822
-3.471200 0.087635
-3.560100 0.087447
-3.686600 0.087256
-3.919400 0.087062
-4.492100 0.086866
-10.901000 0.086667
