154.260000 0.026023
6.483600 0.026023
1.888200 0.026023
1.204100 0.026023
0.715650 0.026023
0.445020 0.026023
0.264110 0.026023
0.130150 0.026023
0.044915 0.026023
-0.026084 0.026023
-0.080115 0.026023
-0.131260 0.026023
-0.210630 0.026023
-0.242870 0.026023
-0.267960 0.026023
-0.291580 0.026023
-0.315860 0.026023
-0.338590 0.026023
-0.360390 0.026023
-0.379590 0.026023
-0.395370 0.026023
-0.409710 0.026023
-0.423640 0.026023
-0.436310 0.026023
-0.449640 0.026023
-0.462600 0.026023
-0.473570 0.026023
-0.483970 0.026023
-0.495070 0.026023
-0.504030 0.026023
-0.513720 0.026023
-0.521340 0.026023
-0.530430 0.026023
-0.539440 0.026023
-0.547900 0.026023
-0.555690 0.026023
-0.562780 0.026023
-0.571460 0.026023
-0.578230 0.026023
-0.585100 0.026023
-0.592320 0.026023
-0.599100 0.026023
-0.606060 0.026023
-0.612460 0.026023
-0.617760 0.026023
-0.623140 0.026023
-0.634670 0.026023
-0.640090 0.026023
-0.645310 0.026023
-0.650590 0.026023
-0.655600 0.026023
-0.660880 0.026023
-0.665350 0.026023
-0.670170 0.026023
-0.674170 0.026023
-0.678630 0.026023
-0.683320 0.026023
-0.688390 0.026023
-0.691800 0.026023
-0.695690 0.026023
-0.699580 0.026023
-0.703180 0.026023
-0.707900 0.026023
-0.712030 0.026023
-0.716180 0.026023
-0.720180 0.026023
-0.724450 0.026023
-0.728040 0.026023
-0.735790 0.026023
-0.739480 0.026023
-0.742840 0.026023
-0.746700 0.026023
-0.750300 0.026023
-0.753350 0.026023
-0.756890 0.026023
-0.760010 0.026023
-0.762890 0.026023
-0.766160 0.026023
-0.768760 0.026023
-0.771870 0.026023
-0.774800 0.026023
-0.777880 0.026023
-0.780870 0.026023
-0.783940 0.026023
-0.786530 0.026023
-0.789080 0.026023
-0.791990 0.026023
-0.794850 0.026023
-0.797420 0.026023
-0.800400 0.026023
-0.803540 0.026023
-0.806360 0.026023
-0.809060 0.026023
-0.811480 0.026023
-0.814090 0.026023
-0.816710 0.026023
-0.819340 0.026023
-0.822140 0.026023
-0.824860 0.026023
-0.827320 0.026023
-0.829640 0.026023
-0.831970 0.026023
-0.834220 0.026023
-0.836870 0.026023
-0.839340 0.026023
-0.841540 0.026023
-0.843900 0.026023
-0.846200 0.026023
-0.848620 0.026023
-0.850900 0.026023
-0.852950 0.026023
-0.855150 0.026023
-0.857440 0.026023
-0.859630 0.026023
-0.861560 0.026023
-0.863690 0.026023
-0.865650 0.026023
-0.867910 0.026023
-0.869810 0.026023
-0.871730 0.026023
-0.873920 0.026023
-0.875980 0.026023
-0.877850 0.026023
-0.879680 0.026023
-0.882030 0.026023
-0.883840 0.026023
-0.885700 0.026023
-0.887650 0.026023
-0.889410 0.026023
-0.891490 0.026023
-0.893380 0.026023
-0.895480 0.026023
-0.897230 0.026023
-0.899160 0.026023
-0.900990 0.026023
-0.902530 0.026023
-0.904610 0.026023
-0.906480 0.026023
-0.908460 0.026023
-0.910300 0.026023
-0.911910 0.026023
-0.913290 0.026023
-0.915050 0.026023
-0.916930 0.026023
-0.920290 0.026023
-0.921930 0.026023
-0.923660 0.026023
-0.925190 0.026023
-0.926840 0.026023
-0.928640 0.026023
-0.930310 0.026023
-0.931830 0.026023
-0.933380 0.026023
-0.935000 0.026023
-0.936620 0.026023
-0.938090 0.026023
-0.939770 0.026023
-0.942920 0.026023
-0.944310 0.026023
-0.945880 0.026023
-0.947400 0.026023
-0.948910 0.026023
-0.950560 0.026023
-0.952210 0.026023
-0.953680 0.026023
-0.955120 0.026023
-0.956340 0.026023
-0.957760 0.026023
-0.959120 0.026023
-0.960370 0.026023
-0.961630 0.026023
-0.963210 0.026023
-0.964550 0.026023
-0.965800 0.026023
-0.967180 0.026023
-0.968620 0.026023
-0.969860 0.026023
-0.971420 0.026023
-0.972790 0.026023
-0.973940 0.026023
-0.975320 0.026023
-0.976460 0.026023
-0.977770 0.026023
-0.979030 0.026023
-0.980300 0.026023
-0.981740 0.026023
-0.983080 0.026023
-0.984380 0.026023
-0.985540 0.026023
-0.986840 0.026023
-0.988080 0.026023
-0.989380 0.026023
-0.990680 0.026023
-0.992060 0.026023
-0.993320 0.026023
-0.994600 0.026023
-1.001900 0.026023
-1.009200 0.026023
-1.016100 0.026023
-1.022600 0.026023
-1.029000 0.026023
-1.035500 0.026023
-1.041800 0.026023
-1.047700 0.026023
-1.053300 0.026023
-1.059300 0.026023
-1.065100 0.026023
-1.071000 0.026023
-1.076200 0.026023
-1.081500 0.026023
-1.086400 0.026023
-1.091300 0.026023
-1.096100 0.026023
-1.101100 0.026023
-1.106000 0.026023
-1.110200 0.026023
-1.114800 0.026023
-1.119200 0.026023
-1.123600 0.026023
-1.128000 0.026023
-1.132300 0.026023
-1.136400 0.026023
-1.140400 0.026023
-1.144400 0.026023
-1.148400 0.026023
-1.152200 0.026023
-1.156000 0.026023
-1.159600 0.026023
-1.163400 0.026023
-1.166900 0.026023
-1.170600 0.026023
-1.174200 0.026023
-1.177800 0.026023
-1.181300 0.026023
-1.187800 0.026023
-1.191100 0.026023
-1.194600 0.026023
-1.198000 0.026023
-1.201200 0.026023
-1.204400 0.026023
-1.207600 0.026023
-1.210800 0.026023
-1.213800 0.026023
-1.216900 0.026023
-1.220100 0.026023
-1.223000 0.026023
-1.226000 0.026023
-1.228700 0.026023
-1.231500 0.026023
-1.239900 0.026023
-1.242500 0.026023
-1.245300 0.026023
-1.248100 0.026023
-1.250700 0.026023
-1.253100 0.026023
-1.255800 0.026023
-1.258600 0.026023
-1.261300 0.026023
-1.266400 0.026023
-1.268800 0.026023
-1.271400 0.026023
-1.274000 0.026023
-1.276400 0.026023
-1.278800 0.026023
-1.281000 0.026023
-1.283400 0.026023
-1.285800 0.026023
-1.288000 0.026022
-1.290300 0.026014
-1.292600 0.025926
-1.294900 0.025838
-1.297200 0.025756
-1.299500 0.025679
-1.301700 0.025606
-1.304000 0.025538
-1.306200 0.025473
-1.308400 0.025413
-1.310700 0.025355
-1.312800 0.025301
-1.315100 0.025248
-1.317200 0.025198
-1.319400 0.025150
-1.321600 0.025105
-1.323700 0.025061
-1.325800 0.025020
-1.327900 0.024980
-1.330000 0.024942
-1.332100 0.024904
-1.334300 0.024867
-1.336300 0.024831
-1.338400 0.024795
-1.342400 0.024762
-1.344500 0.024729
-1.346600 0.024697
-1.348500 0.024667
-1.350700 0.024638
-1.352700 0.024610
-1.354700 0.024583
-1.356700 0.024557
-1.358700 0.024533
-1.360600 0.024509
-1.362600 0.024487
-1.364400 0.024466
-1.366300 0.024446
-1.368300 0.024414
-1.370200 0.024384
-1.372200 0.024356
-1.374200 0.024328
-1.376100 0.024302
-1.378100 0.024276
-1.380100 0.024252
-1.382100 0.024229
-1.384100 0.024206
-1.386100 0.024185
-1.388000 0.024165
-1.390000 0.024145
-1.393900 0.024126
-1.395800 0.024108
-1.397800 0.024091
-1.399800 0.024074
-1.401600 0.024058
-1.403400 0.024043
-1.407000 0.024029
-1.408800 0.024015
-1.410700 0.024002
-1.412600 0.023990
-1.414400 0.023978
-1.416300 0.023967
-1.418200 0.023956
-1.420100 0.023946
-1.421900 0.023937
-1.423700 0.023927
-1.425600 0.023919
-1.427500 0.023911
-1.429300 0.023903
-1.431100 0.023896
-1.433000 0.023889
-1.434900 0.023883
-1.436700 0.023877
-1.438500 0.023871
-1.440300 0.023866
-1.442200 0.023862
-1.444000 0.023858
-1.445900 0.023854
-1.447700 0.023851
-1.449600 0.023848
-1.451500 0.023845
-1.453400 0.023843
-1.455300 0.023841
-1.457000 0.023839
-1.459000 0.023838
-1.460900 0.023836
-1.462800 0.023835
-1.464600 0.023834
-1.466400 0.023833
-1.472200 0.023832
-1.474000 0.023832
-1.475800 0.023831
-1.477700 0.023830
-1.479500 0.023830
-1.481400 0.023829
-1.483200 0.023828
-1.485200 0.023828
-1.487200 0.023827
-1.489100 0.023826
-1.491000 0.023825
-1.492900 0.023824
-1.494800 0.023823
-1.498700 0.023821
-1.500700 0.023820
-1.502700 0.023818
-1.504700 0.023816
-1.506900 0.023813
-1.508800 0.023811
-1.510600 0.023808
-1.512700 0.023805
-1.514700 0.023801
-1.516700 0.023797
-1.518700 0.023793
-1.520700 0.023788
-1.522800 0.023783
-1.525000 0.023778
-1.527100 0.023772
-1.529200 0.023765
-1.531200 0.023758
-1.533300 0.023751
-1.537500 0.023743
-1.539700 0.023735
-1.541800 0.023726
-1.544000 0.023717
-1.546200 0.023707
-1.548500 0.023697
-1.550800 0.023686
-1.553100 0.023674
-1.555300 0.023662
-1.557600 0.023650
-1.559900 0.023637
-1.562100 0.023623
-1.564500 0.023609
-1.566900 0.023594
-1.569400 0.023578
-1.574400 0.023562
-1.576900 0.023545
-1.579300 0.023528
-1.581700 0.023510
-1.584100 0.023492
-1.586600 0.023472
-1.591400 0.023453
-1.593900 0.023432
-1.599200 0.023411
-1.601900 0.023390
-1.604500 0.023368
-1.607300 0.023345
-1.609800 0.023321
-1.612600 0.023298
-1.615300 0.023273
-1.618200 0.023248
-1.621000 0.023223
-1.626800 0.023196
-1.629800 0.023170
-1.632900 0.023142
-1.635900 0.023115
-1.639100 0.023086
-1.642300 0.023057
-1.645500 0.023028
-1.648900 0.022998
-1.652200 0.022968
-1.655500 0.022936
-1.659100 0.022905
-1.662600 0.022873
-1.666100 0.022840
-1.669800 0.022807
-1.673300 0.022774
-1.676800 0.022740
-1.680400 0.022705
-1.684300 0.022670
-1.688100 0.022635
-1.692200 0.022599
-1.696100 0.022563
-1.700400 0.022526
-1.704500 0.022489
-1.708700 0.022451
-1.713100 0.022413
-1.717600 0.022375
-1.722300 0.022336
-1.727000 0.022301
-1.731900 0.022265
-1.737200 0.022229
-1.742400 0.022192
-1.748100 0.022154
-1.753800 0.022116
-1.765600 0.022077
-1.772000 0.022037
-1.778500 0.021997
-1.785100 0.021957
-1.791700 0.021916
-1.807000 0.021874
-1.815200 0.021833
-1.823900 0.021790
-1.834000 0.021748
-1.844800 0.021705
-1.856400 0.021662
-1.868700 0.021618
-1.881500 0.021575
-1.895600 0.021530
-1.912000 0.021485
-1.931200 0.021440
-1.952400 0.021394
-1.977400 0.021348
-2.006700 0.021302
-2.043600 0.021255
-2.091000 0.021208
-2.154600 0.021160
-2.264100 0.021113
-2.419000 0.021065
-2.733700 0.021017
-3.816600 0.020970
-5.742800 0.020923
-6.252600 0.020877
