107.570000 0.102636
3.316600 0.102636
1.830200 0.102636
1.395000 0.102636
1.152300 0.102636
0.988010 0.102636
0.845800 0.102634
0.740940 0.102610
0.640480 0.102373
0.553320 0.100000
0.486910 0.097627
0.429110 0.095914
0.369110 0.094550
0.326150 0.093407
0.282810 0.092422
0.248630 0.091553
0.212680 0.090774
0.179970 0.090067
0.152930 0.089420
0.126620 0.088825
0.103980 0.088271
0.083835 0.087750
0.062778 0.087260
0.043064 0.086795
0.024692 0.086355
0.008518 0.085937
-0.006863 0.085540
-0.023953 0.085162
-0.041348 0.084803
-0.056180 0.084462
-0.068875 0.084136
-0.082730 0.083814
-0.094693 0.083496
-0.107330 0.083182
-0.118500 0.082877
-0.128810 0.082579
-0.137480 0.082289
-0.147120 0.082009
-0.156890 0.081737
-0.166470 0.081474
-0.175380 0.081220
-0.185700 0.080974
-0.195220 0.080736
-0.204430 0.080506
-0.213220 0.080285
-0.221100 0.080071
-0.228670 0.079864
-0.235930 0.079665
-0.242150 0.079472
-0.248560 0.079286
-0.256010 0.079107
-0.261930 0.078934
-0.268580 0.078767
-0.275660 0.078606
-0.280790 0.078287
-0.287080 0.077997
-0.293060 0.077728
-0.304100 0.077475
-0.309480 0.077237
-0.314850 0.077011
-0.319420 0.076795
-0.324670 0.076590
-0.329680 0.076392
-0.333950 0.076203
-0.338710 0.076021
-0.343840 0.075846
-0.349030 0.075677
-0.353420 0.075514
-0.357810 0.075357
-0.362330 0.075205
-0.366850 0.075058
-0.371060 0.074916
-0.374970 0.074778
-0.378690 0.074645
-0.382350 0.074516
-0.387110 0.074391
-0.391020 0.074270
-0.394620 0.074153
-0.398340 0.074040
-0.402010 0.073930
-0.405730 0.073825
-0.408900 0.073722
-0.412690 0.073623
-0.415980 0.073527
-0.418850 0.073435
-0.422820 0.073345
-0.426180 0.073258
-0.430330 0.073174
-0.433190 0.073093
-0.436550 0.073014
-0.439540 0.072938
-0.442780 0.072864
-0.445770 0.072792
-0.448880 0.072722
-0.451930 0.072654
-0.454860 0.072589
-0.457790 0.072525
-0.460840 0.072465
-0.463710 0.072408
-0.466460 0.072355
-0.469080 0.072305
-0.471950 0.072258
-0.480130 0.072213
-0.482810 0.072171
-0.485870 0.072131
-0.488550 0.072094
-0.491300 0.072058
-0.493440 0.072025
-0.495880 0.071993
-0.498260 0.071964
-0.500640 0.071936
-0.503080 0.071909
-0.505400 0.071884
-0.507660 0.071861
-0.512360 0.071839
-0.514800 0.071819
-0.517060 0.071799
-0.519440 0.071781
-0.521940 0.071764
-0.524010 0.071749
-0.526210 0.071734
-0.527920 0.071720
-0.532190 0.071707
-0.534330 0.071694
-0.536770 0.071683
-0.538780 0.071672
-0.540680 0.071662
-0.542570 0.071653
-0.544520 0.071644
-0.546600 0.071635
-0.548730 0.071628
-0.550690 0.071620
-0.552640 0.071613
-0.554530 0.071606
-0.556420 0.071600
-0.558440 0.071594
-0.562160 0.071588
-0.563870 0.071582
-0.566010 0.071576
-0.567900 0.071571
-0.569730 0.071565
-0.571250 0.071560
-0.573090 0.071554
-0.575100 0.071548
-0.578640 0.071542
-0.580530 0.071536
-0.582240 0.071530
-0.584070 0.071523
-0.585960 0.071516
-0.587670 0.071509
-0.589440 0.071502
-0.591030 0.071494
-0.592800 0.071485
-0.594690 0.071476
-0.596160 0.071467
-0.597870 0.071457
-0.599510 0.071447
-0.600920 0.071436
-0.602630 0.071425
-0.604520 0.071413
-0.606230 0.071400
-0.609340 0.071387
-0.610810 0.071373
-0.612210 0.071359
-0.613740 0.071343
-0.615380 0.071328
-0.617090 0.071311
-0.618560 0.071294
-0.620020 0.071276
-0.621490 0.071258
-0.623130 0.071238
-0.624660 0.071218
-0.625940 0.071197
-0.627350 0.071176
-0.628990 0.071154
-0.630640 0.071130
-0.632290 0.071107
-0.634000 0.071082
-0.635530 0.071056
-0.636930 0.071030
-0.638520 0.071003
-0.639920 0.070975
-0.641380 0.070947
-0.642730 0.070917
-0.644070 0.070887
-0.645470 0.070856
-0.646940 0.070824
-0.648220 0.070791
-0.650910 0.070758
-0.652130 0.070723
-0.653470 0.070688
-0.654810 0.070652
-0.662990 0.070615
-0.670870 0.070577
-0.678130 0.070539
-0.685700 0.070500
-0.693200 0.070460
-0.700280 0.070419
-0.707060 0.070377
-0.720670 0.070334
-0.726890 0.070291
-0.733300 0.070247
-0.739100 0.070202
-0.744960 0.070156
-0.756680 0.070110
-0.762050 0.070062
-0.767850 0.070014
-0.773280 0.069965
-0.778290 0.069915
-0.783350 0.069865
-0.793420 0.069813
-0.798430 0.069761
-0.803250 0.069708
-0.808070 0.069654
-0.812650 0.069599
-0.817230 0.069544
-0.821870 0.069488
-0.826440 0.069431
-0.831080 0.069373
-0.835420 0.069314
-0.839630 0.069255
-0.843780 0.069195
-0.847870 0.069134
-0.852260 0.069072
-0.856470 0.069009
-0.864280 0.068946
-0.868310 0.068882
-0.872220 0.068817
-0.876060 0.068751
-0.880090 0.068685
-0.883820 0.068617
-0.891020 0.068549
-0.894620 0.068480
-0.898220 0.068410
-0.901880 0.068340
-0.905360 0.068268
-0.908840 0.068196
-0.912380 0.068123
-0.915740 0.068049
-0.919280 0.067974
-0.922630 0.067899
-0.925930 0.067823
-0.929040 0.067746
-0.932340 0.067668
-0.935510 0.067589
-0.938690 0.067509
-0.941860 0.067429
-0.944970 0.067348
-0.948150 0.067266
-0.951380 0.067183
-0.954370 0.067099
-0.957420 0.067015
-0.960480 0.066930
-0.963530 0.066843
-0.969510 0.066756
-0.972380 0.066669
-0.975430 0.066580
-0.978300 0.066491
-0.981230 0.066400
-0.984100 0.066309
-0.987150 0.066217
-0.989960 0.066124
-0.992890 0.066031
-0.995940 0.065936
-0.998680 0.065841
-1.001500 0.065745
-1.004400 0.065648
-1.007200 0.065550
-1.010000 0.065452
-1.013000 0.065352
-1.015800 0.065252
-1.018500 0.065151
-1.021100 0.065049
-1.023900 0.064947
-1.026800 0.064843
-1.029500 0.064739
-1.032300 0.064634
-1.037600 0.064528
-1.040300 0.064421
-1.042900 0.064314
-1.045600 0.064206
-1.048100 0.064097
-1.050800 0.063987
-1.053600 0.063876
-1.056300 0.063765
-1.059000 0.063653
-1.061600 0.063540
-1.064000 0.063426
-1.066600 0.063312
-1.069200 0.063197
-1.071700 0.063081
-1.074300 0.062965
-1.077000 0.062848
-1.079500 0.062730
-1.082000 0.062611
-1.084600 0.062492
-1.087100 0.062372
-1.089600 0.062252
-1.092100 0.062131
-1.094600 0.062009
-1.097400 0.061886
-1.099900 0.061763
-1.102300 0.061639
-1.104800 0.061515
-1.107400 0.061390
-1.109900 0.061265
-1.112400 0.061139
-1.115000 0.061012
-1.117600 0.060885
-1.120100 0.060757
-1.122700 0.060629
-1.125000 0.060500
-1.127600 0.060371
-1.130200 0.060241
-1.132700 0.060111
-1.137600 0.059980
-1.142700 0.059849
-1.145300 0.059718
-1.147700 0.059586
-1.150300 0.059453
-1.152700 0.059321
-1.155400 0.059187
-1.158000 0.059054
-1.160600 0.058920
-1.163000 0.058786
-1.165500 0.058651
-1.167900 0.058517
-1.170600 0.058381
-1.173200 0.058246
-1.175600 0.058110
-1.178200 0.057974
-1.180800 0.057838
-1.183300 0.057702
-1.185800 0.057565
-1.188300 0.057428
-1.190800 0.057291
-1.193300 0.057154
-1.198900 0.057016
-1.201400 0.056879
-1.203700 0.056741
-1.206400 0.056603
-1.211700 0.056465
-1.214400 0.056327
-1.217000 0.056189
-1.219800 0.056051
-1.222500 0.055913
-1.225000 0.055774
-1.227600 0.055636
-1.230300 0.055498
-1.232900 0.055359
-1.235500 0.055221
-1.238200 0.055083
-1.240900 0.054944
-1.243400 0.054806
-1.246100 0.054668
-1.251600 0.054529
-1.254300 0.054391
-1.257000 0.054253
-1.259800 0.054115
-1.262600 0.053977
-1.265300 0.053839
-1.268200 0.053702
-1.271000 0.053564
-1.273900 0.053427
-1.276700 0.053289
-1.279400 0.053152
-1.282200 0.053015
-1.285200 0.052878
-1.287900 0.052742
-1.290700 0.052605
-1.293600 0.052469
-1.296200 0.052333
-1.299100 0.052197
-1.307600 0.052062
-1.310400 0.051926
-1.316400 0.051791
-1.319500 0.051656
-1.322400 0.051522
-1.325300 0.051387
-1.328500 0.051253
-1.331300 0.051119
-1.334300 0.050986
-1.337600 0.050852
-1.340700 0.050719
-1.344100 0.050587
-1.347400 0.050454
-1.350600 0.050322
-1.357000 0.050190
-1.360100 0.050058
-1.363400 0.049926
-1.366600 0.049795
-1.373400 0.049664
-1.376900 0.049533
-1.380300 0.049403
-1.383700 0.049273
-1.387300 0.049143
-1.390600 0.049013
-1.394600 0.048884
-1.398200 0.048755
-1.401800 0.048627
-1.405700 0.048498
-1.413400 0.048370
-1.417100 0.048243
-1.420800 0.048115
-1.424800 0.047988
-1.428900 0.047862
-1.433100 0.047735
-1.437100 0.047609
-1.441100 0.047484
-1.445200 0.047358
-1.449500 0.047233
-1.454000 0.047109
-1.458400 0.046984
-1.462900 0.046861
-1.472000 0.046737
-1.476700 0.046614
-1.481600 0.046491
-1.491600 0.046369
-1.496600 0.046246
-1.501500 0.046125
-1.507000 0.046004
-1.512200 0.045883
-1.517700 0.045762
-1.523000 0.045642
-1.528700 0.045523
-1.534400 0.045398
-1.540100 0.045274
-1.545700 0.045151
-1.551700 0.045027
-1.557600 0.044905
-1.570500 0.044782
-1.576900 0.044661
-1.583900 0.044539
-1.591000 0.044418
-1.597600 0.044298
-1.612600 0.044178
-1.620800 0.044059
-1.629100 0.043939
-1.637700 0.043821
-1.646300 0.043703
-1.655900 0.043585
-1.665600 0.043467
-1.675800 0.043350
-1.686000 0.043234
-1.697200 0.043117
-1.709200 0.043001
-1.721000 0.042885
-1.734700 0.042770
-1.748700 0.042654
-1.763200 0.042540
-1.779900 0.042426
-1.796800 0.042312
-1.814900 0.042200
-1.835100 0.042088
-1.858200 0.041976
-1.881700 0.041865
-1.909800 0.041755
-1.942900 0.041646
-1.983200 0.041537
-2.026800 0.041429
-2.079900 0.041322
-2.153700 0.041216
-2.256800 0.041111
-2.416200 0.041007
-2.697600 0.040904
-3.207100 0.040803
-4.334400 0.040704
-14.906000 0.040606
-18.202000 0.040512
