6.018000 0.072426
0.276810 0.072426
-0.002261 0.072426
-0.135440 0.072426
-0.216530 0.072426
-0.271040 0.072426
-0.322090 0.072426
-0.366130 0.072426
-0.408790 0.072426
-0.439750 0.072426
-0.489470 0.072426
-0.510380 0.072426
-0.526190 0.072426
-0.544060 0.072426
-0.561680 0.072426
-0.573980 0.072426
-0.587580 0.072426
-0.600230 0.072426
-0.612410 0.072426
-0.623120 0.072426
-0.634840 0.072426
-0.644790 0.072426
-0.653530 0.072426
-0.662180 0.072426
-0.670910 0.072426
-0.679940 0.072426
-0.688140 0.072426
-0.694860 0.072426
-0.701210 0.072426
-0.707190 0.072426
-0.714620 0.072426
-0.721170 0.072426
-0.727650 0.072426
-0.733770 0.072426
-0.738610 0.072426
-0.743860 0.072426
-0.754850 0.072426
-0.760100 0.072426
-0.764260 0.072426
-0.768510 0.072426
-0.772780 0.072426
-0.777210 0.072426
-0.780710 0.072426
-0.784310 0.072426
-0.787650 0.072426
-0.791350 0.072426
-0.794960 0.072426
-0.798230 0.072426
-0.805100 0.072426
-0.808560 0.072426
-0.811300 0.072426
-0.814460 0.072426
-0.817430 0.072426
-0.822960 0.072426
-0.825980 0.072426
-0.828870 0.072426
-0.831510 0.072426
-0.838810 0.072426
-0.841440 0.072426
-0.844380 0.072426
-0.846710 0.072426
-0.849330 0.072426
-0.851670 0.072426
-0.854010 0.072426
-0.856430 0.072426
-0.858710 0.072426
-0.861250 0.072425
-0.863580 0.072416
-0.865800 0.072326
-0.867890 0.071429
-0.869860 0.070532
-0.872290 0.069693
-0.874110 0.068893
-0.876140 0.068124
-0.877970 0.067376
-0.880050 0.066648
-0.881830 0.065939
-0.883730 0.065248
-0.885830 0.064571
-0.887620 0.063901
-0.889550 0.063240
-0.891310 0.062590
-0.893030 0.061951
-0.894810 0.061323
-0.896430 0.060709
-0.898280 0.060106
-0.900000 0.059518
-0.901800 0.058943
-0.903180 0.058382
-0.904810 0.057765
-0.906570 0.057162
-0.908200 0.056571
-0.909690 0.055991
-0.911130 0.055423
-0.912530 0.054865
-0.915710 0.054318
-0.917160 0.053782
-0.918700 0.053256
-0.920230 0.052740
-0.923230 0.052235
-0.924530 0.051741
-0.925960 0.051257
-0.928600 0.050783
-0.930030 0.050320
-0.931420 0.049868
-0.932870 0.049425
-0.934070 0.048993
-0.935520 0.048572
-0.937040 0.048163
-0.938240 0.047765
-0.939450 0.047379
-0.940630 0.047004
-0.941850 0.046640
-0.942860 0.046288
-0.943920 0.045946
-0.945260 0.045614
-0.946420 0.045294
-0.947540 0.044984
-0.948690 0.044683
-0.949820 0.044393
-0.950830 0.044113
-0.952030 0.043842
-0.953130 0.043581
-0.954360 0.043328
-0.955460 0.043084
-0.956610 0.042848
-0.957850 0.042620
-0.959130 0.042400
-0.960380 0.042187
-0.962650 0.041980
-0.963860 0.041780
-0.964850 0.041586
-0.965830 0.041398
-0.966850 0.041214
-0.967890 0.041036
-0.968810 0.040862
-0.969760 0.040692
-0.970820 0.040526
-0.971860 0.040363
-0.972800 0.040202
-0.973830 0.040044
-0.974720 0.039889
-0.975720 0.039734
-0.976610 0.039582
-0.977580 0.039430
-0.978510 0.039279
-0.979340 0.039129
-0.980370 0.038979
-0.981210 0.038829
-0.982080 0.038678
-0.982910 0.038527
-0.983800 0.038376
-0.985480 0.038223
-0.986290 0.038070
-0.987100 0.037915
-0.987930 0.037760
-0.988750 0.037602
-0.989570 0.037444
-0.990480 0.037284
-0.991390 0.037122
-0.992200 0.036959
-0.993040 0.036795
-0.993850 0.036629
-0.994630 0.036462
-0.995540 0.036293
-0.996500 0.036123
-0.997430 0.035952
-0.998260 0.035780
-0.999020 0.035606
-0.999760 0.035432
-1.000600 0.035257
-1.001400 0.035081
-1.002300 0.034904
-1.003000 0.034728
-1.003800 0.034550
-1.004600 0.034373
-1.005300 0.034195
-1.006100 0.034018
-1.006700 0.033840
-1.007500 0.033663
-1.008300 0.033486
-1.009000 0.033310
-1.009800 0.033134
-1.010500 0.032959
-1.012400 0.032785
-1.013100 0.032612
-1.013900 0.032439
-1.014600 0.032268
-1.019200 0.032098
-1.023100 0.031929
-1.027100 0.031761
-1.031000 0.031595
-1.034600 0.031430
-1.038300 0.031266
-1.041900 0.031104
-1.045500 0.030943
-1.048800 0.030784
-1.051900 0.030626
-1.055100 0.030470
-1.058300 0.030315
-1.067300 0.030162
-1.070300 0.030010
-1.073000 0.029860
-1.078400 0.029712
-1.081100 0.029565
-1.083700 0.029420
-1.086400 0.029276
-1.088800 0.029135
-1.091200 0.028995
-1.093500 0.028856
-1.095800 0.028720
-1.098000 0.028585
-1.100200 0.028452
-1.102500 0.028321
-1.104700 0.028192
-1.106900 0.028065
-1.109000 0.027940
-1.111000 0.027817
-1.113100 0.027696
-1.115200 0.027577
-1.117200 0.027460
-1.119200 0.027346
-1.121200 0.027233
-1.123100 0.027124
-1.127100 0.027016
-1.129000 0.026911
-1.130900 0.026809
-1.132700 0.026709
-1.134600 0.026612
-1.136400 0.026518
-1.138300 0.026426
-1.140100 0.026337
-1.141900 0.026251
-1.143700 0.026168
-1.145300 0.026088
-1.147100 0.026011
-1.148800 0.025936
-1.150600 0.025865
-1.152300 0.025796
-1.154000 0.025731
-1.155800 0.025668
-1.157300 0.025608
-1.158900 0.025552
-1.162100 0.025498
-1.163600 0.025447
-1.165200 0.025399
-1.166800 0.025353
-1.168400 0.025310
-1.170000 0.025270
-1.171600 0.025233
-1.173000 0.025198
-1.174500 0.025165
-1.176100 0.025135
-1.177600 0.025107
-1.179100 0.025081
-1.180700 0.025057
-1.183500 0.025036
-1.184900 0.025016
-1.186400 0.024998
-1.187900 0.024981
-1.189300 0.024967
-1.190600 0.024953
-1.191900 0.024941
-1.193400 0.024931
-1.194700 0.024921
-1.196100 0.024913
-1.197400 0.024906
-1.198900 0.024899
-1.200300 0.024894
-1.201700 0.024889
-1.204500 0.024885
-1.205800 0.024882
-1.207100 0.024879
-1.208500 0.024876
-1.211100 0.024874
-1.212500 0.024872
-1.215100 0.024871
-1.216400 0.024870
-1.217800 0.024869
-1.219100 0.024868
-1.220500 0.024868
-1.221700 0.024867
-1.223100 0.024866
-1.224400 0.024866
-1.225600 0.024865
-1.226800 0.024864
-1.228100 0.024864
-1.229400 0.024863
-1.230600 0.024861
-1.231800 0.024860
-1.233100 0.024858
-1.234300 0.024856
-1.235500 0.024853
-1.236700 0.024850
-1.238000 0.024847
-1.239300 0.024843
-1.240500 0.024839
-1.241700 0.024834
-1.242900 0.024828
-1.245500 0.024821
-1.246800 0.024814
-1.248000 0.024806
-1.249200 0.024797
-1.250500 0.024787
-1.251700 0.024776
-1.253000 0.024764
-1.254200 0.024751
-1.256600 0.024737
-1.257800 0.024722
-1.259000 0.024705
-1.260200 0.024687
-1.261500 0.024667
-1.263900 0.024646
-1.265100 0.024624
-1.266300 0.024600
-1.267600 0.024575
-1.268800 0.024548
-1.270000 0.024520
-1.271300 0.024489
-1.272500 0.024458
-1.273700 0.024425
-1.275000 0.024390
-1.276300 0.024353
-1.277500 0.024315
-1.278700 0.024276
-1.279900 0.024235
-1.281300 0.024192
-1.282500 0.024148
-1.283700 0.024102
-1.284900 0.024055
-1.286100 0.024007
-1.287300 0.023957
-1.288600 0.023907
-1.289800 0.023855
-1.291100 0.023801
-1.292400 0.023747
-1.293600 0.023692
-1.294900 0.023636
-1.296100 0.023579
-1.297400 0.023521
-1.298600 0.023462
-1.299800 0.023403
-1.302300 0.023343
-1.303600 0.023283
-1.304900 0.023222
-1.306100 0.023161
-1.307400 0.023099
-1.308600 0.023037
-1.309900 0.022975
-1.311200 0.022913
-1.312400 0.022851
-1.313700 0.022788
-1.315000 0.022726
-1.316200 0.022663
-1.317500 0.022601
-1.318800 0.022538
-1.320000 0.022476
-1.322800 0.022414
-1.324100 0.022352
-1.325300 0.022290
-1.326700 0.022229
-1.327900 0.022167
-1.329300 0.022106
-1.330600 0.022045
-1.331900 0.021985
-1.333300 0.021925
-1.334600 0.021865
-1.336000 0.021805
-1.337300 0.021746
-1.338600 0.021686
-1.340000 0.021628
-1.344100 0.021569
-1.345400 0.021511
-1.346700 0.021453
-1.348200 0.021396
-1.349700 0.021338
-1.351100 0.021282
-1.352500 0.021225
-1.354000 0.021169
-1.355500 0.021113
-1.357000 0.021057
-1.358500 0.021001
-1.360100 0.020946
-1.361600 0.020891
-1.363100 0.020837
-1.364700 0.020783
-1.366200 0.020729
-1.369300 0.020675
-1.370800 0.020621
-1.372600 0.020568
-1.374000 0.020515
-1.375700 0.020463
-1.379100 0.020410
-1.380800 0.020358
-1.382500 0.020306
-1.384100 0.020255
-1.385900 0.020204
-1.387600 0.020153
-1.389400 0.020102
-1.391200 0.020051
-1.393000 0.020001
-1.394700 0.019951
-1.396600 0.019901
-1.398400 0.019852
-1.402200 0.019803
-1.404200 0.019754
-1.406200 0.019705
-1.408200 0.019656
-1.410100 0.019608
-1.412200 0.019560
-1.414300 0.019512
-1.416300 0.019464
-1.418400 0.019417
-1.422600 0.019370
-1.424800 0.019323
-1.427100 0.019276
-1.429300 0.019230
-1.431700 0.019183
-1.434100 0.019137
-1.436300 0.019091
-1.438600 0.019046
-1.441100 0.019000
-1.443600 0.018955
-1.446200 0.018910
-1.451700 0.018865
-1.454500 0.018820
-1.457200 0.018776
-1.460100 0.018732
-1.463100 0.018687
-1.466200 0.018643
-1.469300 0.018600
-1.472500 0.018556
-1.475900 0.018513
-1.479400 0.018469
-1.483100 0.018426
-1.486700 0.018383
-1.503300 0.018340
-1.507800 0.018298
-1.512500 0.018255
-1.517600 0.018213
-1.528300 0.018170
-1.534000 0.018127
-1.540400 0.018084
-1.547100 0.018042
-1.554600 0.018000
-1.562400 0.017958
-1.590400 0.017916
-1.602100 0.017874
-1.614200 0.017833
-1.628100 0.017791
-1.663000 0.017750
-1.684800 0.017709
-1.710200 0.017668
-1.744500 0.017627
-1.788000 0.017587
-1.855800 0.017547
-1.976300 0.017507
-2.317700 0.017468
-5.099900 0.017429
