18.294000 0.406468
6.967100 0.406468
3.843000 0.406468
2.490500 0.406468
1.846100 0.406468
1.432500 0.406467
1.122900 0.406462
0.865940 0.406403
0.649390 0.405821
0.504340 0.400000
0.371980 0.394179
0.279540 0.390514
0.193790 0.387772
0.126680 0.385549
0.056828 0.383656
-0.005886 0.381994
-0.056392 0.380508
-0.108910 0.379148
-0.156000 0.377886
-0.192650 0.376705
-0.227840 0.375596
-0.259790 0.374550
-0.290830 0.373560
-0.319360 0.372622
-0.348840 0.371716
-0.372520 0.370816
-0.409880 0.369936
-0.428520 0.369080
-0.443780 0.368251
-0.462760 0.367449
-0.480130 0.366673
-0.497770 0.365923
-0.513330 0.365197
-0.546320 0.364496
-0.560850 0.363818
-0.574090 0.363162
-0.586300 0.362528
-0.599030 0.361915
-0.611510 0.361323
-0.623290 0.360750
-0.634550 0.360198
-0.646540 0.359665
-0.658050 0.358781
-0.668150 0.357997
-0.688410 0.357273
-0.698330 0.356593
-0.708280 0.355947
-0.718750 0.355329
-0.727470 0.354736
-0.736840 0.354166
-0.752560 0.353614
-0.760950 0.353082
-0.769250 0.352566
-0.777220 0.352066
-0.784570 0.351581
-0.792540 0.351110
-0.799620 0.350652
-0.813750 0.350208
-0.820490 0.349777
-0.833190 0.349360
-0.839140 0.348954
-0.844910 0.348561
-0.850790 0.348180
-0.857080 0.347810
-0.862670 0.347451
-0.868590 0.347103
-0.873650 0.346765
-0.878600 0.346437
-0.884000 0.346120
-0.895170 0.345812
-0.900390 0.345513
-0.904480 0.345223
-0.909050 0.344948
-0.913570 0.344687
-0.918120 0.344439
-0.923340 0.344202
-0.927670 0.343976
-0.931850 0.343760
-0.936520 0.343555
-0.945400 0.343359
-0.949920 0.343174
-0.953980 0.342997
-0.957880 0.342829
-0.961670 0.342670
-0.965540 0.342520
-0.969450 0.342378
-0.973510 0.342244
-0.977320 0.342117
-0.980890 0.341999
-0.985010 0.341887
-0.988580 0.341783
-0.991880 0.341686
-0.995450 0.341595
-0.999050 0.341511
-1.002700 0.341434
-1.006500 0.341362
-1.010000 0.341296
-1.013300 0.341236
-1.016900 0.341181
-1.020200 0.341132
-1.023700 0.341087
-1.026900 0.341047
-1.030000 0.341011
-1.033200 0.340980
-1.036300 0.340952
-1.039900 0.340927
-1.042500 0.340906
-1.045300 0.340887
-1.048700 0.340871
-1.051700 0.340857
-1.054600 0.340846
-1.057300 0.340836
-1.059900 0.340828
-1.063000 0.340821
-1.065700 0.340815
-1.068600 0.340809
-1.071900 0.340804
-1.075000 0.340799
-1.080500 0.340794
-1.082800 0.340788
-1.085600 0.340782
-1.088200 0.340774
-1.091100 0.340766
-1.095800 0.340755
-1.098300 0.340743
-1.101100 0.340729
-1.103600 0.340712
-1.106400 0.340692
-1.108800 0.340669
-1.111300 0.340643
-1.113500 0.340614
-1.115800 0.340580
-1.118200 0.340542
-1.120600 0.340501
-1.122500 0.340454
-1.126900 0.340402
-1.129000 0.340346
-1.131100 0.340284
-1.132900 0.340216
-1.135300 0.340142
-1.137800 0.340062
-1.140100 0.339976
-1.144300 0.339883
-1.146300 0.339784
-1.148200 0.339677
-1.150400 0.339563
-1.152500 0.339442
-1.154600 0.339313
-1.157000 0.339176
-1.158800 0.339031
-1.160700 0.338878
-1.162700 0.338716
-1.166500 0.338546
-1.168700 0.338367
-1.170700 0.338180
-1.172900 0.337983
-1.174800 0.337778
-1.176500 0.337563
-1.178400 0.337338
-1.180300 0.337104
-1.182200 0.336861
-1.184200 0.336608
-1.186400 0.336345
-1.190000 0.336072
-1.191700 0.335790
-1.193300 0.335497
-1.194900 0.335195
-1.196800 0.334883
-1.198600 0.334560
-1.200300 0.334227
-1.202200 0.333884
-1.204300 0.333532
-1.206100 0.333168
-1.207800 0.332795
-1.209600 0.332412
-1.211600 0.332019
-1.213300 0.331615
-1.215200 0.331202
-1.216600 0.330779
-1.218200 0.330345
-1.219900 0.329902
-1.221500 0.329450
-1.223300 0.328987
-1.224900 0.328515
-1.226300 0.328033
-1.227900 0.327542
-1.238100 0.327042
-1.246900 0.326532
-1.255600 0.326014
-1.264500 0.325486
-1.272800 0.324950
-1.281300 0.324404
-1.289600 0.323851
-1.297600 0.323288
-1.305600 0.322718
-1.313300 0.322139
-1.320900 0.321553
-1.328200 0.320958
-1.335100 0.320356
-1.342300 0.319746
-1.348600 0.319129
-1.355200 0.318505
-1.361500 0.317873
-1.367600 0.317235
-1.373600 0.316590
-1.379400 0.315939
-1.385400 0.315281
-1.391000 0.314618
-1.396800 0.313948
-1.402600 0.313272
-1.408200 0.312591
-1.413900 0.311905
-1.419600 0.311213
-1.424900 0.310517
-1.430000 0.309815
-1.435000 0.309109
-1.440200 0.308398
-1.449800 0.307683
-1.455000 0.306964
-1.459600 0.306241
-1.464300 0.305514
-1.469100 0.304784
-1.473600 0.304050
-1.478200 0.303313
-1.482600 0.302573
-1.487300 0.301830
-1.491700 0.301085
-1.496200 0.300337
-1.500500 0.299587
-1.504800 0.298834
-1.513100 0.298080
-1.516900 0.297323
-1.521000 0.296565
-1.525400 0.295805
-1.529400 0.295044
-1.533200 0.294282
-1.537200 0.293519
-1.541200 0.292755
-1.545300 0.291990
-1.549000 0.291224
-1.552800 0.290458
-1.556400 0.289691
-1.560000 0.288925
-1.563800 0.288158
-1.567400 0.287391
-1.571000 0.286624
-1.574800 0.285857
-1.578500 0.285091
-1.585500 0.284326
-1.588900 0.283560
-1.592300 0.282796
-1.595700 0.282032
-1.598900 0.281270
-1.602400 0.280508
-1.605800 0.279747
-1.609200 0.278988
-1.612500 0.278230
-1.616000 0.277473
-1.619300 0.276717
-1.622500 0.275963
-1.626000 0.275211
-1.629300 0.274460
-1.632500 0.273711
-1.638900 0.272964
-1.642100 0.272219
-1.645300 0.271475
-1.648400 0.270733
-1.651500 0.269994
-1.654500 0.269256
-1.657600 0.268521
-1.660800 0.267788
-1.664000 0.267057
-1.667100 0.266328
-1.670100 0.265601
-1.673000 0.264877
-1.676100 0.264155
-1.679100 0.263435
-1.682200 0.262718
-1.685300 0.262003
-1.688200 0.261290
-1.691200 0.260580
-1.694200 0.259873
-1.697200 0.259168
-1.700200 0.258465
-1.703200 0.257765
-1.706100 0.257067
-1.708900 0.256372
-1.711900 0.255680
-1.714800 0.254990
-1.726100 0.254302
-1.728900 0.253617
-1.731600 0.252935
-1.734500 0.252255
-1.737400 0.251578
-1.740300 0.250903
-1.743000 0.250231
-1.745700 0.249561
-1.748600 0.248894
-1.751300 0.248229
-1.753900 0.247567
-1.756700 0.246907
-1.759400 0.246250
-1.762100 0.245595
-1.764800 0.244942
-1.767500 0.244292
-1.770300 0.243645
-1.773000 0.243000
-1.775700 0.242357
-1.778400 0.241717
-1.781300 0.241079
-1.784000 0.240443
-1.786700 0.239810
-1.789500 0.239179
-1.792500 0.238550
-1.795100 0.237923
-1.797900 0.237299
-1.800700 0.236677
-1.803300 0.236058
-1.806000 0.235440
-1.808800 0.234825
-1.811300 0.234212
-1.813900 0.233601
-1.816800 0.232992
-1.819500 0.232386
-1.822200 0.231781
-1.824900 0.231179
-1.827700 0.230578
-1.830400 0.229980
-1.833200 0.229384
-1.836000 0.228790
-1.838700 0.228197
-1.841300 0.227607
-1.843800 0.227019
-1.846600 0.226433
-1.849300 0.225849
-1.852000 0.225266
-1.854800 0.224686
-1.860300 0.224108
-1.862800 0.223531
-1.865400 0.222957
-1.868300 0.222384
-1.873700 0.221813
-1.876400 0.221244
-1.879300 0.220677
-1.882100 0.220112
-1.884800 0.219548
-1.887600 0.218987
-1.893100 0.218427
-1.896000 0.217869
-1.901500 0.217313
-1.904200 0.216758
-1.906900 0.216206
-1.909800 0.215655
-1.912600 0.215106
-1.915300 0.214559
-1.918000 0.214013
-1.920900 0.213470
-1.923600 0.212928
-1.926500 0.212388
-1.929200 0.211849
-1.932200 0.211313
-1.934900 0.210778
-1.937800 0.210245
-1.940600 0.209713
-1.943400 0.209184
-1.946500 0.208656
-1.949500 0.208130
-1.952400 0.207606
-1.955300 0.207083
-1.958100 0.206562
-1.961100 0.206043
-1.964100 0.205526
-1.967000 0.205010
-1.970200 0.204497
-1.973200 0.203985
-1.976100 0.203474
-1.979200 0.202966
-1.982200 0.202459
-1.985200 0.201955
-1.988100 0.201451
-1.991200 0.200950
-1.994400 0.200451
-1.997500 0.199953
-2.000900 0.199457
-2.004200 0.198963
-2.007400 0.198471
-2.010700 0.197981
-2.014000 0.197492
-2.017300 0.197005
-2.020600 0.196520
-2.024000 0.196037
-2.027200 0.195556
-2.030600 0.195077
-2.034100 0.194599
-2.037900 0.194123
-2.041200 0.193650
-2.044700 0.193178
-2.048500 0.192708
-2.052200 0.192239
-2.055800 0.191773
-2.059700 0.191309
-2.063500 0.190846
-2.067300 0.190386
-2.070900 0.189927
-2.074500 0.189471
-2.078500 0.189016
-2.082400 0.188564
-2.086400 0.188113
-2.090600 0.187664
-2.094700 0.187216
-2.099100 0.186770
-2.103300 0.186326
-2.107700 0.185884
-2.112000 0.185443
-2.116400 0.185005
-2.121100 0.184568
-2.125600 0.184132
-2.130400 0.183699
-2.134900 0.183268
-2.139500 0.182838
-2.144600 0.182410
-2.149500 0.181984
-2.154300 0.181560
-2.164600 0.181138
-2.169900 0.180718
-2.175300 0.180299
-2.180500 0.179883
-2.185800 0.179469
-2.191700 0.179056
-2.197700 0.178646
-2.204100 0.178239
-2.209900 0.177834
-2.216500 0.177431
-2.222300 0.177031
-2.228800 0.176634
-2.235100 0.176242
-2.242400 0.175826
-2.249700 0.175412
-2.257100 0.175001
-2.264500 0.174593
-2.272200 0.174187
-2.280500 0.173783
-2.288700 0.173382
-2.297900 0.172984
-2.308100 0.172588
-2.317800 0.172195
-2.328100 0.171804
-2.339000 0.171415
-2.350200 0.171029
-2.362400 0.170645
-2.375000 0.170264
-2.388200 0.169884
-2.434600 0.169506
-2.452900 0.169129
-2.493400 0.168755
-2.517000 0.168386
-2.543000 0.168020
-2.570300 0.167659
-2.604300 0.167302
-2.641900 0.166951
-2.683200 0.166604
-2.790500 0.166264
-2.862700 0.165933
-2.958600 0.165611
-3.095500 0.165302
-3.616300 0.165010
-4.327000 0.164745
-5.619500 0.164530
