276.520000 0.157654
1.358100 0.157654
-0.227860 0.157654
-1.182500 0.157654
-1.396700 0.157654
-1.546600 0.157654
-1.666600 0.157654
-1.836300 0.157654
-1.909000 0.157654
-1.980100 0.157654
-2.077000 0.157654
-2.144500 0.157654
-2.183000 0.157654
-2.233000 0.157654
-2.269400 0.157654
-2.305300 0.157654
-2.343600 0.157654
-2.377900 0.157654
-2.439000 0.157654
-2.470400 0.157654
-2.497300 0.157654
-2.550200 0.157654
-2.572000 0.157654
-2.596300 0.157654
-2.619100 0.157654
-2.637500 0.157654
-2.656000 0.157654
-2.675100 0.157654
-2.692600 0.157654
-2.708100 0.157654
-2.723200 0.157654
-2.752600 0.157654
-2.792200 0.157654
-2.805800 0.157654
-2.819000 0.157654
-2.829800 0.157654
-2.841900 0.157654
-2.853600 0.157654
-2.864900 0.157654
-2.874000 0.157654
-2.886300 0.157654
-2.896500 0.157654
-2.907200 0.157654
-2.915700 0.157654
-2.935400 0.157654
-2.944300 0.157654
-2.952300 0.157654
-2.970700 0.157654
-2.986300 0.157654
-3.003900 0.157654
-3.011400 0.157654
-3.018700 0.157654
-3.026100 0.157654
-3.032700 0.157654
-3.039200 0.157654
-3.044800 0.157654
-3.050600 0.157654
-3.057200 0.157654
-3.068300 0.157654
-3.079100 0.157654
-3.084900 0.157654
-3.090300 0.157654
-3.096600 0.157654
-3.101200 0.157654
-3.106400 0.157654
-3.110600 0.157654
-3.115900 0.157654
-3.120600 0.157654
-3.125400 0.157654
-3.134700 0.157654
-3.139300 0.157654
-3.148300 0.157654
-3.152200 0.157654
-3.156400 0.157654
-3.160800 0.157654
-3.165100 0.157654
-3.169300 0.157654
-3.173200 0.157654
-3.177100 0.157654
-3.180900 0.157654
-3.184500 0.157654
-3.188300 0.157654
-3.192000 0.157654
-3.195900 0.157654
-3.198800 0.157654
-3.205900 0.157654
-3.209200 0.157654
-3.212900 0.157654
-3.216400 0.157654
-3.219500 0.157654
-3.222400 0.157654
-3.226100 0.157654
-3.232700 0.157654
-3.238500 0.157654
-3.241500 0.157654
-3.244500 0.157654
-3.247700 0.157654
-3.250300 0.157654
-3.253500 0.157654
-3.256800 0.157654
-3.259500 0.157654
-3.261900 0.157654
-3.264500 0.157654
-3.267500 0.157654
-3.270600 0.157654
-3.273100 0.157654
-3.278600 0.157654
-3.281500 0.157654
-3.284300 0.157654
-3.286500 0.157654
-3.288800 0.157654
-3.291000 0.157654
-3.293900 0.157654
-3.296500 0.157654
-3.299200 0.157654
-3.301700 0.157654
-3.304300 0.157654
-3.306700 0.157654
-3.309200 0.157654
-3.311600 0.157654
-3.314200 0.157654
-3.316400 0.157654
-3.318400 0.157654
-3.320500 0.157654
-3.322700 0.157654
-3.324900 0.157654
-3.327000 0.157654
-3.329000 0.157654
-3.331000 0.157654
-3.333300 0.157654
-3.335400 0.157654
-3.339900 0.157654
-3.342200 0.157654
-3.342500 0.157654
-3.343500 0.157654
-3.345400 0.157654
-3.349700 0.157654
-3.351900 0.157654
-3.353700 0.157654
-3.355900 0.157654
-3.357900 0.157654
-3.360100 0.157654
-3.361700 0.157654
-3.363400 0.157654
-3.365500 0.157654
-3.367300 0.157654
-3.369200 0.157654
-3.371200 0.157654
-3.373100 0.157654
-3.375000 0.157654
-3.376900 0.157654
-3.378600 0.157654
-3.380600 0.157654
-3.382400 0.157654
-3.384400 0.157654
-3.386200 0.157654
-3.387600 0.157654
-3.389500 0.157654
-3.391100 0.157654
-3.392900 0.157654
-3.394800 0.157654
-3.396300 0.157654
-3.397800 0.157654
-3.399600 0.157654
-3.401100 0.157654
-3.402800 0.157654
-3.405900 0.157654
-3.407600 0.157654
-3.409200 0.157654
-3.410600 0.157654
-3.412300 0.157654
-3.413800 0.157654
-3.415200 0.157654
-3.416600 0.157654
-3.418100 0.157654
-3.427300 0.157654
-3.436000 0.157654
-3.444800 0.157654
-3.453200 0.157654
-3.461400 0.157654
-3.469100 0.157654
-3.476300 0.157653
-3.489900 0.157645
-3.496400 0.157564
-3.503100 0.156760
-3.509500 0.155956
-3.515400 0.155188
-3.521300 0.154466
-3.527100 0.153795
-3.533100 0.153167
-3.538400 0.152578
-3.544200 0.152029
-3.555100 0.151520
-3.560300 0.151042
-3.565200 0.150579
-3.570200 0.150132
-3.575000 0.149705
-3.579700 0.149299
-3.584200 0.148915
-3.589000 0.148552
-3.593600 0.148210
-3.598200 0.147888
-3.602800 0.147586
-3.606900 0.147303
-3.611600 0.146922
-3.616100 0.146559
-3.620500 0.146215
-3.624800 0.145889
-3.629000 0.145579
-3.633100 0.145285
-3.637200 0.145006
-3.641000 0.144741
-3.645000 0.144489
-3.648800 0.144250
-3.653000 0.144024
-3.656500 0.143809
-3.660000 0.143604
-3.663700 0.143410
-3.667300 0.143225
-3.671000 0.143049
-3.674600 0.142880
-3.678100 0.142717
-3.681500 0.142565
-3.685100 0.142421
-3.688500 0.142286
-3.691800 0.142158
-3.695200 0.142037
-3.698600 0.141923
-3.701700 0.141815
-3.705000 0.141711
-3.708100 0.141613
-3.711400 0.141518
-3.714600 0.141428
-3.717800 0.141340
-3.721200 0.141255
-3.724200 0.141172
-3.727300 0.141090
-3.730300 0.141010
-3.733500 0.140931
-3.736700 0.140852
-3.739800 0.140773
-3.742900 0.140693
-3.745800 0.140612
-3.748900 0.140529
-3.752000 0.140445
-3.754800 0.140359
-3.757900 0.140271
-3.760800 0.140179
-3.763600 0.140085
-3.766500 0.139987
-3.769400 0.139886
-3.772200 0.139782
-3.775100 0.139673
-3.778000 0.139561
-3.780700 0.139444
-3.783400 0.139323
-3.786200 0.139197
-3.789000 0.139067
-3.791700 0.138932
-3.794300 0.138793
-3.797100 0.138649
-3.799600 0.138500
-3.802300 0.138346
-3.805000 0.138188
-3.807700 0.138026
-3.810200 0.137859
-3.812800 0.137687
-3.815600 0.137512
-3.818300 0.137332
-3.820800 0.137148
-3.823300 0.136961
-3.826000 0.136770
-3.828500 0.136575
-3.831300 0.136377
-3.833700 0.136177
-3.836200 0.135973
-3.838700 0.135767
-3.841300 0.135559
-3.843800 0.135350
-3.846200 0.135138
-3.848700 0.134925
-3.851200 0.134712
-3.853700 0.134497
-3.856200 0.134283
-3.858800 0.134068
-3.861300 0.133853
-3.863700 0.133639
-3.866200 0.133426
-3.868700 0.133215
-3.871100 0.133004
-3.873500 0.132796
-3.878400 0.132589
-3.880800 0.132385
-3.883100 0.132184
-3.885500 0.131985
-3.888000 0.131789
-3.890400 0.131597
-3.892800 0.131408
-3.897700 0.131222
-3.902600 0.131041
-3.905000 0.130863
-3.909700 0.130690
-3.912200 0.130520
-3.914700 0.130355
-3.917100 0.130195
-3.919500 0.130038
-3.921900 0.129886
-3.924300 0.129738
-3.926700 0.129595
-3.929000 0.129455
-3.931400 0.129320
-3.933700 0.129190
-3.936100 0.129063
-3.938400 0.128941
-3.940900 0.128822
-3.943400 0.128707
-3.946000 0.128596
-3.948400 0.128489
-3.951000 0.128385
-3.953300 0.128284
-3.955800 0.128186
-3.958300 0.128092
-3.960700 0.128001
-3.963200 0.127912
-3.965700 0.127826
-3.968200 0.127743
-3.970800 0.127662
-3.975800 0.127584
-3.978200 0.127507
-3.980900 0.127433
-3.983400 0.127362
-3.985700 0.127292
-3.988300 0.127224
-3.990800 0.127158
-3.993200 0.127094
-3.995600 0.127032
-3.998100 0.126971
-4.000600 0.126913
-4.003000 0.126856
-4.005600 0.126801
-4.008000 0.126748
-4.010500 0.126696
-4.013000 0.126647
-4.015600 0.126599
-4.018200 0.126553
-4.020800 0.126508
-4.023300 0.126466
-4.025900 0.126425
-4.028500 0.126386
-4.031000 0.126349
-4.036200 0.126314
-4.041700 0.126280
-4.044500 0.126248
-4.047100 0.126218
-4.049800 0.126189
-4.054900 0.126162
-4.057800 0.126136
-4.060500 0.126112
-4.063300 0.126089
-4.066000 0.126067
-4.068800 0.126046
-4.071700 0.126025
-4.074500 0.126006
-4.077200 0.125987
-4.080200 0.125968
-4.083100 0.125950
-4.086000 0.125931
-4.088800 0.125912
-4.091600 0.125893
-4.097200 0.125873
-4.100100 0.125852
-4.103000 0.125830
-4.106200 0.125807
-4.109100 0.125782
-4.112100 0.125755
-4.115200 0.125726
-4.118200 0.125694
-4.121200 0.125661
-4.124200 0.125624
-4.127100 0.125585
-4.130300 0.125542
-4.133200 0.125497
-4.136300 0.125447
-4.139500 0.125395
-4.142700 0.125338
-4.146100 0.125278
-4.149300 0.125214
-4.152500 0.125145
-4.155900 0.125073
-4.159100 0.124996
-4.162700 0.124916
-4.166000 0.124831
-4.169500 0.124741
-4.173100 0.124648
-4.176700 0.124551
-4.180400 0.124449
-4.183900 0.124343
-4.187500 0.124234
-4.191100 0.124120
-4.198800 0.124003
-4.202500 0.123882
-4.206600 0.123757
-4.214600 0.123629
-4.218700 0.123498
-4.223000 0.123363
-4.227100 0.123226
-4.231400 0.123085
-4.235700 0.122942
-4.240100 0.122796
-4.244300 0.122647
-4.249200 0.122496
-4.253400 0.122343
-4.257900 0.122188
-4.262700 0.122031
-4.272600 0.121871
-4.277800 0.121710
-4.282900 0.121547
-4.288200 0.121383
-4.293500 0.121216
-4.299000 0.121048
-4.304600 0.120879
-4.310500 0.120708
-4.316600 0.120537
-4.323000 0.120364
-4.329400 0.120190
-4.335900 0.120016
-4.342500 0.119840
-4.349500 0.119662
-4.356300 0.119484
-4.363900 0.119304
-4.371400 0.119122
-4.378900 0.118939
-4.386700 0.118754
-4.395300 0.118567
-4.403800 0.118378
-4.412700 0.118186
-4.422400 0.117993
-4.432600 0.117797
-4.443400 0.117614
-4.455000 0.117430
-4.479100 0.117244
-4.492800 0.117056
-4.507600 0.116866
-4.522900 0.116673
-4.538400 0.116478
-4.576500 0.116280
-4.599100 0.116079
-4.624000 0.115876
-4.653400 0.115671
-4.686500 0.115460
-4.723800 0.115243
-4.768400 0.115019
-4.824400 0.114787
-4.903500 0.114547
-5.007300 0.114298
-5.436500 0.114044
-6.322600 0.113790
