7.763300 0.096670
5.879200 0.096670
5.879200 0.096670
5.879200 0.096670
5.032000 0.096670
1.366800 0.096670
0.128250 0.096670
-0.207600 0.096670
-0.613150 0.096670
-0.981370 0.096670
-1.299000 0.096670
-1.501700 0.096670
-2.022200 0.096670
-2.133800 0.096670
-2.311300 0.096670
-2.371800 0.096670
-2.444900 0.096670
-2.509900 0.096670
-2.566100 0.096670
-2.618200 0.096670
-2.669500 0.096670
-2.717600 0.096670
-2.759000 0.096670
-2.801500 0.096670
-2.842800 0.096670
-2.904900 0.096670
-2.935900 0.096670
-2.966300 0.096670
-3.000700 0.096670
-3.026000 0.096670
-3.051600 0.096670
-3.074000 0.096670
-3.096300 0.096670
-3.114300 0.096670
-3.134300 0.096670
-3.154300 0.096670
-3.169800 0.096670
-3.187600 0.096670
-3.203700 0.096670
-3.219100 0.096670
-3.233000 0.096670
-3.249400 0.096670
-3.263100 0.096670
-3.277600 0.096670
-3.289000 0.096670
-3.301900 0.096670
-3.314100 0.096670
-3.323700 0.096670
-3.336300 0.096670
-3.346400 0.096670
-3.357800 0.096670
-3.369000 0.096670
-3.379800 0.096670
-3.389100 0.096670
-3.400000 0.096670
-3.409600 0.096670
-3.419200 0.096670
-3.439400 0.096670
-3.448400 0.096670
-3.456400 0.096670
-3.464400 0.096670
-3.482000 0.096670
-3.489300 0.096670
-3.497500 0.096670
-3.505400 0.096670
-3.511900 0.096670
-3.518900 0.096670
-3.525000 0.096670
-3.531400 0.096670
-3.538100 0.096670
-3.545200 0.096670
-3.552500 0.096670
-3.560200 0.096670
-3.566700 0.096670
-3.572900 0.096670
-3.579900 0.096670
-3.585900 0.096670
-3.592100 0.096670
-3.598100 0.096670
-3.603300 0.096670
-3.609200 0.096670
-3.615200 0.096670
-3.621500 0.096670
-3.627500 0.096670
-3.632400 0.096670
-3.638000 0.096670
-3.643800 0.096670
-3.649100 0.096670
-3.654100 0.096670
-3.664800 0.096670
-3.669400 0.096670
-3.674200 0.096670
-3.678900 0.096670
-3.683400 0.096670
-3.687700 0.096670
-3.693000 0.096670
-3.697400 0.096670
-3.701600 0.096670
-3.706200 0.096670
-3.710500 0.096670
-3.714500 0.096670
-3.723200 0.096670
-3.727000 0.096670
-3.731000 0.096670
-3.735800 0.096670
-3.739600 0.096670
-3.743200 0.096670
-3.747300 0.096670
-3.751800 0.096670
-3.756100 0.096670
-3.760200 0.096670
-3.764300 0.096670
-3.772200 0.096670
-3.776500 0.096670
-3.779700 0.096670
-3.783600 0.096670
-3.787200 0.096670
-3.791300 0.096670
-3.795200 0.096670
-3.799300 0.096670
-3.802800 0.096670
-3.806500 0.096670
-3.810000 0.096664
-3.813900 0.096603
-3.817300 0.096000
-3.820900 0.095397
-3.828300 0.094950
-3.831900 0.094586
-3.835900 0.094269
-3.839400 0.093978
-3.842700 0.093703
-3.845700 0.093438
-3.849100 0.093179
-3.852300 0.092922
-3.855200 0.092664
-3.858500 0.092408
-3.861800 0.092153
-3.865300 0.091899
-3.868300 0.091646
-3.871500 0.091393
-3.874600 0.091140
-3.877800 0.090887
-3.880900 0.090634
-3.883900 0.090381
-3.886800 0.090108
-3.889400 0.089844
-3.892400 0.089588
-3.895600 0.089336
-3.898200 0.089086
-3.900900 0.088838
-3.903700 0.088591
-3.906500 0.088345
-3.909100 0.088099
-3.911800 0.087855
-3.914500 0.087612
-3.916900 0.087370
-3.919600 0.087129
-3.922300 0.086889
-3.924900 0.086650
-3.927600 0.086414
-3.930300 0.086179
-3.933100 0.085947
-3.935500 0.085718
-3.938100 0.085492
-3.940400 0.085269
-3.943300 0.085049
-3.946000 0.084832
-3.948800 0.084619
-3.951200 0.084409
-3.953700 0.084203
-3.956000 0.084000
-3.958800 0.083801
-3.961300 0.083606
-3.964000 0.083415
-3.966500 0.083228
-3.969200 0.083046
-3.971800 0.082867
-3.974500 0.082693
-3.976800 0.082523
-3.979500 0.082357
-3.982100 0.082195
-3.984400 0.082037
-3.987100 0.081882
-4.003100 0.081731
-4.017400 0.081584
-4.043400 0.081440
-4.055600 0.081298
-4.068200 0.081159
-4.080300 0.081023
-4.091700 0.080889
-4.103100 0.080757
-4.114300 0.080626
-4.124700 0.080496
-4.135600 0.080367
-4.145700 0.080238
-4.155900 0.080110
-4.165800 0.079981
-4.176000 0.079851
-4.186200 0.079720
-4.195800 0.079588
-4.205300 0.079454
-4.214900 0.079319
-4.223800 0.079180
-4.232400 0.079039
-4.241000 0.078895
-4.249900 0.078748
-4.258200 0.078597
-4.267000 0.078443
-4.275300 0.078284
-4.283100 0.078122
-4.291600 0.077955
-4.299900 0.077785
-4.307400 0.077610
-4.315200 0.077430
-4.322700 0.077247
-4.330700 0.077059
-4.338400 0.076866
-4.345800 0.076670
-4.353200 0.076470
-4.368100 0.076266
-4.375300 0.076059
-4.382100 0.075848
-4.389500 0.075635
-4.396600 0.075418
-4.403300 0.075199
-4.409900 0.074978
-4.416600 0.074756
-4.423000 0.074531
-4.429500 0.074306
-4.436300 0.074081
-4.442500 0.073855
-4.448800 0.073629
-4.455200 0.073404
-4.461500 0.073180
-4.467900 0.072957
-4.474500 0.072736
-4.480600 0.072518
-4.492300 0.072302
-4.498500 0.072089
-4.504300 0.071880
-4.510300 0.071675
-4.516000 0.071474
-4.522000 0.071277
-4.538700 0.071085
-4.544400 0.070898
-4.550200 0.070717
-4.555700 0.070541
-4.561300 0.070371
-4.566800 0.070207
-4.572600 0.070050
-4.578100 0.069898
-4.583700 0.069754
-4.594100 0.069615
-4.599400 0.069484
-4.604500 0.069359
-4.609500 0.069241
-4.614900 0.069129
-4.620300 0.069024
-4.625600 0.068926
-4.635900 0.068834
-4.641200 0.068748
-4.646400 0.068669
-4.651700 0.068596
-4.656900 0.068528
-4.661700 0.068466
-4.666400 0.068410
-4.671300 0.068359
-4.676100 0.068312
-4.681100 0.068270
-4.686000 0.068233
-4.691000 0.068199
-4.696100 0.068169
-4.701100 0.068143
-4.705900 0.068119
-4.710900 0.068098
-4.716000 0.068080
-4.720900 0.068063
-4.725500 0.068048
-4.730600 0.068034
-4.735400 0.068021
-4.740100 0.068009
-4.745000 0.067996
-4.749300 0.067984
-4.754200 0.067970
-4.758800 0.067956
-4.763300 0.067941
-4.767900 0.067924
-4.777000 0.067905
-4.781500 0.067884
-4.790800 0.067861
-4.795500 0.067835
-4.800300 0.067806
-4.804900 0.067773
-4.809700 0.067737
-4.814000 0.067698
-4.818600 0.067655
-4.823300 0.067607
-4.827800 0.067556
-4.832700 0.067500
-4.837000 0.067440
-4.841500 0.067375
-4.845800 0.067305
-4.850400 0.067231
-4.855000 0.067153
-4.859700 0.067069
-4.864000 0.066981
-4.868800 0.066888
-4.873100 0.066791
-4.877700 0.066688
-4.882400 0.066582
-4.887000 0.066470
-4.891600 0.066355
-4.896200 0.066235
-4.900700 0.066111
-4.904900 0.065983
-4.909300 0.065850
-4.913400 0.065715
-4.917800 0.065575
-4.922500 0.065432
-4.926900 0.065286
-4.931400 0.065137
-4.935900 0.064985
-4.940300 0.064830
-4.944900 0.064672
-4.949200 0.064512
-4.953500 0.064350
-4.958000 0.064186
-4.962400 0.064020
-4.966900 0.063852
-4.971500 0.063683
-4.975700 0.063512
-4.980600 0.063341
-4.985300 0.063168
-4.989600 0.062995
-4.998800 0.062821
-5.003500 0.062647
-5.007800 0.062472
-5.012600 0.062297
-5.017300 0.062122
-5.021700 0.061947
-5.026200 0.061772
-5.030800 0.061598
-5.035200 0.061424
-5.039400 0.061251
-5.043900 0.061079
-5.048300 0.060907
-5.052800 0.060736
-5.057300 0.060567
-5.061900 0.060398
-5.066700 0.060231
-5.071600 0.060065
-5.085100 0.059900
-5.089800 0.059737
-5.094500 0.059575
-5.099100 0.059415
-5.103600 0.059256
-5.108400 0.059100
-5.112900 0.058945
-5.117400 0.058792
-5.121800 0.058641
-5.126600 0.058492
-5.131400 0.058344
-5.136200 0.058199
-5.140900 0.058056
-5.145700 0.057915
-5.150500 0.057776
-5.155100 0.057640
-5.160000 0.057505
-5.164800 0.057373
-5.169900 0.057242
-5.174600 0.057114
-5.179300 0.056989
-5.184400 0.056865
-5.194100 0.056743
-5.203800 0.056624
-5.208900 0.056507
-5.218800 0.056392
-5.223700 0.056278
-5.228700 0.056167
-5.234000 0.056058
-5.239000 0.055950
-5.244500 0.055845
-5.249800 0.055741
-5.255200 0.055638
-5.260600 0.055538
-5.266000 0.055438
-5.271300 0.055340
-5.276900 0.055244
-5.282100 0.055148
-5.287700 0.055054
-5.293200 0.054961
-5.298700 0.054868
-5.304100 0.054777
-5.309600 0.054686
-5.315500 0.054596
-5.321100 0.054506
-5.327300 0.054417
-5.333000 0.054328
-5.339000 0.054239
-5.345000 0.054150
-5.351000 0.054062
-5.357000 0.053973
-5.363300 0.053885
-5.369600 0.053797
-5.376000 0.053708
-5.382200 0.053619
-5.388100 0.053530
-5.394800 0.053441
-5.401500 0.053352
-5.408300 0.053263
-5.415000 0.053173
-5.422000 0.053083
-5.429400 0.052993
-5.436400 0.052903
-5.443500 0.052813
-5.450200 0.052722
-5.464600 0.052632
-5.471800 0.052542
-5.479800 0.052451
-5.487700 0.052362
-5.495500 0.052272
-5.503700 0.052183
-5.512800 0.052094
-5.521000 0.052006
-5.530100 0.051918
-5.548000 0.051831
-5.557800 0.051745
-5.567900 0.051660
-5.577300 0.051576
-5.587200 0.051492
-5.597300 0.051410
-5.608700 0.051328
-5.619900 0.051247
-5.631300 0.051168
-5.643500 0.051091
-5.655700 0.051015
-5.681900 0.050940
-5.695900 0.050868
-5.710200 0.050797
-5.725400 0.050728
-5.740600 0.050662
-5.756900 0.050598
-5.773800 0.050536
-5.792000 0.050476
-5.811400 0.050417
-5.833000 0.050346
-5.855700 0.050277
-5.880200 0.050212
-5.904300 0.050150
-5.933500 0.050090
-5.963400 0.050034
-5.997400 0.049981
-6.034000 0.049931
-6.075600 0.049883
-6.125800 0.049838
-6.182300 0.049795
-6.252600 0.049757
-6.327700 0.049724
-6.426400 0.049695
-6.545600 0.049672
-6.709700 0.049652
-6.949000 0.049636
-7.296000 0.049617
-26.802000 0.049569
