5.432800 0.364930
1.158300 0.364930
0.868160 0.364930
0.676960 0.364930
0.544430 0.364930
0.413750 0.364930
0.330470 0.364930
0.252220 0.364930
0.189780 0.364930
0.137870 0.364930
0.090324 0.364930
0.051444 0.364930
0.018760 0.364930
-0.016945 0.364930
-0.049477 0.364930
-0.076485 0.364930
-0.104350 0.364930
-0.129620 0.364930
-0.152050 0.364930
-0.169320 0.364930
-0.186130 0.364929
-0.204260 0.364925
-0.220620 0.364880
-0.236700 0.364437
-0.266210 0.360000
-0.279610 0.355563
-0.293710 0.352348
-0.306130 0.349691
-0.318730 0.347363
-0.339580 0.345253
-0.350930 0.343306
-0.361640 0.341476
-0.379830 0.339732
-0.388710 0.338061
-0.397160 0.336452
-0.405800 0.334899
-0.414410 0.333396
-0.430430 0.331937
-0.438240 0.330508
-0.445290 0.329085
-0.461370 0.327678
-0.467810 0.326292
-0.474830 0.324928
-0.481180 0.323586
-0.487070 0.322265
-0.493630 0.320965
-0.499830 0.319685
-0.505680 0.318424
-0.511330 0.317182
-0.516820 0.315957
-0.522650 0.314748
-0.527980 0.313554
-0.533240 0.312376
-0.543500 0.311213
-0.548550 0.309800
-0.553690 0.308455
-0.563000 0.307152
-0.568250 0.305882
-0.572670 0.304638
-0.577610 0.303416
-0.582560 0.302214
-0.587320 0.301028
-0.591680 0.299857
-0.595990 0.298700
-0.600080 0.297556
-0.604330 0.296423
-0.608730 0.295301
-0.612650 0.294189
-0.616310 0.293087
-0.619910 0.291995
-0.623700 0.290912
-0.627240 0.289838
-0.630930 0.288772
-0.634620 0.287713
-0.637920 0.286663
-0.641690 0.285619
-0.645330 0.284581
-0.648750 0.283550
-0.654580 0.282525
-0.658270 0.281505
-0.661050 0.280491
-0.664420 0.279482
-0.667580 0.278482
-0.670660 0.277491
-0.673440 0.276508
-0.679370 0.275532
-0.682080 0.274563
-0.687780 0.273600
-0.690560 0.272643
-0.692850 0.271691
-0.697980 0.270745
-0.700540 0.269804
-0.702830 0.268867
-0.705420 0.267935
-0.710210 0.267008
-0.712690 0.266084
-0.715580 0.265165
-0.717890 0.264250
-0.720280 0.263338
-0.722470 0.262431
-0.724950 0.261526
-0.727120 0.260626
-0.729500 0.259728
-0.732030 0.258834
-0.734210 0.257943
-0.736730 0.257056
-0.739300 0.256171
-0.741740 0.255289
-0.743660 0.254411
-0.745890 0.253535
-0.748330 0.252661
-0.750310 0.251791
-0.752660 0.250922
-0.754800 0.250056
-0.757060 0.249193
-0.759130 0.248332
-0.761300 0.247473
-0.767070 0.246617
-0.769050 0.245762
-0.770770 0.244910
-0.772870 0.244061
-0.776560 0.243213
-0.778540 0.242368
-0.780530 0.241525
-0.782450 0.240684
-0.784340 0.239845
-0.786290 0.239008
-0.788220 0.238174
-0.790280 0.237342
-0.791970 0.236512
-0.793830 0.235684
-0.795750 0.234859
-0.797710 0.234036
-0.799510 0.233215
-0.801220 0.232396
-0.803020 0.231580
-0.804630 0.230766
-0.806440 0.229955
-0.808170 0.229145
-0.811470 0.228339
-0.814610 0.227534
-0.816020 0.226732
-0.817640 0.225933
-0.819370 0.225136
-0.820990 0.224341
-0.822430 0.223549
-0.825750 0.222760
-0.827340 0.221973
-0.828770 0.221189
-0.830420 0.220408
-0.832130 0.219629
-0.835470 0.218853
-0.836920 0.218079
-0.838650 0.217308
-0.840280 0.216540
-0.842020 0.215775
-0.843450 0.215013
-0.846170 0.214253
-0.849080 0.213496
-0.850660 0.212742
-0.852000 0.211991
-0.853370 0.211243
-0.854590 0.210497
-0.856090 0.209755
-0.857550 0.209015
-0.859000 0.208279
-0.860400 0.207545
-0.861700 0.206815
-0.863110 0.206087
-0.864450 0.205363
-0.865700 0.204641
-0.867120 0.203922
-0.868570 0.203207
-0.869940 0.202495
-0.871310 0.201785
-0.874020 0.201079
-0.875500 0.200376
-0.883610 0.199676
-0.891490 0.198979
-0.899020 0.198286
-0.906270 0.197595
-0.913570 0.196908
-0.920690 0.196224
-0.927830 0.195543
-0.934950 0.194866
-0.941810 0.194191
-0.948100 0.193520
-0.954350 0.192852
-0.960490 0.192187
-0.966410 0.191526
-0.972270 0.190868
-0.977930 0.190213
-0.983380 0.189561
-0.988930 0.188913
-0.994330 0.188268
-0.999810 0.187626
-1.005100 0.186988
-1.010200 0.186353
-1.015200 0.185721
-1.019800 0.185093
-1.024500 0.184467
-1.029200 0.183845
-1.034000 0.183227
-1.043300 0.182612
-1.047800 0.182000
-1.052200 0.181391
-1.061100 0.180785
-1.065400 0.180183
-1.069800 0.179584
-1.074200 0.178988
-1.078600 0.178396
-1.082800 0.177807
-1.087000 0.177221
-1.094700 0.176638
-1.098700 0.176058
-1.102300 0.175482
-1.110100 0.174908
-1.114100 0.174338
-1.117800 0.173771
-1.121700 0.173207
-1.125600 0.172646
-1.129500 0.172088
-1.133300 0.171533
-1.137100 0.170982
-1.144500 0.170433
-1.148100 0.169887
-1.151700 0.169344
-1.155200 0.168804
-1.158800 0.168267
-1.162500 0.167732
-1.166000 0.167201
-1.173300 0.166672
-1.176800 0.166146
-1.180200 0.165623
-1.183600 0.165103
-1.187200 0.164585
-1.190700 0.164070
-1.193900 0.163557
-1.197300 0.163047
-1.204100 0.162540
-1.207300 0.162036
-1.210700 0.161533
-1.213900 0.161034
-1.217100 0.160537
-1.220300 0.160042
-1.223600 0.159550
-1.226900 0.159060
-1.230100 0.158573
-1.233400 0.158087
-1.236800 0.157605
-1.239800 0.157124
-1.243000 0.156646
-1.252400 0.156170
-1.255600 0.155697
-1.258600 0.155225
-1.261700 0.154756
-1.264700 0.154289
-1.267800 0.153825
-1.271000 0.153362
-1.274000 0.152902
-1.277100 0.152443
-1.280200 0.151987
-1.283200 0.151533
-1.286300 0.151081
-1.289200 0.150631
-1.292100 0.150183
-1.298100 0.149737
-1.301100 0.149293
-1.303900 0.148852
-1.307100 0.148412
-1.310200 0.147974
-1.313200 0.147538
-1.316300 0.147104
-1.319300 0.146673
-1.322300 0.146243
-1.325200 0.145815
-1.328200 0.145389
-1.331200 0.144965
-1.334200 0.144543
-1.339900 0.144123
-1.342800 0.143705
-1.345800 0.143289
-1.348700 0.142874
-1.351600 0.142462
-1.354600 0.142052
-1.357500 0.141643
-1.360400 0.141237
-1.363500 0.140832
-1.366400 0.140430
-1.369500 0.140029
-1.372400 0.139630
-1.375500 0.139234
-1.378400 0.138839
-1.381300 0.138446
-1.387400 0.138055
-1.390400 0.137666
-1.393500 0.137279
-1.396600 0.136894
-1.402700 0.136511
-1.405800 0.136130
-1.408700 0.135751
-1.411800 0.135373
-1.414600 0.134998
-1.417700 0.134625
-1.420800 0.134254
-1.423900 0.133885
-1.426700 0.133518
-1.429900 0.133153
-1.433000 0.132790
-1.436000 0.132429
-1.438800 0.132070
-1.441900 0.131714
-1.447900 0.131359
-1.450900 0.131007
-1.457100 0.130656
-1.460200 0.130308
-1.463400 0.129962
-1.466400 0.129618
-1.469600 0.129276
-1.472500 0.128936
-1.475600 0.128599
-1.478800 0.128264
-1.481900 0.127931
-1.485200 0.127600
-1.488300 0.127271
-1.491300 0.126945
-1.494300 0.126621
-1.497400 0.126299
-1.500600 0.125979
-1.504000 0.125662
-1.507200 0.125347
-1.510500 0.125034
-1.513700 0.124724
-1.517100 0.124416
-1.520300 0.124110
-1.523500 0.123807
-1.526900 0.123505
-1.530100 0.123207
-1.533500 0.122910
-1.536800 0.122616
-1.540100 0.122325
-1.543600 0.122035
-1.547000 0.121748
-1.550300 0.121464
-1.554000 0.121182
-1.557600 0.120902
-1.561100 0.120624
-1.564500 0.120349
-1.568200 0.120077
-1.571900 0.119806
-1.575300 0.119538
-1.579000 0.119273
-1.582500 0.119010
-1.586000 0.118749
-1.589700 0.118490
-1.593400 0.118234
-1.597100 0.117980
-1.600700 0.117729
-1.604300 0.117479
-1.607900 0.117232
-1.611700 0.116988
-1.615400 0.116745
-1.619200 0.116505
-1.622700 0.116267
-1.626500 0.116032
-1.630600 0.115798
-1.634500 0.115567
-1.638500 0.115338
-1.642700 0.115111
-1.646900 0.114886
-1.651000 0.114664
-1.655300 0.114443
-1.659400 0.114225
-1.663700 0.114009
-1.667700 0.113794
-1.671800 0.113582
-1.676100 0.113372
-1.680300 0.113164
-1.684700 0.112957
-1.689100 0.112753
-1.693700 0.112550
-1.698300 0.112350
-1.702700 0.112151
-1.711900 0.111954
-1.716500 0.111759
-1.721000 0.111565
-1.725800 0.111374
-1.730700 0.111184
-1.735600 0.110996
-1.740600 0.110809
-1.745600 0.110625
-1.750500 0.110442
-1.755400 0.110261
-1.760600 0.110081
-1.765900 0.109903
-1.771300 0.109726
-1.776600 0.109551
-1.782200 0.109377
-1.793700 0.109205
-1.799100 0.109034
-1.805200 0.108864
-1.810500 0.108696
-1.822500 0.108529
-1.835300 0.108363
-1.841700 0.108199
-1.848400 0.108036
-1.855300 0.107874
-1.862300 0.107713
-1.869500 0.107554
-1.876800 0.107396
-1.883700 0.107240
-1.891200 0.107084
-1.898900 0.106930
-1.906800 0.106778
-1.915000 0.106626
-1.923200 0.106477
-1.940700 0.106329
-1.949500 0.106183
-1.958700 0.106039
-1.968800 0.105897
-1.978500 0.105758
-1.988100 0.105605
-1.998700 0.105454
-2.032400 0.105304
-2.044900 0.105156
-2.057600 0.105009
-2.070400 0.104864
-2.084200 0.104720
-2.099600 0.104578
-2.115000 0.104437
-2.130900 0.104298
-2.148500 0.104160
-2.165600 0.104024
-2.183900 0.103889
-2.225800 0.103755
-2.247700 0.103623
-2.271500 0.103491
-2.297600 0.103360
-2.326700 0.103233
-2.357800 0.103108
-2.393000 0.102986
-2.430800 0.102867
-2.474100 0.102752
-2.519900 0.102641
-2.575800 0.102536
-2.714500 0.102439
-2.904200 0.102352
-3.075300 0.102280
-3.388400 0.102230
-4.044300 0.102220
