0.185040 0.150908
-0.325860 0.150908
-0.498040 0.150908
-0.603520 0.150908
-0.692850 0.150908
-0.739310 0.150908
-0.781580 0.150908
-0.851880 0.150908
-0.879680 0.150908
-0.902460 0.150908
-0.921530 0.150908
-0.939580 0.150908
-0.956790 0.150908
-0.971400 0.150908
-0.984860 0.150908
-0.999200 0.150908
-1.010800 0.150908
-1.021700 0.150899
-1.031500 0.150818
-1.041800 0.150000
-1.058200 0.149182
-1.067300 0.148466
-1.076800 0.147806
-1.084200 0.147182
-1.091000 0.146586
-1.098300 0.146011
-1.104900 0.145453
-1.110800 0.144910
-1.117000 0.144379
-1.123200 0.143860
-1.128400 0.143349
-1.133900 0.142847
-1.138400 0.142353
-1.143500 0.141865
-1.147900 0.141384
-1.152900 0.140909
-1.157500 0.140440
-1.162800 0.139975
-1.166900 0.139516
-1.176100 0.139060
-1.180500 0.138608
-1.184700 0.138160
-1.188700 0.137716
-1.191800 0.137274
-1.196000 0.136836
-1.199900 0.136401
-1.207400 0.135970
-1.211000 0.135541
-1.214000 0.135115
-1.217600 0.134692
-1.221100 0.134273
-1.223900 0.133856
-1.226900 0.133442
-1.230300 0.133031
-1.233500 0.132622
-1.236700 0.132214
-1.239200 0.131807
-1.242500 0.131400
-1.245100 0.130995
-1.247900 0.130590
-1.250600 0.130188
-1.253300 0.129786
-1.261300 0.129386
-1.263800 0.128988
-1.266100 0.128592
-1.268700 0.128197
-1.271200 0.127803
-1.273700 0.127412
-1.276000 0.127022
-1.278500 0.126634
-1.280700 0.126248
-1.283200 0.125863
-1.285600 0.125481
-1.287700 0.125100
-1.289600 0.124721
-1.291900 0.124343
-1.294000 0.123968
-1.296300 0.123595
-1.298100 0.123223
-1.300200 0.122853
-1.300500 0.122485
-1.301700 0.122119
-1.303900 0.121755
-1.305900 0.121393
-1.307900 0.121032
-1.309800 0.120674
-1.311600 0.120317
-1.313800 0.119963
-1.315800 0.119610
-1.317600 0.119259
-1.319600 0.118910
-1.323400 0.118563
-1.325100 0.118172
-1.328300 0.117785
-1.330000 0.117401
-1.331500 0.117021
-1.333200 0.116643
-1.334900 0.116267
-1.337700 0.115893
-1.339300 0.115522
-1.341100 0.115153
-1.342700 0.114786
-1.344200 0.114420
-1.345700 0.114057
-1.347100 0.113695
-1.348600 0.113335
-1.349900 0.112977
-1.352900 0.112621
-1.354300 0.112266
-1.355800 0.111913
-1.357300 0.111561
-1.358700 0.111211
-1.360000 0.110862
-1.361200 0.110515
-1.362400 0.110170
-1.363600 0.109826
-1.364900 0.109484
-1.366200 0.109143
-1.369200 0.108803
-1.370400 0.108465
-1.371600 0.108129
-1.372900 0.107793
-1.374100 0.107460
-1.375300 0.107127
-1.376500 0.106797
-1.377800 0.106467
-1.379000 0.106139
-1.380200 0.105812
-1.381300 0.105487
-1.382400 0.105163
-1.383500 0.104840
-1.384800 0.104519
-1.385900 0.104199
-1.387100 0.103881
-1.388400 0.103564
-1.389600 0.103249
-1.390800 0.102934
-1.391900 0.102622
-1.394100 0.102310
-1.395200 0.102000
-1.396300 0.101692
-1.397500 0.101385
-1.398400 0.101079
-1.399400 0.100774
-1.400600 0.100471
-1.401600 0.100169
-1.403800 0.099869
-1.404800 0.099570
-1.405800 0.099272
-1.406800 0.098976
-1.408700 0.098681
-1.409700 0.098388
-1.410700 0.098095
-1.411700 0.097804
-1.412700 0.097515
-1.413700 0.097227
-1.416500 0.096940
-1.417500 0.096654
-1.418400 0.096370
-1.420300 0.096087
-1.421300 0.095805
-1.422300 0.095525
-1.423200 0.095246
-1.424000 0.094969
-1.425000 0.094693
-1.425900 0.094419
-1.426800 0.094147
-1.427800 0.093876
-1.428700 0.093606
-1.429700 0.093338
-1.430600 0.093072
-1.431400 0.092807
-1.432400 0.092544
-1.433200 0.092283
-1.434100 0.092022
-1.435100 0.091764
-1.436000 0.091507
-1.436900 0.091251
-1.437800 0.090997
-1.438700 0.090744
-1.439600 0.090493
-1.440500 0.090243
-1.446800 0.089995
-1.451700 0.089748
-1.456600 0.089503
-1.461100 0.089259
-1.465600 0.089017
-1.470400 0.088776
-1.474800 0.088537
-1.479100 0.088299
-1.483400 0.088063
-1.487600 0.087828
-1.491700 0.087594
-1.495700 0.087362
-1.499800 0.087131
-1.503900 0.086902
-1.507700 0.086675
-1.511400 0.086448
-1.515100 0.086223
-1.518600 0.086000
-1.522100 0.085778
-1.525700 0.085558
-1.532500 0.085339
-1.535800 0.085121
-1.539100 0.084905
-1.542400 0.084690
-1.545400 0.084477
-1.548600 0.084265
-1.551700 0.084054
-1.554700 0.083845
-1.557800 0.083637
-1.560800 0.083431
-1.563600 0.083226
-1.566600 0.083022
-1.569500 0.082820
-1.572500 0.082619
-1.575200 0.082420
-1.578100 0.082222
-1.580900 0.082025
-1.583800 0.081830
-1.586600 0.081636
-1.589300 0.081444
-1.592200 0.081252
-1.594600 0.081063
-1.597200 0.080874
-1.600000 0.080687
-1.602600 0.080501
-1.607600 0.080317
-1.610000 0.080134
-1.612500 0.079952
-1.615000 0.079772
-1.617600 0.079593
-1.622400 0.079415
-1.624900 0.079238
-1.627300 0.079063
-1.629800 0.078890
-1.632200 0.078717
-1.634600 0.078546
-1.636900 0.078376
-1.639300 0.078207
-1.641600 0.078040
-1.643900 0.077874
-1.646200 0.077709
-1.648500 0.077545
-1.650800 0.077383
-1.653000 0.077222
-1.655300 0.077062
-1.657600 0.076903
-1.659900 0.076746
-1.662200 0.076590
-1.664500 0.076435
-1.666700 0.076281
-1.669000 0.076129
-1.671100 0.075977
-1.673300 0.075827
-1.675400 0.075678
-1.677700 0.075530
-1.682100 0.075384
-1.684200 0.075238
-1.686400 0.075094
-1.688600 0.074951
-1.692800 0.074809
-1.694900 0.074668
-1.697000 0.074528
-1.699300 0.074389
-1.701500 0.074252
-1.703500 0.074116
-1.707700 0.073980
-1.709800 0.073846
-1.711900 0.073713
-1.713800 0.073581
-1.718000 0.073450
-1.720000 0.073320
-1.722100 0.073191
-1.724000 0.073064
-1.726000 0.072937
-1.732100 0.072811
-1.734200 0.072687
-1.738100 0.072563
-1.740100 0.072441
-1.742100 0.072319
-1.744000 0.072199
-1.745900 0.072079
-1.748000 0.071961
-1.750100 0.071843
-1.752100 0.071727
-1.754200 0.071611
-1.756300 0.071497
-1.758400 0.071383
-1.760400 0.071271
-1.764300 0.071159
-1.766200 0.071048
-1.768100 0.070939
-1.770000 0.070830
-1.772100 0.070722
-1.774200 0.070615
-1.776200 0.070509
-1.778200 0.070404
-1.780200 0.070299
-1.782200 0.070196
-1.784400 0.070094
-1.788200 0.069992
-1.790300 0.069891
-1.792300 0.069791
-1.794500 0.069692
-1.796300 0.069594
-1.798600 0.069497
-1.802500 0.069400
-1.806500 0.069305
-1.808500 0.069210
-1.810400 0.069116
-1.812400 0.069023
-1.814500 0.068931
-1.816600 0.068839
-1.818600 0.068748
-1.820700 0.068659
-1.822800 0.068569
-1.824900 0.068481
-1.826800 0.068393
-1.828900 0.068306
-1.833100 0.068220
-1.835200 0.068135
-1.837300 0.068050
-1.841400 0.067966
-1.843400 0.067882
-1.845500 0.067799
-1.847600 0.067717
-1.849800 0.067636
-1.851800 0.067555
-1.853800 0.067475
-1.856100 0.067396
-1.858200 0.067317
-1.860400 0.067239
-1.862500 0.067161
-1.864500 0.067085
-1.866800 0.067008
-1.868900 0.066933
-1.871000 0.066858
-1.873300 0.066784
-1.875500 0.066710
-1.877600 0.066637
-1.879900 0.066565
-1.882100 0.066493
-1.884200 0.066422
-1.886400 0.066351
-1.888600 0.066281
-1.890900 0.066212
-1.893200 0.066143
-1.895400 0.066075
-1.897700 0.066007
-1.900100 0.065940
-1.902500 0.065873
-1.904700 0.065807
-1.907100 0.065742
-1.909500 0.065677
-1.911900 0.065612
-1.914400 0.065548
-1.916700 0.065485
-1.919100 0.065422
-1.921600 0.065360
-1.924100 0.065298
-1.926600 0.065237
-1.929100 0.065177
-1.931700 0.065116
-1.934100 0.065057
-1.936700 0.064998
-1.939100 0.064939
-1.941600 0.064881
-1.944300 0.064823
-1.946900 0.064766
-1.949400 0.064709
-1.952300 0.064653
-1.954900 0.064598
-1.957500 0.064542
-1.963000 0.064488
-1.965700 0.064434
-1.968400 0.064380
-1.971200 0.064327
-1.974000 0.064274
-1.977100 0.064222
-1.980200 0.064170
-1.983100 0.064119
-1.986200 0.064068
-1.989100 0.064018
-1.992300 0.063969
-1.995500 0.063920
-1.998600 0.063861
-2.004800 0.063803
-2.007800 0.063746
-2.011000 0.063689
-2.014200 0.063633
-2.017400 0.063578
-2.020700 0.063523
-2.024100 0.063469
-2.027700 0.063416
-2.031100 0.063363
-2.034900 0.063311
-2.038400 0.063260
-2.042100 0.063209
-2.045900 0.063158
-2.049600 0.063109
-2.053200 0.063059
-2.057100 0.063011
-2.060700 0.062963
-2.064800 0.062915
-2.068900 0.062868
-2.072800 0.062821
-2.076800 0.062775
-2.081200 0.062729
-2.085700 0.062684
-2.089900 0.062639
-2.098500 0.062595
-2.103400 0.062551
-2.108200 0.062508
-2.113400 0.062465
-2.118300 0.062422
-2.122700 0.062380
-2.127700 0.062338
-2.133200 0.062296
-2.139100 0.062255
-2.144500 0.062214
-2.150300 0.062173
-2.156100 0.062132
-2.162300 0.062092
-2.181300 0.062052
-2.188600 0.062013
-2.195800 0.061974
-2.203200 0.061936
-2.210900 0.061899
-2.219000 0.061862
-2.227300 0.061826
-2.236000 0.061790
-2.245700 0.061755
-2.255500 0.061721
-2.265500 0.061687
-2.276100 0.061654
-2.287300 0.061621
-2.300100 0.061588
-2.312300 0.061557
-2.325600 0.061526
-2.340000 0.061495
-2.372500 0.061466
-2.391300 0.061437
-2.412000 0.061408
-2.434400 0.061381
-2.459500 0.061354
-2.486500 0.061328
-2.518600 0.061303
-2.556400 0.061279
-2.601700 0.061256
-2.646600 0.061234
-2.690600 0.061214
-2.759500 0.061194
-2.853700 0.061176
-2.989200 0.061160
-3.162400 0.061147
-3.450000 0.061137
-4.793700 0.061135
