385.580000 0.048250
4.939600 0.048250
4.149400 0.048250
2.731900 0.048250
2.100600 0.048250
2.100600 0.048250
1.845700 0.048250
1.337700 0.048250
1.019600 0.048250
0.763310 0.048250
0.568880 0.048250
0.309070 0.048250
0.193700 0.048250
0.102010 0.048250
0.010503 0.048250
-0.077753 0.048250
-0.237240 0.048250
-0.327970 0.048250
-0.463920 0.048250
-0.531200 0.048250
-0.594930 0.048250
-0.652600 0.048250
-0.703350 0.048250
-0.808150 0.048250
-0.847270 0.048250
-0.885450 0.048250
-0.920890 0.048250
-0.956950 0.048250
-1.006800 0.048250
-1.030300 0.048250
-1.054700 0.048250
-1.098900 0.048250
-1.118600 0.048250
-1.134800 0.048250
-1.151700 0.048250
-1.167900 0.048250
-1.179900 0.048250
-1.192800 0.048250
-1.207600 0.048250
-1.220600 0.048250
-1.234800 0.048250
-1.247400 0.048250
-1.259000 0.048250
-1.270900 0.048250
-1.281000 0.048250
-1.290300 0.048250
-1.299800 0.048250
-1.308500 0.048250
-1.318300 0.048250
-1.327000 0.048250
-1.343900 0.048250
-1.351600 0.048250
-1.358000 0.048250
-1.364400 0.048250
-1.371700 0.048250
-1.378100 0.048250
-1.384200 0.048250
-1.390300 0.048250
-1.396200 0.048250
-1.401400 0.048250
-1.407300 0.048250
-1.412800 0.048250
-1.417900 0.048250
-1.422800 0.048250
-1.433100 0.048250
-1.437700 0.048250
-1.441900 0.048250
-1.446200 0.048250
-1.450800 0.048250
-1.454500 0.048250
-1.459100 0.048250
-1.462800 0.048250
-1.466800 0.048250
-1.470800 0.048250
-1.474700 0.048250
-1.478000 0.048250
-1.482000 0.048250
-1.485500 0.048250
-1.489800 0.048250
-1.493000 0.048250
-1.496600 0.048250
-1.500300 0.048250
-1.503400 0.048250
-1.506800 0.048250
-1.510000 0.048250
-1.513100 0.048250
-1.516000 0.048250
-1.519100 0.048250
-1.522200 0.048250
-1.525100 0.048250
-1.528100 0.048250
-1.530600 0.048250
-1.533500 0.048250
-1.536100 0.048250
-1.538400 0.048250
-1.541000 0.048250
-1.543600 0.048250
-1.546300 0.048250
-1.549000 0.048250
-1.551300 0.048250
-1.553800 0.048250
-1.556700 0.048250
-1.559200 0.048250
-1.561700 0.048250
-1.564000 0.048250
-1.566500 0.048250
-1.568600 0.048250
-1.570800 0.048250
-1.572800 0.048250
-1.575200 0.048250
-1.579500 0.048250
-1.581600 0.048250
-1.583900 0.048250
-1.590400 0.048250
-1.592400 0.048250
-1.594400 0.048250
-1.596500 0.048250
-1.598400 0.048250
-1.600400 0.048250
-1.602100 0.048250
-1.604100 0.048249
-1.605900 0.048249
-1.607700 0.048247
-1.609200 0.048225
-1.611100 0.048000
-1.613200 0.047775
-1.615100 0.047579
-1.616800 0.047398
-1.618600 0.047227
-1.620400 0.047063
-1.622100 0.046904
-1.623500 0.046750
-1.625400 0.046600
-1.627100 0.046453
-1.629000 0.046308
-1.630700 0.046166
-1.634200 0.046026
-1.635900 0.045888
-1.637300 0.045752
-1.638800 0.045617
-1.640300 0.045483
-1.642000 0.045351
-1.643600 0.045219
-1.645100 0.045090
-1.646500 0.044961
-1.647900 0.044834
-1.649300 0.044707
-1.650800 0.044581
-1.652200 0.044456
-1.653700 0.044331
-1.655100 0.044206
-1.656600 0.044082
-1.658100 0.043958
-1.659500 0.043835
-1.660800 0.043713
-1.662300 0.043591
-1.663500 0.043471
-1.664900 0.043350
-1.666100 0.043231
-1.667400 0.043112
-1.668700 0.042994
-1.670000 0.042876
-1.671300 0.042759
-1.672500 0.042643
-1.673900 0.042527
-1.675200 0.042412
-1.676300 0.042298
-1.677600 0.042185
-1.678900 0.042072
-1.680000 0.041959
-1.681300 0.041848
-1.682700 0.041737
-1.684000 0.041615
-1.685300 0.041495
-1.686400 0.041376
-1.687400 0.041257
-1.688600 0.041140
-1.689900 0.041024
-1.691100 0.040908
-1.692300 0.040793
-1.693600 0.040678
-1.694900 0.040565
-1.696200 0.040452
-1.698400 0.040339
-1.699700 0.040227
-1.706900 0.040116
-1.713100 0.040005
-1.719400 0.039894
-1.725400 0.039784
-1.731400 0.039675
-1.736700 0.039566
-1.742400 0.039458
-1.747500 0.039350
-1.752800 0.039242
-1.757800 0.039135
-1.762800 0.039028
-1.767900 0.038922
-1.772800 0.038817
-1.777700 0.038711
-1.782300 0.038606
-1.786700 0.038502
-1.791100 0.038398
-1.795400 0.038295
-1.799700 0.038191
-1.803800 0.038089
-1.807900 0.037986
-1.812100 0.037884
-1.815900 0.037783
-1.823600 0.037682
-1.827100 0.037581
-1.830700 0.037481
-1.834200 0.037381
-1.837600 0.037281
-1.841000 0.037182
-1.844400 0.037083
-1.847700 0.036985
-1.851000 0.036887
-1.854400 0.036789
-1.857600 0.036692
-1.860700 0.036595
-1.863800 0.036499
-1.866900 0.036403
-1.869800 0.036308
-1.873000 0.036213
-1.879100 0.036118
-1.881900 0.036024
-1.884600 0.035930
-1.887300 0.035837
-1.890100 0.035744
-1.892900 0.035651
-1.895600 0.035559
-1.898400 0.035467
-1.901100 0.035376
-1.903600 0.035284
-1.906300 0.035194
-1.908900 0.035103
-1.911400 0.035013
-1.913800 0.034924
-1.916300 0.034835
-1.918800 0.034746
-1.921400 0.034657
-1.923800 0.034569
-1.926300 0.034481
-1.928800 0.034393
-1.931200 0.034306
-1.933800 0.034219
-1.936000 0.034133
-1.938300 0.034046
-1.940700 0.033960
-1.943100 0.033875
-1.945400 0.033790
-1.947700 0.033705
-1.949900 0.033620
-1.952100 0.033535
-1.954400 0.033451
-1.956600 0.033368
-1.963100 0.033284
-1.965400 0.033201
-1.967600 0.033118
-1.969600 0.033035
-1.971800 0.032953
-1.976300 0.032871
-1.978300 0.032789
-1.982500 0.032708
-1.984700 0.032627
-1.988800 0.032546
-1.990900 0.032465
-1.994900 0.032385
-1.997000 0.032304
-1.999100 0.032225
-2.001100 0.032145
-2.003100 0.032066
-2.005100 0.031986
-2.009000 0.031908
-2.010900 0.031829
-2.014700 0.031750
-2.016700 0.031672
-2.018500 0.031594
-2.020400 0.031517
-2.022300 0.031439
-2.024100 0.031362
-2.025900 0.031285
-2.027900 0.031208
-2.029900 0.031132
-2.031700 0.031055
-2.033600 0.030979
-2.035500 0.030903
-2.037300 0.030828
-2.039000 0.030752
-2.040800 0.030677
-2.042700 0.030602
-2.044500 0.030527
-2.046400 0.030453
-2.048300 0.030378
-2.050100 0.030304
-2.052000 0.030230
-2.053800 0.030157
-2.055600 0.030083
-2.057400 0.030010
-2.059100 0.029937
-2.061000 0.029864
-2.062900 0.029791
-2.064700 0.029719
-2.066500 0.029647
-2.070300 0.029575
-2.072100 0.029503
-2.073800 0.029431
-2.075600 0.029360
-2.077300 0.029289
-2.079100 0.029218
-2.080900 0.029147
-2.082800 0.029077
-2.084600 0.029007
-2.086500 0.028937
-2.088200 0.028867
-2.090100 0.028797
-2.091900 0.028728
-2.095500 0.028659
-2.097300 0.028590
-2.098900 0.028521
-2.100800 0.028452
-2.102500 0.028384
-2.104400 0.028316
-2.106200 0.028248
-2.108100 0.028181
-2.109800 0.028113
-2.111700 0.028046
-2.113500 0.027979
-2.115200 0.027913
-2.117100 0.027846
-2.120800 0.027780
-2.122700 0.027714
-2.124500 0.027648
-2.126400 0.027583
-2.128400 0.027518
-2.130200 0.027453
-2.132000 0.027388
-2.133800 0.027324
-2.135600 0.027259
-2.137300 0.027196
-2.139200 0.027132
-2.141100 0.027068
-2.142900 0.027005
-2.144700 0.026942
-2.146600 0.026880
-2.148300 0.026817
-2.150100 0.026755
-2.152000 0.026693
-2.153800 0.026632
-2.155700 0.026571
-2.157600 0.026509
-2.159500 0.026449
-2.161400 0.026388
-2.163400 0.026328
-2.165200 0.026268
-2.167100 0.026209
-2.169100 0.026149
-2.171000 0.026090
-2.172900 0.026031
-2.176700 0.025973
-2.178700 0.025915
-2.180600 0.025857
-2.182500 0.025799
-2.184500 0.025742
-2.186500 0.025685
-2.188400 0.025629
-2.190300 0.025572
-2.192300 0.025516
-2.194200 0.025461
-2.196200 0.025405
-2.198300 0.025350
-2.200400 0.025295
-2.202600 0.025241
-2.204600 0.025187
-2.206600 0.025133
-2.208800 0.025079
-2.210900 0.025025
-2.212900 0.024972
-2.214900 0.024919
-2.217100 0.024867
-2.221300 0.024815
-2.223400 0.024763
-2.225600 0.024711
-2.227700 0.024659
-2.229900 0.024608
-2.232000 0.024557
-2.234300 0.024507
-2.236500 0.024457
-2.241100 0.024407
-2.243500 0.024357
-2.245800 0.024308
-2.248100 0.024259
-2.250500 0.024210
-2.252900 0.024162
-2.255300 0.024114
-2.257800 0.024066
-2.260000 0.024019
-2.262400 0.023972
-2.264700 0.023925
-2.267100 0.023879
-2.269800 0.023833
-2.272400 0.023788
-2.274900 0.023742
-2.277700 0.023697
-2.280300 0.023653
-2.283000 0.023609
-2.285800 0.023565
-2.288600 0.023522
-2.291500 0.023479
-2.297300 0.023437
-2.300300 0.023395
-2.303100 0.023353
-2.306200 0.023313
-2.309100 0.023272
-2.312300 0.023226
-2.315400 0.023180
-2.321800 0.023135
-2.325200 0.023090
-2.328600 0.023046
-2.332100 0.023002
-2.338700 0.022958
-2.342500 0.022915
-2.346100 0.022872
-2.349800 0.022830
-2.353600 0.022788
-2.357500 0.022746
-2.361400 0.022705
-2.369700 0.022665
-2.374300 0.022625
-2.378800 0.022585
-2.383500 0.022546
-2.388200 0.022507
-2.398800 0.022469
-2.409800 0.022430
-2.415700 0.022393
-2.421700 0.022355
-2.427800 0.022318
-2.434400 0.022282
-2.441500 0.022245
-2.448600 0.022209
-2.456300 0.022173
-2.464300 0.022138
-2.473100 0.022104
-2.483400 0.022070
-2.493000 0.022038
-2.504700 0.022006
-2.516200 0.021975
-2.529800 0.021944
-2.544700 0.021915
-2.560700 0.021886
-2.579700 0.021859
-2.601500 0.021832
-2.626400 0.021808
-2.692500 0.021784
-2.734000 0.021763
-2.785400 0.021743
-2.855100 0.021726
-2.958200 0.021711
-3.124400 0.021700
-4.148000 0.021693
-12.842000 0.021692
