19.285000 0.277540
9.571800 0.277540
5.127800 0.277540
3.533900 0.277540
2.566500 0.277540
1.572400 0.277540
1.290800 0.277540
1.076500 0.277540
0.874710 0.277540
0.746290 0.277540
0.633380 0.277539
0.536820 0.277529
0.448590 0.277431
0.378190 0.276453
0.295730 0.266670
0.231430 0.256887
0.171620 0.250201
0.062668 0.245293
0.012284 0.241524
-0.031234 0.238530
-0.072738 0.236043
-0.117110 0.233950
-0.151840 0.232183
-0.185900 0.230687
-0.218860 0.229363
-0.242720 0.228077
-0.270860 0.226891
-0.300730 0.225820
-0.325450 0.224863
-0.348460 0.224014
-0.369030 0.223263
-0.395860 0.222598
-0.419570 0.222007
-0.439010 0.221481
-0.461010 0.221014
-0.483020 0.220600
-0.502790 0.220232
-0.523540 0.219026
-0.542400 0.218063
-0.557330 0.217272
-0.573870 0.216610
-0.590990 0.216046
-0.605300 0.215560
-0.634260 0.215137
-0.650990 0.214764
-0.663800 0.214430
-0.676900 0.214130
-0.689380 0.213859
-0.700390 0.213615
-0.711650 0.213393
-0.723310 0.213188
-0.733720 0.212996
-0.744430 0.212813
-0.754410 0.212635
-0.764690 0.212461
-0.774340 0.212286
-0.784130 0.212109
-0.793990 0.211953
-0.802960 0.211811
-0.814130 0.211676
-0.822560 0.211544
-0.832690 0.211411
-0.841630 0.211274
-0.859110 0.211130
-0.868270 0.210977
-0.875600 0.210813
-0.883260 0.210637
-0.891620 0.210447
-0.898270 0.210241
-0.905500 0.210019
-0.911790 0.209779
-0.919270 0.209521
-0.925980 0.209244
-0.939250 0.208948
-0.945880 0.208633
-0.951980 0.208296
-0.957230 0.207938
-0.962110 0.207557
-0.967760 0.207154
-0.978130 0.206728
-0.983720 0.206278
-0.989090 0.205805
-0.994640 0.205308
-0.999740 0.204788
-1.005200 0.204244
-1.015300 0.203678
-1.020200 0.203089
-1.025400 0.202477
-1.030700 0.201843
-1.035400 0.201188
-1.044000 0.200512
-1.048500 0.199815
-1.057900 0.199097
-1.061900 0.198361
-1.065600 0.197605
-1.069800 0.196831
-1.077400 0.196040
-1.081400 0.195232
-1.086000 0.194407
-1.089800 0.193568
-1.093600 0.192714
-1.097800 0.191846
-1.101900 0.190965
-1.105300 0.190071
-1.109100 0.189167
-1.112300 0.188251
-1.115700 0.187325
-1.119700 0.186391
-1.123500 0.185447
-1.127200 0.184496
-1.130100 0.183538
-1.133200 0.182574
-1.136700 0.181604
-1.139800 0.180629
-1.142800 0.179650
-1.145800 0.178668
-1.148800 0.177683
-1.151900 0.176695
-1.155400 0.175706
-1.158100 0.174716
-1.161500 0.173725
-1.164900 0.172735
-1.167600 0.171745
-1.170400 0.170757
-1.173300 0.169770
-1.176200 0.168785
-1.179200 0.167803
-1.182100 0.166824
-1.185100 0.165848
-1.187700 0.164876
-1.190700 0.163909
-1.193400 0.162946
-1.196000 0.161988
-1.198800 0.161035
-1.201500 0.160087
-1.203900 0.159145
-1.206600 0.158209
-1.209300 0.157280
-1.211400 0.156356
-1.216300 0.155440
-1.218900 0.154530
-1.221400 0.153626
-1.223600 0.152730
-1.226000 0.151841
-1.228400 0.150959
-1.230800 0.150085
-1.233500 0.149217
-1.235800 0.148358
-1.237900 0.147505
-1.242200 0.146660
-1.244400 0.145823
-1.246400 0.144994
-1.248300 0.144172
-1.250500 0.143358
-1.252400 0.142551
-1.254600 0.141753
-1.256800 0.140962
-1.258700 0.140179
-1.260800 0.139404
-1.262600 0.138636
-1.265300 0.137877
-1.267300 0.137125
-1.269200 0.136382
-1.271000 0.135646
-1.273000 0.134918
-1.275100 0.134199
-1.279400 0.133487
-1.283400 0.132784
-1.285300 0.132089
-1.287300 0.131402
-1.288900 0.130723
-1.290900 0.130053
-1.292700 0.129391
-1.294600 0.128738
-1.298300 0.128093
-1.300000 0.127456
-1.302000 0.126828
-1.305600 0.126209
-1.306600 0.125598
-1.308400 0.124996
-1.310300 0.124402
-1.312000 0.123817
-1.313600 0.123241
-1.315300 0.122673
-1.325900 0.122114
-1.335400 0.121563
-1.344600 0.121021
-1.354000 0.120488
-1.370900 0.119963
-1.378700 0.119446
-1.386600 0.118937
-1.394500 0.118436
-1.402000 0.117944
-1.409300 0.117459
-1.416200 0.116982
-1.423100 0.116513
-1.429500 0.116051
-1.436000 0.115596
-1.442600 0.115148
-1.455200 0.114707
-1.461000 0.114273
-1.466700 0.113845
-1.472600 0.113423
-1.478600 0.113008
-1.484000 0.112598
-1.489700 0.112193
-1.495100 0.111794
-1.500300 0.111399
-1.505500 0.111009
-1.510800 0.110624
-1.515900 0.110242
-1.521100 0.109865
-1.525900 0.109491
-1.530700 0.109121
-1.535100 0.108753
-1.539700 0.108389
-1.544100 0.108027
-1.548800 0.107667
-1.553600 0.107309
-1.557900 0.106954
-1.562100 0.106600
-1.566400 0.106247
-1.570800 0.105895
-1.574700 0.105545
-1.578700 0.105195
-1.582600 0.104846
-1.586800 0.104498
-1.590900 0.104150
-1.594800 0.103802
-1.598500 0.103454
-1.602200 0.103106
-1.606100 0.102759
-1.610100 0.102411
-1.613800 0.102062
-1.617500 0.101714
-1.621200 0.101365
-1.624800 0.101016
-1.628300 0.100666
-1.631900 0.100316
-1.635300 0.099966
-1.638800 0.099615
-1.642400 0.099264
-1.645800 0.098913
-1.649100 0.098561
-1.652500 0.098209
-1.655800 0.097857
-1.659000 0.097505
-1.662400 0.097152
-1.665600 0.096800
-1.669000 0.096448
-1.672300 0.096096
-1.675500 0.095745
-1.678800 0.095394
-1.682000 0.095043
-1.691300 0.094693
-1.694500 0.094343
-1.697500 0.093995
-1.700700 0.093647
-1.703800 0.093300
-1.706700 0.092954
-1.709700 0.092609
-1.712600 0.092265
-1.718600 0.091922
-1.721400 0.091581
-1.724400 0.091241
-1.727100 0.090903
-1.730000 0.090566
-1.732800 0.090231
-1.735600 0.089897
-1.738400 0.089566
-1.741100 0.089236
-1.743900 0.088907
-1.746600 0.088581
-1.749300 0.088256
-1.754800 0.087934
-1.757400 0.087613
-1.760200 0.087295
-1.762800 0.086978
-1.765600 0.086663
-1.768400 0.086351
-1.771100 0.086040
-1.774000 0.085731
-1.776500 0.085425
-1.779300 0.085120
-1.782100 0.084818
-1.784700 0.084518
-1.787300 0.084219
-1.789900 0.083923
-1.792500 0.083629
-1.795200 0.083336
-1.797800 0.083046
-1.800600 0.082758
-1.803200 0.082472
-1.805800 0.082187
-1.808500 0.081905
-1.811000 0.081625
-1.813600 0.081346
-1.816200 0.081070
-1.818800 0.080795
-1.824000 0.080522
-1.826500 0.080251
-1.829100 0.079982
-1.831600 0.079714
-1.834100 0.079449
-1.836700 0.079185
-1.839300 0.078923
-1.841800 0.078663
-1.844300 0.078404
-1.846800 0.078147
-1.849400 0.077892
-1.851900 0.077638
-1.854500 0.077386
-1.859500 0.077136
-1.862100 0.076888
-1.867100 0.076641
-1.869500 0.076395
-1.872000 0.076152
-1.874300 0.075909
-1.876800 0.075669
-1.879300 0.075430
-1.881900 0.075192
-1.884400 0.074956
-1.886900 0.074722
-1.889500 0.074489
-1.891900 0.074257
-1.894500 0.074027
-1.897000 0.073799
-1.899500 0.073572
-1.902200 0.073346
-1.904700 0.073122
-1.907500 0.072900
-1.910100 0.072679
-1.912700 0.072459
-1.915300 0.072241
-1.918000 0.072024
-1.920600 0.071809
-1.923200 0.071596
-1.925600 0.071384
-1.928100 0.071173
-1.930600 0.070964
-1.933100 0.070757
-1.935800 0.070551
-1.938300 0.070346
-1.941100 0.070144
-1.943800 0.069942
-1.946600 0.069743
-1.949100 0.069545
-1.951900 0.069349
-1.954400 0.069154
-1.957200 0.068961
-1.959800 0.068770
-1.962500 0.068580
-1.965100 0.068393
-1.967700 0.068207
-1.970400 0.068022
-1.973200 0.067840
-1.976000 0.067659
-1.981500 0.067481
-1.984200 0.067304
-1.986900 0.067129
-1.989700 0.066956
-1.992600 0.066784
-1.995500 0.066615
-1.998400 0.066447
-2.001300 0.066282
-2.004200 0.066118
-2.007100 0.065957
-2.010000 0.065797
-2.013000 0.065639
-2.015800 0.065483
-2.018800 0.065329
-2.021800 0.065177
-2.025000 0.065027
-2.028100 0.064878
-2.031100 0.064732
-2.034200 0.064587
-2.040400 0.064444
-2.046800 0.064303
-2.050000 0.064164
-2.053100 0.064026
-2.056200 0.063890
-2.059400 0.063756
-2.062500 0.063623
-2.065900 0.063492
-2.069200 0.063362
-2.072500 0.063234
-2.075900 0.063107
-2.079200 0.062981
-2.082800 0.062857
-2.086400 0.062734
-2.090000 0.062612
-2.093700 0.062491
-2.097500 0.062371
-2.101300 0.062252
-2.104900 0.062133
-2.108600 0.062016
-2.112100 0.061899
-2.116000 0.061783
-2.120100 0.061668
-2.124200 0.061553
-2.128300 0.061439
-2.132400 0.061325
-2.136300 0.061211
-2.140200 0.061098
-2.144300 0.060984
-2.148300 0.060871
-2.152500 0.060758
-2.156900 0.060645
-2.161200 0.060532
-2.165700 0.060419
-2.170300 0.060306
-2.174900 0.060193
-2.179500 0.060079
-2.189200 0.059966
-2.194000 0.059852
-2.198900 0.059737
-2.203800 0.059623
-2.208900 0.059508
-2.214600 0.059392
-2.220200 0.059277
-2.225900 0.059161
-2.231400 0.059044
-2.243200 0.058927
-2.249200 0.058810
-2.255400 0.058692
-2.261600 0.058573
-2.268500 0.058454
-2.275900 0.058335
-2.283100 0.058215
-2.290400 0.058095
-2.297500 0.057974
-2.312700 0.057853
-2.320600 0.057732
-2.328700 0.057610
-2.336000 0.057488
-2.344900 0.057365
-2.354600 0.057242
-2.364100 0.057119
-2.373800 0.056996
-2.394800 0.056872
-2.406000 0.056748
-2.424400 0.056625
-2.437100 0.056501
-2.448400 0.056377
-2.461900 0.056253
-2.491800 0.056128
-2.507600 0.056003
-2.524700 0.055877
-2.542800 0.055751
-2.562200 0.055625
-2.583300 0.055498
-2.606500 0.055372
-2.630100 0.055245
-2.655500 0.055119
-2.685400 0.054992
-2.719200 0.054866
-2.757400 0.054740
-2.791300 0.054614
-2.840000 0.054489
-2.904100 0.054365
-3.067300 0.054242
-3.199900 0.054119
-3.851000 0.053998
-8.720300 0.053879
