53.003000 0.171535
5.046800 0.171535
3.980600 0.171535
3.056800 0.171535
2.613900 0.171535
2.353400 0.171535
1.795100 0.171535
1.576900 0.171535
1.415600 0.171535
1.415600 0.171535
1.390100 0.171535
1.194400 0.171535
0.962210 0.171535
0.896530 0.171535
0.867330 0.171535
0.840350 0.171535
0.792180 0.171535
0.748490 0.171535
0.706440 0.171535
0.668960 0.171535
0.638640 0.171535
0.580740 0.171535
0.559820 0.171535
0.540880 0.171535
0.520070 0.171535
0.500140 0.171535
0.483070 0.171535
0.468680 0.171535
0.452750 0.171535
0.441450 0.171535
0.429770 0.171535
0.419220 0.171535
0.396560 0.171535
0.386800 0.171535
0.376960 0.171535
0.367910 0.171535
0.359000 0.171535
0.351090 0.171535
0.342810 0.171535
0.335600 0.171535
0.322620 0.171535
0.315800 0.171535
0.309620 0.171535
0.303180 0.171535
0.296560 0.171535
0.291250 0.171535
0.286360 0.171535
0.280430 0.171535
0.275150 0.171535
0.270070 0.171535
0.265930 0.171535
0.261290 0.171535
0.251880 0.171535
0.247440 0.171535
0.242710 0.171535
0.238480 0.171535
0.234500 0.171535
0.230690 0.171535
0.226640 0.171535
0.222950 0.171535
0.219680 0.171535
0.216390 0.171535
0.208820 0.171535
0.205860 0.171535
0.202720 0.171535
0.199560 0.171535
0.193840 0.171535
0.190780 0.171535
0.187990 0.171535
0.185610 0.171535
0.182880 0.171535
0.180190 0.171535
0.171770 0.171535
0.169310 0.171535
0.167000 0.171535
0.164450 0.171535
0.162130 0.171535
0.157750 0.171535
0.155550 0.171535
0.153160 0.171535
0.148910 0.171535
0.146940 0.171535
0.144720 0.171535
0.142700 0.171535
0.140610 0.171535
0.138750 0.171535
0.136870 0.171535
0.134590 0.171535
0.132300 0.171535
0.130280 0.171535
0.128400 0.171535
0.126570 0.171535
0.124640 0.171535
0.117390 0.171535
0.115800 0.171535
0.113910 0.171535
0.112410 0.171535
0.109070 0.171535
0.107240 0.171535
0.105810 0.171535
0.104400 0.171535
0.102860 0.171535
0.101150 0.171535
0.099444 0.171535
0.097735 0.171535
0.096499 0.171535
0.095172 0.171535
0.093707 0.171535
0.092196 0.171535
0.090792 0.171535
0.089404 0.171535
0.088092 0.171535
0.086718 0.171535
0.085406 0.171535
0.083972 0.171535
0.082812 0.171535
0.081683 0.171535
0.080447 0.171535
0.079059 0.171535
0.077701 0.171535
0.076358 0.171535
0.075000 0.171535
0.073611 0.171535
0.072482 0.171535
0.071338 0.171535
0.070056 0.171535
0.068789 0.171535
0.067462 0.171535
0.066333 0.171535
0.065188 0.171535
0.064013 0.171535
0.062686 0.171535
0.061679 0.171535
0.060595 0.171535
0.059466 0.171535
0.058291 0.171535
0.057132 0.171535
0.056002 0.171535
0.054812 0.171535
0.053775 0.171535
0.052630 0.171535
0.051516 0.171535
0.050494 0.171535
0.049273 0.171535
0.048281 0.171535
0.047137 0.171535
0.046130 0.171535
0.045153 0.171535
0.044024 0.171535
0.042910 0.171535
0.041903 0.171535
0.040728 0.171535
0.039660 0.171535
0.038546 0.171535
0.037433 0.171535
0.036471 0.171535
0.035556 0.171535
0.034503 0.171535
0.033511 0.171535
0.032611 0.171535
0.030765 0.171535
0.029895 0.171535
0.028979 0.171535
0.027987 0.171535
0.027179 0.171535
0.026202 0.171535
0.025226 0.171535
0.023562 0.171535
0.021853 0.171535
0.020938 0.171535
0.020007 0.171535
0.019137 0.171535
0.018161 0.171535
0.017322 0.171535
0.016437 0.171535
0.015567 0.171535
0.014499 0.171535
0.008944 0.171535
0.003695 0.171535
-0.000898 0.171535
-0.005201 0.171535
-0.009641 0.171535
-0.014249 0.171535
-0.018354 0.171535
-0.022550 0.171535
-0.026471 0.171535
-0.030393 0.171535
-0.034223 0.171535
-0.037992 0.171535
-0.041761 0.171535
-0.045331 0.171535
-0.048917 0.171535
-0.052320 0.171535
-0.055738 0.171535
-0.058896 0.171535
-0.062162 0.171535
-0.065442 0.171535
-0.068647 0.171535
-0.071698 0.171535
-0.074918 0.171535
-0.078046 0.171535
-0.081037 0.171534
-0.083936 0.171527
-0.086850 0.171455
-0.089780 0.170730
-0.092588 0.170005
-0.095410 0.169369
-0.098249 0.168797
-0.100810 0.168274
-0.103540 0.167792
-0.106050 0.167346
-0.111300 0.166927
-0.113770 0.166531
-0.116220 0.166157
-0.118740 0.165802
-0.121210 0.165467
-0.123560 0.165151
-0.126080 0.164842
-0.128400 0.164538
-0.130810 0.164243
-0.133100 0.163956
-0.135570 0.163679
-0.137860 0.163412
-0.140130 0.163154
-0.142500 0.162905
-0.144620 0.162666
-0.147000 0.162436
-0.151380 0.162214
-0.155650 0.162000
-0.157730 0.161793
-0.159740 0.161594
-0.161800 0.161402
-0.163950 0.161137
-0.166210 0.160884
-0.168300 0.160641
-0.170350 0.160408
-0.172440 0.160183
-0.174410 0.159966
-0.176370 0.159756
-0.178420 0.159552
-0.180480 0.159355
-0.182420 0.159163
-0.184260 0.158977
-0.186180 0.158795
-0.188080 0.158617
-0.190090 0.158444
-0.193950 0.158275
-0.195890 0.158110
-0.197810 0.157948
-0.199700 0.157789
-0.201460 0.157633
-0.203410 0.157480
-0.205230 0.157329
-0.207150 0.157179
-0.209010 0.157032
-0.210980 0.156885
-0.212740 0.156740
-0.214580 0.156597
-0.216520 0.156457
-0.218410 0.156318
-0.220210 0.156181
-0.222010 0.156045
-0.223860 0.155910
-0.225640 0.155775
-0.229180 0.155641
-0.231020 0.155508
-0.232910 0.155374
-0.234690 0.155240
-0.236420 0.155105
-0.238130 0.154970
-0.239880 0.154833
-0.241650 0.154696
-0.243530 0.154557
-0.246990 0.154417
-0.248680 0.154275
-0.250490 0.154131
-0.252200 0.153986
-0.253900 0.153838
-0.257340 0.153688
-0.258920 0.153536
-0.260680 0.153381
-0.262330 0.153223
-0.264110 0.153063
-0.265820 0.152900
-0.267420 0.152735
-0.269150 0.152566
-0.270830 0.152394
-0.272570 0.152219
-0.274380 0.152040
-0.276040 0.151859
-0.277780 0.151674
-0.279490 0.151485
-0.281230 0.151294
-0.282880 0.151099
-0.284560 0.150901
-0.286300 0.150699
-0.289820 0.150494
-0.291530 0.150286
-0.293230 0.150075
-0.294780 0.149860
-0.296540 0.149642
-0.298230 0.149421
-0.300060 0.149197
-0.301770 0.148971
-0.303460 0.148741
-0.305100 0.148509
-0.306870 0.148274
-0.308580 0.148036
-0.310240 0.147796
-0.311900 0.147553
-0.313520 0.147309
-0.315240 0.147062
-0.317010 0.146813
-0.318740 0.146563
-0.320420 0.146310
-0.322160 0.146057
-0.323830 0.145801
-0.325470 0.145545
-0.327180 0.145287
-0.328920 0.145028
-0.330640 0.144769
-0.332400 0.144509
-0.334120 0.144248
-0.335720 0.143987
-0.337510 0.143725
-0.339230 0.143464
-0.340860 0.143203
-0.342680 0.142941
-0.344420 0.142680
-0.346170 0.142420
-0.347970 0.142160
-0.349680 0.141901
-0.351350 0.141643
-0.353100 0.141386
-0.354860 0.141131
-0.356630 0.140876
-0.358360 0.140623
-0.360180 0.140372
-0.361950 0.140122
-0.363740 0.139874
-0.365490 0.139628
-0.369090 0.139384
-0.370860 0.139142
-0.372630 0.138902
-0.378120 0.138665
-0.379910 0.138430
-0.381700 0.138198
-0.383560 0.137968
-0.385370 0.137741
-0.387300 0.137516
-0.389230 0.137295
-0.391000 0.137076
-0.392910 0.136860
-0.394760 0.136647
-0.396600 0.136437
-0.398420 0.136230
-0.400400 0.136026
-0.402370 0.135825
-0.404390 0.135628
-0.406320 0.135433
-0.408230 0.135242
-0.410220 0.135053
-0.412300 0.134868
-0.414260 0.134686
-0.416210 0.134507
-0.418290 0.134331
-0.420210 0.134158
-0.424300 0.133988
-0.426400 0.133821
-0.428500 0.133657
-0.430620 0.133496
-0.432720 0.133338
-0.434770 0.133182
-0.436830 0.133029
-0.438990 0.132879
-0.441280 0.132732
-0.443400 0.132587
-0.445660 0.132444
-0.447950 0.132304
-0.450280 0.132166
-0.452560 0.132030
-0.454830 0.131896
-0.457180 0.131764
-0.459460 0.131634
-0.461880 0.131506
-0.464210 0.131380
-0.466660 0.131255
-0.468980 0.131132
-0.471310 0.131010
-0.473830 0.130889
-0.476330 0.130770
-0.478820 0.130651
-0.481460 0.130534
-0.486450 0.130417
-0.489040 0.130301
-0.491970 0.130186
-0.494790 0.130072
-0.497590 0.129957
-0.500330 0.129844
-0.503260 0.129730
-0.506130 0.129616
-0.508850 0.129503
-0.511870 0.129389
-0.514870 0.129276
-0.517900 0.129162
-0.521090 0.129048
-0.524260 0.128934
-0.527450 0.128819
-0.530470 0.128704
-0.533510 0.128589
-0.536790 0.128473
-0.543780 0.128357
-0.547220 0.128239
-0.550790 0.128121
-0.554320 0.128002
-0.557950 0.127882
-0.561630 0.127762
-0.565430 0.127640
-0.569580 0.127517
-0.574000 0.127392
-0.578370 0.127267
-0.582670 0.127141
-0.587280 0.127013
-0.591830 0.126884
-0.596480 0.126754
-0.601800 0.126623
-0.606810 0.126491
-0.611710 0.126359
-0.616940 0.126226
-0.622210 0.126093
-0.628050 0.125963
-0.634050 0.125837
-0.640480 0.125708
-0.646760 0.125578
-0.653550 0.125446
-0.660320 0.125312
-0.667710 0.125176
-0.675030 0.125038
-0.683360 0.124898
-0.691980 0.124756
-0.701380 0.124612
-0.711350 0.124467
-0.721340 0.124321
-0.732820 0.124174
-0.744610 0.124025
-0.756880 0.123876
-0.769730 0.123724
-0.783890 0.123571
-0.800730 0.123416
-0.836990 0.123261
-0.859260 0.123105
-0.913770 0.122951
-1.032200 0.122798
-1.090000 0.122650
-1.160300 0.122511
-1.259800 0.122388
-1.430100 0.122294
-1.798500 0.122270
