63.062000 0.323225
2.557900 0.323225
1.826400 0.323225
1.735400 0.323225
1.512600 0.323225
1.315900 0.323225
1.131700 0.323225
1.037800 0.323225
0.966760 0.323225
0.893340 0.323225
0.830720 0.323225
0.781950 0.323225
0.744050 0.323225
0.713070 0.323225
0.655850 0.323225
0.586520 0.323225
0.569210 0.323225
0.553950 0.323225
0.539150 0.323225
0.524260 0.323225
0.509190 0.323225
0.497770 0.323225
0.485600 0.323225
0.473270 0.323225
0.462920 0.323225
0.454070 0.323225
0.445530 0.323225
0.436860 0.323225
0.427890 0.323225
0.419400 0.323225
0.411620 0.323225
0.403780 0.323225
0.396060 0.323225
0.388490 0.323225
0.381290 0.323225
0.375210 0.323225
0.368070 0.323225
0.362150 0.323225
0.356470 0.323225
0.351130 0.323225
0.345490 0.323225
0.340150 0.323225
0.334290 0.323225
0.329100 0.323225
0.324710 0.323225
0.319880 0.323225
0.314910 0.323222
0.310820 0.323193
0.305420 0.322903
0.301020 0.320000
0.297120 0.317097
0.293120 0.313948
0.289030 0.310905
0.284850 0.308134
0.281010 0.305659
0.276950 0.303343
0.273620 0.301202
0.266850 0.299256
0.263000 0.297509
0.259610 0.295949
0.256220 0.294563
0.252780 0.293333
0.249360 0.291681
0.243470 0.290131
0.240540 0.288692
0.237460 0.287376
0.234680 0.286178
0.231720 0.285090
0.228730 0.284103
0.225980 0.283205
0.223480 0.282384
0.220550 0.281627
0.217860 0.280948
0.214720 0.280339
0.209110 0.279796
0.206660 0.279312
0.204220 0.278879
0.201450 0.278490
0.198520 0.278136
0.196070 0.277811
0.193540 0.277506
0.191160 0.277216
0.188930 0.276933
0.186130 0.276649
0.183930 0.276359
0.178890 0.276055
0.176390 0.275733
0.174070 0.275385
0.169830 0.275009
0.167780 0.274600
0.165740 0.274156
0.163730 0.273674
0.161590 0.273153
0.159640 0.272593
0.157680 0.271993
0.155580 0.271355
0.153720 0.270680
0.149750 0.269968
0.147830 0.269224
0.145900 0.268450
0.143890 0.267649
0.142090 0.266826
0.140170 0.265986
0.136380 0.265132
0.134460 0.264271
0.132720 0.263406
0.131010 0.262544
0.129480 0.261688
0.127810 0.260843
0.126010 0.260015
0.124360 0.259208
0.122160 0.258424
0.116580 0.257668
0.113280 0.256943
0.111420 0.256250
0.109830 0.255591
0.108310 0.254966
0.106660 0.254375
0.105160 0.253818
0.103760 0.253292
0.102260 0.252798
0.100830 0.252331
0.099181 0.251891
0.095946 0.251474
0.092864 0.251078
0.091582 0.250701
0.088683 0.250340
0.087157 0.249992
0.085540 0.249657
0.084014 0.249332
0.082580 0.249014
0.081145 0.248704
0.076995 0.248400
0.075683 0.248102
0.074370 0.247810
0.073119 0.247523
0.071898 0.247244
0.070556 0.246972
0.069243 0.246710
0.067931 0.246457
0.066588 0.246216
0.065398 0.245989
0.064116 0.245777
0.060210 0.245580
0.058928 0.245401
0.057616 0.245240
0.056395 0.245097
0.055114 0.244973
0.053954 0.244868
0.052916 0.244780
0.051787 0.244708
0.050475 0.244651
0.049407 0.244608
0.048308 0.244574
0.046996 0.244550
0.045928 0.244531
0.044799 0.244515
0.043548 0.244500
0.042479 0.244483
0.041289 0.244460
0.040038 0.244431
0.038726 0.244391
0.037505 0.244340
0.036437 0.244275
0.035216 0.244194
0.033995 0.244095
0.032927 0.243979
0.031768 0.243842
0.030700 0.243686
0.029601 0.243508
0.028502 0.243310
0.027343 0.243090
0.026336 0.242850
0.025237 0.242590
0.024108 0.242311
0.023040 0.242013
0.022033 0.241698
0.020842 0.241366
0.019652 0.241019
0.013121 0.240657
0.007018 0.240281
0.000945 0.239893
-0.004823 0.239494
-0.010682 0.239083
-0.016175 0.238662
-0.021485 0.238230
-0.026643 0.237789
-0.031617 0.237337
-0.036744 0.236875
-0.041932 0.236403
-0.046540 0.235918
-0.056184 0.235421
-0.060609 0.234911
-0.065126 0.234386
-0.069520 0.233845
-0.073609 0.233288
-0.077790 0.232713
-0.086122 0.232119
-0.090242 0.231504
-0.094361 0.230869
-0.102080 0.230212
-0.105810 0.229532
-0.109620 0.228829
-0.113250 0.228104
-0.117130 0.227355
-0.120850 0.226585
-0.123020 0.225794
-0.126620 0.224984
-0.129980 0.224157
-0.133390 0.223314
-0.140350 0.222458
-0.143650 0.221592
-0.147100 0.220718
-0.150570 0.219840
-0.157170 0.218960
-0.160400 0.218082
-0.163580 0.217210
-0.166870 0.216345
-0.170110 0.215493
-0.173340 0.214655
-0.179600 0.213834
-0.182800 0.213034
-0.185760 0.212256
-0.188690 0.211503
-0.191770 0.210776
-0.194830 0.210077
-0.197790 0.209408
-0.200560 0.208768
-0.203640 0.208158
-0.206300 0.207579
-0.209170 0.207030
-0.212070 0.206511
-0.214940 0.206020
-0.217840 0.205556
-0.220430 0.205118
-0.223210 0.204703
-0.226140 0.204310
-0.228940 0.203935
-0.231510 0.203577
-0.234250 0.203233
-0.236940 0.202900
-0.239660 0.202576
-0.242310 0.202257
-0.247560 0.201940
-0.250180 0.201624
-0.252840 0.201306
-0.255530 0.200983
-0.258060 0.200654
-0.260590 0.200317
-0.263190 0.199969
-0.265870 0.199611
-0.268400 0.199240
-0.270970 0.198857
-0.273620 0.198460
-0.276250 0.198049
-0.278840 0.197625
-0.281430 0.197188
-0.284000 0.196738
-0.286650 0.196277
-0.289160 0.195805
-0.291660 0.195324
-0.294160 0.194836
-0.296600 0.194340
-0.299070 0.193840
-0.301550 0.193335
-0.303930 0.192828
-0.306370 0.192321
-0.311310 0.191813
-0.313780 0.191306
-0.316160 0.190802
-0.318760 0.190302
-0.321230 0.189805
-0.323670 0.189312
-0.328670 0.188824
-0.330990 0.188341
-0.333500 0.187863
-0.335880 0.187390
-0.338350 0.186922
-0.340820 0.186457
-0.343290 0.185997
-0.345700 0.185540
-0.348120 0.185087
-0.350530 0.184637
-0.352880 0.184189
-0.355320 0.183744
-0.357700 0.183300
-0.360110 0.182859
-0.365080 0.182418
-0.367490 0.181980
-0.370060 0.181542
-0.372500 0.181106
-0.374910 0.180671
-0.379550 0.180238
-0.381960 0.179806
-0.384400 0.179376
-0.386900 0.178949
-0.394200 0.178524
-0.396550 0.178103
-0.399020 0.177684
-0.401370 0.177269
-0.403780 0.176858
-0.406190 0.176452
-0.408570 0.176049
-0.410980 0.175651
-0.413210 0.175257
-0.415680 0.174869
-0.417940 0.174484
-0.420350 0.174104
-0.422790 0.173729
-0.425350 0.173357
-0.427770 0.172989
-0.430240 0.172624
-0.432710 0.172262
-0.435150 0.171903
-0.440220 0.171545
-0.442720 0.171189
-0.445010 0.170834
-0.447510 0.170479
-0.450010 0.170124
-0.452520 0.169767
-0.455080 0.169409
-0.457400 0.169048
-0.459870 0.168684
-0.462310 0.168317
-0.464870 0.167945
-0.467440 0.167569
-0.470090 0.167188
-0.477810 0.166802
-0.480320 0.166411
-0.482850 0.166014
-0.485470 0.165613
-0.488250 0.165208
-0.490790 0.164799
-0.493350 0.164387
-0.496030 0.163973
-0.498750 0.163558
-0.501400 0.163143
-0.504180 0.162729
-0.506810 0.162318
-0.509610 0.161912
-0.512390 0.161512
-0.514960 0.161119
-0.520510 0.160734
-0.523380 0.160361
-0.526060 0.159998
-0.528930 0.159649
-0.531710 0.159314
-0.534580 0.158993
-0.537420 0.158689
-0.540380 0.158400
-0.543240 0.158129
-0.546140 0.157874
-0.549100 0.157635
-0.552030 0.157412
-0.555150 0.157205
-0.561070 0.157011
-0.567110 0.156830
-0.570100 0.156661
-0.573430 0.156501
-0.576510 0.156349
-0.579930 0.156203
-0.583190 0.156061
-0.586340 0.155920
-0.589720 0.155780
-0.592870 0.155638
-0.596100 0.155492
-0.599610 0.155340
-0.602940 0.155180
-0.606200 0.155012
-0.609650 0.154833
-0.613310 0.154643
-0.616790 0.154441
-0.620610 0.154225
-0.624240 0.153996
-0.627870 0.153753
-0.631620 0.153496
-0.643010 0.153226
-0.646850 0.152942
-0.650910 0.152645
-0.654940 0.152337
-0.659210 0.152017
-0.663450 0.151687
-0.667850 0.151348
-0.672090 0.151001
-0.676390 0.150646
-0.680790 0.150286
-0.685120 0.149921
-0.689730 0.149553
-0.694250 0.149181
-0.698820 0.148808
-0.703680 0.148434
-0.708470 0.148059
-0.718170 0.147684
-0.723270 0.147311
-0.728060 0.146938
-0.733340 0.146567
-0.738430 0.146198
-0.744110 0.145830
-0.749670 0.145464
-0.755280 0.145100
-0.760990 0.144737
-0.767060 0.144377
-0.773100 0.144018
-0.779270 0.143661
-0.785650 0.143306
-0.791960 0.142953
-0.798400 0.142601
-0.805510 0.142251
-0.812590 0.141903
-0.819610 0.141556
-0.827180 0.141211
-0.834570 0.140868
-0.842620 0.140527
-0.850800 0.140187
-0.866790 0.139849
-0.874940 0.139512
-0.893040 0.139177
-0.911990 0.138843
-0.921970 0.138512
-0.932310 0.138181
-0.943270 0.137853
-0.954380 0.137526
-0.966250 0.137200
-0.978940 0.136876
-0.992040 0.136553
-1.006200 0.136232
-1.020000 0.135913
-1.034800 0.135595
-1.050300 0.135278
-1.066100 0.134963
-1.084100 0.134649
-1.119100 0.134336
-1.139400 0.134025
-1.160800 0.133715
-1.208300 0.133406
-1.233400 0.133099
-1.262500 0.132792
-1.293200 0.132487
-1.325300 0.132184
-1.351400 0.131877
-1.387400 0.131571
-1.431500 0.131268
-1.482600 0.130965
-1.541100 0.130665
-1.610700 0.130366
-1.700300 0.130067
-1.803700 0.129770
-1.947400 0.129475
-2.148900 0.129181
-2.482600 0.128889
-13.659000 0.128600
