127.480000 0.346097
4.783000 0.346097
1.006700 0.346097
0.617610 0.346097
0.386100 0.346097
0.204770 0.346097
0.047909 0.346097
-0.074284 0.346097
-0.176270 0.346097
-0.267400 0.346097
-0.341130 0.346097
-0.406500 0.346097
-0.464420 0.346097
-0.557380 0.346097
-0.601870 0.346097
-0.640930 0.346097
-0.676150 0.346097
-0.711430 0.346097
-0.739510 0.346097
-0.765570 0.346097
-0.793400 0.346097
-0.819220 0.346097
-0.842900 0.346097
-0.862920 0.346097
-0.906740 0.346097
-0.944580 0.346097
-0.960210 0.346097
-0.992310 0.346097
-1.006700 0.346097
-1.019200 0.346097
-1.030700 0.346097
-1.042900 0.346097
-1.056200 0.346097
-1.066900 0.346097
-1.079100 0.346097
-1.089500 0.346097
-1.100800 0.346097
-1.110400 0.346097
-1.119900 0.346097
-1.129200 0.346097
-1.138800 0.346097
-1.146000 0.346097
-1.155400 0.346097
-1.164100 0.346097
-1.171900 0.346097
-1.179900 0.346097
-1.187700 0.346097
-1.195400 0.346097
-1.202600 0.346097
-1.209500 0.346097
-1.216700 0.346097
-1.222800 0.346097
-1.229600 0.346097
-1.242700 0.346097
-1.249400 0.346097
-1.260600 0.346097
-1.266500 0.346097
-1.271800 0.346097
-1.276800 0.346097
-1.281900 0.346097
-1.287500 0.346097
-1.292600 0.346097
-1.298000 0.346097
-1.303000 0.346097
-1.308200 0.346097
-1.312400 0.346097
-1.316900 0.346094
-1.322100 0.346065
-1.326700 0.345773
-1.330900 0.342860
-1.334900 0.339947
-1.339600 0.337301
-1.344400 0.334954
-1.348800 0.332958
-1.352900 0.331290
-1.356700 0.329789
-1.360700 0.328481
-1.370000 0.327374
-1.373800 0.326458
-1.377600 0.325715
-1.381700 0.325118
-1.385500 0.324639
-1.389000 0.323696
-1.392800 0.322875
-1.397100 0.322161
-1.400700 0.321547
-1.404700 0.321020
-1.412100 0.320567
-1.415400 0.320175
-1.419100 0.319827
-1.422400 0.319509
-1.425700 0.319203
-1.428800 0.318925
-1.432400 0.318663
-1.435600 0.318410
-1.438900 0.318155
-1.441700 0.317890
-1.444800 0.317608
-1.447800 0.317300
-1.450800 0.316962
-1.454100 0.316588
-1.457200 0.316173
-1.460300 0.315714
-1.463700 0.315209
-1.466300 0.314656
-1.469400 0.314053
-1.471900 0.313402
-1.474600 0.312702
-1.477600 0.311957
-1.480200 0.311169
-1.482900 0.310342
-1.486100 0.309479
-1.488800 0.308586
-1.491000 0.307667
-1.493700 0.306727
-1.496200 0.305772
-1.498900 0.304807
-1.502000 0.303835
-1.506600 0.302863
-1.509400 0.301895
-1.511900 0.300934
-1.514400 0.299984
-1.517000 0.299049
-1.519700 0.298130
-1.524000 0.297231
-1.526400 0.296352
-1.528900 0.295494
-1.531100 0.294657
-1.533000 0.293842
-1.535500 0.293048
-1.537600 0.292274
-1.539700 0.291518
-1.544000 0.290778
-1.546400 0.290053
-1.548700 0.289340
-1.550600 0.288636
-1.552900 0.287938
-1.554900 0.287242
-1.557400 0.286547
-1.559700 0.285848
-1.561700 0.285142
-1.564100 0.284427
-1.566100 0.283699
-1.568100 0.282955
-1.569900 0.282195
-1.571800 0.281415
-1.573900 0.280614
-1.575700 0.279791
-1.577300 0.278945
-1.579500 0.278076
-1.581100 0.277183
-1.582700 0.276266
-1.584500 0.275326
-1.586600 0.274364
-1.588400 0.273380
-1.590500 0.272377
-1.592600 0.271355
-1.594700 0.270317
-1.596900 0.269265
-1.598700 0.268200
-1.600700 0.267125
-1.602400 0.266043
-1.604500 0.264954
-1.606300 0.263861
-1.610100 0.262765
-1.612000 0.261668
-1.613600 0.260570
-1.615400 0.259472
-1.616900 0.258376
-1.618700 0.257281
-1.620200 0.256188
-1.622000 0.255097
-1.625300 0.254008
-1.628300 0.252921
-1.629800 0.251836
-1.631500 0.250754
-1.633300 0.249673
-1.634900 0.248595
-1.636400 0.247519
-1.638000 0.246445
-1.641100 0.245372
-1.642900 0.244302
-1.644200 0.243234
-1.645700 0.242168
-1.647200 0.241106
-1.656400 0.240048
-1.665300 0.238995
-1.674600 0.237948
-1.683400 0.236908
-1.691700 0.235877
-1.707600 0.234857
-1.715500 0.233850
-1.723000 0.232858
-1.730100 0.231883
-1.736800 0.230928
-1.743800 0.229995
-1.750600 0.229087
-1.757600 0.228207
-1.764000 0.227358
-1.770300 0.226542
-1.776600 0.225760
-1.783000 0.225017
-1.788900 0.224313
-1.795000 0.223649
-1.800900 0.223028
-1.806800 0.222450
-1.812200 0.221915
-1.818000 0.221423
-1.823600 0.220974
-1.829200 0.220566
-1.834700 0.220198
-1.840000 0.219867
-1.845100 0.219571
-1.850300 0.219307
-1.855400 0.219071
-1.865500 0.218859
-1.870200 0.218668
-1.875100 0.218492
-1.879500 0.218328
-1.884300 0.218172
-1.889200 0.218019
-1.894100 0.217866
-1.898900 0.217708
-1.907900 0.217542
-1.912700 0.217366
-1.917200 0.217175
-1.921700 0.216969
-1.926200 0.216745
-1.930600 0.216502
-1.934800 0.216240
-1.939000 0.215957
-1.943200 0.215655
-1.947400 0.215333
-1.951700 0.214992
-1.959800 0.214633
-1.964100 0.214257
-1.968300 0.213866
-1.972400 0.213461
-1.976400 0.213044
-1.980400 0.212617
-1.984000 0.212182
-1.988200 0.211741
-1.991900 0.211294
-1.995700 0.210845
-1.999300 0.210393
-2.003200 0.209939
-2.007000 0.209486
-2.010600 0.209033
-2.014300 0.208580
-2.018100 0.208128
-2.021800 0.207676
-2.025300 0.207225
-2.028800 0.206775
-2.032400 0.206325
-2.036000 0.205874
-2.039700 0.205424
-2.043200 0.204973
-2.046800 0.204520
-2.050500 0.204067
-2.054100 0.203612
-2.057700 0.203155
-2.061500 0.202697
-2.065000 0.202237
-2.068600 0.201776
-2.072000 0.201312
-2.075400 0.200847
-2.078900 0.200380
-2.082500 0.199911
-2.085900 0.199441
-2.089200 0.198968
-2.092700 0.198494
-2.096000 0.198017
-2.099500 0.197539
-2.102700 0.197059
-2.106000 0.196576
-2.109300 0.196092
-2.112700 0.195605
-2.116200 0.195116
-2.119500 0.194624
-2.123000 0.194130
-2.126200 0.193632
-2.129500 0.193131
-2.132800 0.192627
-2.136100 0.192119
-2.139300 0.191608
-2.142700 0.191093
-2.145900 0.190574
-2.149000 0.190053
-2.152400 0.189529
-2.155500 0.189002
-2.158900 0.188473
-2.162000 0.187943
-2.165300 0.187411
-2.168800 0.186879
-2.172000 0.186347
-2.175400 0.185816
-2.178700 0.185287
-2.181800 0.184759
-2.185000 0.184235
-2.188200 0.183715
-2.191500 0.183198
-2.194700 0.182687
-2.198100 0.182180
-2.201500 0.181679
-2.207700 0.181183
-2.211200 0.180694
-2.214300 0.180211
-2.217500 0.179734
-2.220800 0.179264
-2.224100 0.178800
-2.227200 0.178344
-2.233500 0.177895
-2.236800 0.177453
-2.240100 0.177018
-2.243400 0.176590
-2.246600 0.176170
-2.249700 0.175757
-2.252800 0.175351
-2.262700 0.174952
-2.265900 0.174561
-2.269000 0.174177
-2.272300 0.173801
-2.275600 0.173433
-2.278900 0.173072
-2.282300 0.172719
-2.285700 0.172373
-2.289000 0.172035
-2.292400 0.171705
-2.295800 0.171381
-2.299300 0.171065
-2.302500 0.170754
-2.305900 0.170450
-2.309200 0.170151
-2.312700 0.169857
-2.316000 0.169567
-2.319300 0.169280
-2.322600 0.168995
-2.325800 0.168713
-2.329200 0.168431
-2.336100 0.168150
-2.339700 0.167868
-2.342900 0.167585
-2.346200 0.167300
-2.349700 0.167013
-2.353100 0.166723
-2.356600 0.166430
-2.360000 0.166133
-2.363500 0.165833
-2.367000 0.165528
-2.370400 0.165220
-2.373800 0.164908
-2.377400 0.164592
-2.380900 0.164273
-2.384500 0.163951
-2.391800 0.163625
-2.398900 0.163298
-2.402700 0.162969
-2.406300 0.162638
-2.410200 0.162306
-2.414000 0.161973
-2.417800 0.161640
-2.421600 0.161306
-2.429300 0.160972
-2.433200 0.160639
-2.437100 0.160305
-2.440900 0.159971
-2.445000 0.159637
-2.448900 0.159303
-2.453100 0.158969
-2.457000 0.158633
-2.460900 0.158297
-2.465000 0.157960
-2.468800 0.157622
-2.472900 0.157283
-2.481200 0.156943
-2.489400 0.156602
-2.493800 0.156260
-2.498200 0.155917
-2.502500 0.155575
-2.506900 0.155232
-2.511500 0.154891
-2.516100 0.154550
-2.520400 0.154212
-2.525000 0.153876
-2.529500 0.153544
-2.538600 0.153216
-2.542900 0.152892
-2.547400 0.152574
-2.551800 0.152262
-2.556700 0.151957
-2.561600 0.151658
-2.566500 0.151367
-2.571300 0.151083
-2.576400 0.150808
-2.581400 0.150539
-2.586700 0.150279
-2.592100 0.150026
-2.602900 0.149780
-2.608100 0.149540
-2.613500 0.149307
-2.618800 0.149079
-2.624400 0.148855
-2.630000 0.148635
-2.635700 0.148418
-2.648300 0.148204
-2.654300 0.147990
-2.660500 0.147777
-2.673400 0.147564
-2.679800 0.147350
-2.686300 0.147133
-2.692900 0.146915
-2.699500 0.146693
-2.706500 0.146467
-2.713800 0.146237
-2.728200 0.146002
-2.735700 0.145762
-2.743400 0.145516
-2.759800 0.145265
-2.768400 0.145008
-2.777200 0.144746
-2.785800 0.144478
-2.794400 0.144205
-2.803800 0.143926
-2.813100 0.143642
-2.823100 0.143354
-2.833100 0.143061
-2.843400 0.142763
-2.854800 0.142463
-2.866200 0.142159
-2.877900 0.141852
-2.890000 0.141543
-2.901700 0.141232
-2.914300 0.140919
-2.928400 0.140605
-2.941400 0.140290
-2.955800 0.139975
-2.971700 0.139659
-2.988400 0.139343
-3.005400 0.139028
-3.022700 0.138713
-3.042100 0.138398
-3.062100 0.138085
-3.083800 0.137773
-3.106300 0.137461
-3.130700 0.137151
-3.157000 0.136842
-3.187300 0.136535
-3.218600 0.136228
-3.256600 0.135923
-3.299000 0.135614
-3.346100 0.135307
-3.396300 0.135002
-3.451200 0.134699
-3.522200 0.134396
-3.834100 0.134096
-4.004300 0.133796
-4.557900 0.133497
-5.084100 0.133200
-6.054600 0.132905
-7.626400 0.132611
-18.200000 0.132320
