35.959000 0.204421
2.016500 0.204421
1.062200 0.204421
0.189450 0.204421
0.066891 0.204421
-0.071109 0.204421
-0.128540 0.204421
-0.168830 0.204421
-0.209960 0.204421
-0.291570 0.204421
-0.312620 0.204421
-0.333500 0.204421
-0.352480 0.204421
-0.367010 0.204421
-0.381960 0.204421
-0.394290 0.204421
-0.416750 0.204417
-0.428170 0.204377
-0.439640 0.203979
-0.449160 0.200000
-0.458810 0.196021
-0.466430 0.193102
-0.474610 0.190745
-0.482790 0.188754
-0.491400 0.187025
-0.498660 0.185503
-0.506290 0.184138
-0.513520 0.182894
-0.520270 0.181752
-0.527410 0.180702
-0.533630 0.179736
-0.539490 0.178847
-0.545960 0.178030
-0.551270 0.177265
-0.557070 0.176513
-0.568300 0.175787
-0.573490 0.175093
-0.579100 0.174433
-0.589120 0.173809
-0.594000 0.173220
-0.598880 0.172665
-0.603210 0.172145
-0.607420 0.171656
-0.612000 0.171199
-0.616280 0.170772
-0.619690 0.170372
-0.623540 0.169999
-0.627200 0.169652
-0.630800 0.169329
-0.634100 0.168654
-0.637390 0.168054
-0.640870 0.167509
-0.644050 0.167008
-0.650390 0.166546
-0.653810 0.166118
-0.656800 0.165719
-0.659920 0.165348
-0.662970 0.165000
-0.665650 0.164676
-0.668400 0.164371
-0.671330 0.164086
-0.674140 0.163818
-0.676940 0.163567
-0.679690 0.163331
-0.682800 0.163111
-0.685550 0.162905
-0.688110 0.162713
-0.690980 0.162533
-0.693550 0.162364
-0.696110 0.162207
-0.698980 0.162058
-0.701170 0.161919
-0.703620 0.161788
-0.706060 0.161664
-0.708560 0.161546
-0.711000 0.161433
-0.713570 0.161326
-0.715640 0.161230
-0.717530 0.161144
-0.719730 0.161067
-0.721930 0.160998
-0.724000 0.160935
-0.726440 0.160878
-0.728460 0.160826
-0.730410 0.160779
-0.732910 0.160734
-0.734740 0.160693
-0.736880 0.160654
-0.739080 0.160616
-0.741520 0.160580
-0.743410 0.160544
-0.745370 0.160508
-0.747320 0.160472
-0.748910 0.160435
-0.750800 0.160396
-0.752870 0.160356
-0.754580 0.160313
-0.756410 0.160268
-0.760140 0.160220
-0.761660 0.160169
-0.763550 0.160115
-0.765200 0.160057
-0.766970 0.159995
-0.770750 0.159928
-0.772280 0.159857
-0.774420 0.159781
-0.776250 0.159700
-0.779670 0.159613
-0.783020 0.159520
-0.784790 0.159422
-0.786500 0.159318
-0.788090 0.159208
-0.789550 0.159091
-0.791260 0.158969
-0.792550 0.158840
-0.793830 0.158704
-0.795350 0.158563
-0.796820 0.158415
-0.798530 0.158260
-0.799870 0.158099
-0.801580 0.157932
-0.803040 0.157759
-0.804510 0.157580
-0.805850 0.157395
-0.807320 0.157203
-0.810430 0.157006
-0.811710 0.156803
-0.813110 0.156595
-0.814520 0.156381
-0.816040 0.156162
-0.817200 0.155937
-0.818490 0.155708
-0.819710 0.155474
-0.821230 0.155236
-0.822510 0.154993
-0.823920 0.154746
-0.825080 0.154494
-0.826540 0.154240
-0.828010 0.153981
-0.829350 0.153719
-0.832100 0.153454
-0.833440 0.153186
-0.834720 0.152916
-0.835940 0.152643
-0.838380 0.152367
-0.839540 0.152089
-0.840820 0.151810
-0.841920 0.151528
-0.843080 0.151246
-0.844360 0.150961
-0.845580 0.150676
-0.846740 0.150389
-0.847900 0.150102
-0.849310 0.149814
-0.850650 0.149525
-0.851750 0.149236
-0.852850 0.148947
-0.854010 0.148658
-0.855290 0.148368
-0.856450 0.148079
-0.857490 0.147790
-0.858710 0.147502
-0.859990 0.147214
-0.861330 0.146926
-0.863530 0.146639
-0.864630 0.146353
-0.865790 0.146067
-0.866890 0.145783
-0.867980 0.145499
-0.869140 0.145216
-0.870240 0.144934
-0.871340 0.144653
-0.872380 0.144373
-0.873540 0.144095
-0.874700 0.143817
-0.875980 0.143540
-0.877140 0.143265
-0.878420 0.142990
-0.879580 0.142717
-0.881600 0.142444
-0.883730 0.142173
-0.884830 0.141903
-0.890990 0.141633
-0.897220 0.141365
-0.908210 0.141098
-0.914250 0.140831
-0.919440 0.140566
-0.924870 0.140301
-0.930180 0.140037
-0.935240 0.139774
-0.940070 0.139512
-0.945190 0.139251
-0.950200 0.138990
-0.955020 0.138730
-0.960330 0.138470
-0.965090 0.138211
-0.969850 0.137953
-0.974060 0.137695
-0.978700 0.137437
-0.983100 0.137180
-0.987490 0.136923
-0.991890 0.136667
-0.996100 0.136411
-1.000300 0.136155
-1.008500 0.135899
-1.012600 0.135644
-1.016500 0.135389
-1.020400 0.135134
-1.024300 0.134879
-1.028100 0.134625
-1.031900 0.134370
-1.035700 0.134116
-1.043200 0.133862
-1.046800 0.133608
-1.050400 0.133354
-1.057800 0.133100
-1.061200 0.132846
-1.064800 0.132592
-1.068200 0.132338
-1.071600 0.132085
-1.075200 0.131831
-1.078500 0.131578
-1.081800 0.131324
-1.085300 0.131071
-1.088500 0.130818
-1.091700 0.130565
-1.095000 0.130312
-1.098300 0.130060
-1.101700 0.129807
-1.105200 0.129555
-1.108300 0.129303
-1.111500 0.129051
-1.114900 0.128800
-1.118100 0.128549
-1.127600 0.128298
-1.131100 0.128048
-1.134200 0.127797
-1.137300 0.127548
-1.140500 0.127299
-1.143600 0.127050
-1.146700 0.126802
-1.149700 0.126554
-1.152700 0.126307
-1.156000 0.126060
-1.159100 0.125814
-1.162000 0.125569
-1.164800 0.125325
-1.167800 0.125081
-1.170800 0.124838
-1.173900 0.124596
-1.179900 0.124354
-1.182900 0.124114
-1.185800 0.123874
-1.188900 0.123636
-1.191900 0.123398
-1.194900 0.123161
-1.197900 0.122926
-1.200800 0.122691
-1.203800 0.122458
-1.206900 0.122226
-1.209700 0.121995
-1.212700 0.121765
-1.218200 0.121536
-1.221200 0.121309
-1.224200 0.121083
-1.227300 0.120859
-1.230000 0.120636
-1.232900 0.120414
-1.235600 0.120194
-1.238500 0.119976
-1.241300 0.119759
-1.244100 0.119543
-1.246900 0.119330
-1.249700 0.119118
-1.255400 0.118908
-1.258200 0.118699
-1.261100 0.118492
-1.263800 0.118287
-1.266700 0.118085
-1.269600 0.117883
-1.272300 0.117684
-1.275300 0.117487
-1.278300 0.117292
-1.281300 0.117099
-1.284200 0.116908
-1.286900 0.116719
-1.289600 0.116533
-1.292300 0.116348
-1.298100 0.116166
-1.303800 0.115986
-1.306600 0.115809
-1.309400 0.115634
-1.315300 0.115461
-1.318100 0.115290
-1.321100 0.115122
-1.324000 0.114956
-1.326800 0.114793
-1.329700 0.114632
-1.332600 0.114474
-1.335300 0.114319
-1.338100 0.114165
-1.341000 0.114015
-1.343900 0.113867
-1.346800 0.113722
-1.352400 0.113579
-1.355200 0.113439
-1.358200 0.113302
-1.361100 0.113167
-1.364000 0.113035
-1.367000 0.112905
-1.369800 0.112778
-1.372700 0.112654
-1.375500 0.112533
-1.378400 0.112414
-1.381500 0.112298
-1.384500 0.112185
-1.387600 0.112074
-1.390400 0.111966
-1.393300 0.111860
-1.396100 0.111757
-1.398900 0.111657
-1.402000 0.111559
-1.405000 0.111464
-1.408000 0.111371
-1.411100 0.111281
-1.416900 0.111193
-1.423200 0.111108
-1.426200 0.111026
-1.429000 0.110945
-1.432100 0.110867
-1.435200 0.110792
-1.438400 0.110718
-1.441600 0.110647
-1.444700 0.110578
-1.447600 0.110512
-1.454000 0.110447
-1.460200 0.110385
-1.463500 0.110325
-1.466900 0.110267
-1.470000 0.110210
-1.473200 0.110156
-1.476400 0.110103
-1.483200 0.110053
-1.486600 0.110004
-1.489700 0.109957
-1.493200 0.109911
-1.500000 0.109868
-1.503500 0.109825
-1.510200 0.109785
-1.513700 0.109745
-1.517200 0.109708
-1.520600 0.109671
-1.524300 0.109636
-1.527800 0.109602
-1.531500 0.109569
-1.535100 0.109538
-1.538600 0.109507
-1.542300 0.109478
-1.546000 0.109449
-1.549600 0.109422
-1.556800 0.109395
-1.560500 0.109369
-1.564300 0.109344
-1.568200 0.109319
-1.572100 0.109295
-1.575900 0.109272
-1.579900 0.109249
-1.584100 0.109227
-1.588000 0.109205
-1.591900 0.109183
-1.596000 0.109162
-1.600000 0.109141
-1.604200 0.109120
-1.608500 0.109099
-1.612700 0.109078
-1.616800 0.109057
-1.620900 0.109036
-1.625300 0.109015
-1.634200 0.108994
-1.639000 0.108973
-1.643600 0.108951
-1.648400 0.108930
-1.652700 0.108907
-1.657500 0.108885
-1.662000 0.108862
-1.667000 0.108839
-1.671700 0.108815
-1.676600 0.108790
-1.681400 0.108765
-1.686500 0.108739
-1.691800 0.108713
-1.696600 0.108686
-1.701700 0.108658
-1.707000 0.108629
-1.712800 0.108599
-1.718100 0.108569
-1.723500 0.108537
-1.729100 0.108505
-1.734600 0.108472
-1.740200 0.108438
-1.746200 0.108402
-1.752100 0.108366
-1.758000 0.108329
-1.763900 0.108291
-1.770300 0.108252
-1.776600 0.108212
-1.783000 0.108171
-1.789600 0.108129
-1.796500 0.108086
-1.803700 0.108042
-1.811200 0.107997
-1.818700 0.107950
-1.825800 0.107902
-1.833700 0.107854
-1.841400 0.107803
-1.849600 0.107752
-1.857400 0.107700
-1.866000 0.107646
-1.874500 0.107591
-1.883500 0.107534
-1.892900 0.107477
-1.902700 0.107418
-1.912500 0.107358
-1.922200 0.107296
-1.932700 0.107234
-1.943400 0.107171
-1.954300 0.107106
-1.965700 0.107041
-1.978200 0.106976
-1.990900 0.106919
-2.004000 0.106861
-2.017800 0.106800
-2.032200 0.106738
-2.047200 0.106674
-2.063200 0.106609
-2.079700 0.106542
-2.116100 0.106473
-2.138300 0.106402
-2.160200 0.106330
-2.183200 0.106256
-2.208200 0.106181
-2.235500 0.106105
-2.266500 0.106028
-2.299300 0.105950
-2.338400 0.105871
-2.437100 0.105790
-2.494500 0.105706
-2.566100 0.105621
-2.650400 0.105534
-2.759400 0.105445
-2.899200 0.105356
-3.104100 0.105266
-3.380500 0.105175
-3.861100 0.105085
-4.783600 0.104998
-7.039200 0.104917
-7.549600 0.104847
-23.797000 0.104800
