12.497000 0.134835
11.811000 0.134835
11.586000 0.134835
11.226000 0.134835
10.061000 0.134835
9.862000 0.134835
8.504400 0.134835
7.458000 0.134835
5.684300 0.134835
3.492500 0.134835
2.416700 0.134835
1.631100 0.134835
1.340400 0.134835
1.100600 0.134835
0.916700 0.134835
0.715080 0.134835
0.553760 0.134835
0.241200 0.134835
0.115990 0.134835
-0.036512 0.134835
-0.138350 0.134835
-0.238600 0.134835
-0.331250 0.134835
-0.438520 0.134835
-0.595780 0.134835
-0.666390 0.134835
-0.727180 0.134834
-0.781480 0.134820
-0.832930 0.134685
-0.879130 0.133330
-0.927230 0.131975
-0.963240 0.130929
-1.002400 0.130039
-1.034600 0.129249
-1.064900 0.128527
-1.093400 0.127858
-1.123300 0.127229
-1.147700 0.126632
-1.172500 0.126061
-1.196200 0.125514
-1.220400 0.124987
-1.241500 0.124476
-1.259800 0.123980
-1.276600 0.123496
-1.292200 0.123023
-1.306500 0.122560
-1.319900 0.122107
-1.333800 0.121663
-1.347600 0.121227
-1.360900 0.120800
-1.372200 0.120381
-1.384700 0.119970
-1.397200 0.119566
-1.408900 0.119167
-1.418900 0.118769
-1.429000 0.118373
-1.436900 0.117980
-1.446200 0.117591
-1.472800 0.117205
-1.480200 0.116824
-1.486900 0.116446
-1.494400 0.116072
-1.502300 0.115703
-1.509400 0.115338
-1.516400 0.114977
-1.523100 0.114620
-1.529600 0.114268
-1.535600 0.113919
-1.541200 0.113575
-1.552000 0.113235
-1.557200 0.112898
-1.562400 0.112566
-1.567300 0.112238
-1.572500 0.111914
-1.577500 0.111594
-1.581800 0.111277
-1.587200 0.110965
-1.592400 0.110656
-1.596500 0.110351
-1.601600 0.109966
-1.605900 0.109594
-1.610000 0.109232
-1.614200 0.108877
-1.623000 0.108529
-1.627300 0.108186
-1.631300 0.107849
-1.635000 0.107516
-1.638600 0.107188
-1.642200 0.106864
-1.645900 0.106545
-1.649300 0.106228
-1.653000 0.105916
-1.656200 0.105607
-1.659600 0.105301
-1.667000 0.104999
-1.670800 0.104700
-1.674100 0.104404
-1.677200 0.104111
-1.680100 0.103820
-1.683600 0.103533
-1.686600 0.103249
-1.689700 0.102967
-1.692100 0.102688
-1.695800 0.102412
-1.698600 0.102138
-1.701500 0.101867
-1.704800 0.101599
-1.707800 0.101333
-1.710400 0.101071
-1.716100 0.100810
-1.718700 0.100553
-1.721200 0.100297
-1.723800 0.100045
-1.726600 0.099795
-1.729200 0.099547
-1.731900 0.099302
-1.734500 0.099059
-1.737000 0.098819
-1.739200 0.098580
-1.741900 0.098345
-1.744200 0.098111
-1.746600 0.097880
-1.748800 0.097651
-1.751200 0.097425
-1.753300 0.097200
-1.755700 0.096978
-1.758500 0.096757
-1.760800 0.096540
-1.763000 0.096326
-1.765300 0.096115
-1.767800 0.095906
-1.770000 0.095700
-1.772100 0.095497
-1.774500 0.095296
-1.776700 0.095098
-1.779200 0.094903
-1.781100 0.094710
-1.783200 0.094519
-1.785200 0.094331
-1.787800 0.094145
-1.790000 0.093962
-1.792000 0.093781
-1.794300 0.093603
-1.796300 0.093426
-1.798300 0.093253
-1.800300 0.093081
-1.802000 0.092912
-1.803900 0.092745
-1.805600 0.092580
-1.809200 0.092417
-1.811100 0.092257
-1.813000 0.092099
-1.816600 0.091943
-1.818800 0.091789
-1.820600 0.091637
-1.822400 0.091488
-1.824000 0.091340
-1.825900 0.091195
-1.827800 0.091052
-1.829400 0.090911
-1.831400 0.090772
-1.833200 0.090635
-1.834700 0.090499
-1.836400 0.090366
-1.838300 0.090235
-1.839900 0.090106
-1.841400 0.089979
-1.843000 0.089854
-1.844700 0.089731
-1.846100 0.089609
-1.849000 0.089490
-1.850500 0.089372
-1.852100 0.089257
-1.854000 0.089143
-1.855700 0.089031
-1.857200 0.088921
-1.858800 0.088813
-1.860300 0.088706
-1.861700 0.088601
-1.863100 0.088498
-1.864700 0.088397
-1.866400 0.088297
-1.868000 0.088199
-1.869500 0.088103
-1.878800 0.088008
-1.887900 0.087915
-1.904700 0.087823
-1.912800 0.087734
-1.920700 0.087645
-1.928600 0.087559
-1.936000 0.087473
-1.950700 0.087390
-1.958000 0.087308
-1.964700 0.087227
-1.971000 0.087148
-1.977400 0.087070
-1.984100 0.086994
-1.990500 0.086919
-1.997000 0.086845
-2.002800 0.086773
-2.008600 0.086703
-2.014500 0.086633
-2.020000 0.086565
-2.025800 0.086499
-2.031400 0.086434
-2.037000 0.086370
-2.042300 0.086307
-2.047800 0.086245
-2.053000 0.086185
-2.058300 0.086126
-2.063700 0.086068
-2.068600 0.086012
-2.073500 0.085957
-2.078500 0.085902
-2.083200 0.085850
-2.088200 0.085798
-2.092900 0.085747
-2.097600 0.085697
-2.102300 0.085649
-2.106700 0.085601
-2.111500 0.085555
-2.116000 0.085510
-2.120500 0.085466
-2.124700 0.085422
-2.129300 0.085380
-2.133600 0.085339
-2.137600 0.085299
-2.146100 0.085260
-2.150100 0.085221
-2.154300 0.085184
-2.158300 0.085148
-2.162300 0.085112
-2.166300 0.085077
-2.169800 0.085044
-2.173800 0.085011
-2.177500 0.084979
-2.185400 0.084948
-2.189400 0.084917
-2.193300 0.084888
-2.196800 0.084859
-2.200700 0.084831
-2.204200 0.084804
-2.207900 0.084778
-2.211500 0.084752
-2.215400 0.084727
-2.219000 0.084703
-2.222500 0.084680
-2.226100 0.084657
-2.229600 0.084635
-2.233300 0.084613
-2.236800 0.084592
-2.240300 0.084572
-2.243700 0.084553
-2.247100 0.084534
-2.250500 0.084515
-2.253900 0.084498
-2.257000 0.084481
-2.260400 0.084464
-2.263900 0.084448
-2.267400 0.084432
-2.271000 0.084417
-2.274300 0.084403
-2.277400 0.084389
-2.280500 0.084375
-2.283700 0.084362
-2.286800 0.084349
-2.289800 0.084337
-2.293100 0.084326
-2.296200 0.084314
-2.299400 0.084303
-2.302600 0.084293
-2.305700 0.084282
-2.308900 0.084272
-2.312000 0.084263
-2.315100 0.084254
-2.318200 0.084245
-2.321100 0.084236
-2.324300 0.084228
-2.327300 0.084220
-2.330400 0.084212
-2.333300 0.084205
-2.336400 0.084198
-2.339500 0.084191
-2.342500 0.084184
-2.345900 0.084177
-2.349000 0.084171
-2.352000 0.084164
-2.355200 0.084158
-2.358300 0.084152
-2.361200 0.084147
-2.364000 0.084141
-2.366900 0.084135
-2.369900 0.084130
-2.372900 0.084124
-2.376100 0.084119
-2.379100 0.084114
-2.382200 0.084109
-2.385100 0.084103
-2.388000 0.084098
-2.391100 0.084093
-2.394200 0.084088
-2.397200 0.084083
-2.400200 0.084078
-2.402900 0.084072
-2.405700 0.084067
-2.408800 0.084062
-2.411700 0.084056
-2.414700 0.084051
-2.417500 0.084045
-2.420300 0.084039
-2.423100 0.084033
-2.426200 0.084027
-2.431800 0.084021
-2.435000 0.084015
-2.438100 0.084008
-2.441400 0.084001
-2.444500 0.083994
-2.447400 0.083987
-2.450300 0.083980
-2.453100 0.083972
-2.456000 0.083965
-2.458800 0.083956
-2.461800 0.083948
-2.464700 0.083939
-2.467700 0.083931
-2.470800 0.083921
-2.473700 0.083912
-2.476700 0.083902
-2.479800 0.083892
-2.485800 0.083881
-2.488900 0.083870
-2.491900 0.083859
-2.494700 0.083848
-2.497500 0.083835
-2.500700 0.083823
-2.503700 0.083810
-2.506900 0.083797
-2.509700 0.083783
-2.512800 0.083769
-2.515900 0.083755
-2.521900 0.083740
-2.525100 0.083725
-2.528100 0.083709
-2.531000 0.083693
-2.534200 0.083676
-2.537100 0.083658
-2.540100 0.083641
-2.543100 0.083622
-2.546100 0.083604
-2.552200 0.083584
-2.558400 0.083565
-2.561700 0.083544
-2.564900 0.083523
-2.568500 0.083502
-2.571500 0.083480
-2.574700 0.083457
-2.577900 0.083434
-2.581000 0.083411
-2.584200 0.083386
-2.587300 0.083361
-2.590700 0.083336
-2.594000 0.083310
-2.597300 0.083283
-2.600500 0.083256
-2.603700 0.083228
-2.606900 0.083199
-2.610300 0.083170
-2.613700 0.083140
-2.617000 0.083110
-2.620400 0.083079
-2.623800 0.083047
-2.627300 0.083014
-2.630600 0.082981
-2.634200 0.082947
-2.637900 0.082913
-2.641300 0.082877
-2.644900 0.082842
-2.648500 0.082805
-2.652100 0.082769
-2.655700 0.082731
-2.659400 0.082693
-2.662800 0.082654
-2.666500 0.082615
-2.670100 0.082575
-2.673900 0.082534
-2.677800 0.082493
-2.681500 0.082451
-2.685300 0.082409
-2.689000 0.082366
-2.692800 0.082322
-2.696600 0.082278
-2.700200 0.082233
-2.704400 0.082187
-2.708400 0.082140
-2.712400 0.082093
-2.716800 0.082046
-2.720900 0.081997
-2.724800 0.081948
-2.729200 0.081898
-2.737800 0.081848
-2.741900 0.081796
-2.746300 0.081744
-2.750400 0.081692
-2.754700 0.081638
-2.759200 0.081584
-2.763800 0.081530
-2.768200 0.081474
-2.772800 0.081418
-2.777500 0.081361
-2.782300 0.081303
-2.791600 0.081244
-2.796200 0.081185
-2.801000 0.081124
-2.806100 0.081063
-2.811200 0.081001
-2.816100 0.080938
-2.821300 0.080874
-2.826400 0.080810
-2.831900 0.080744
-2.837500 0.080677
-2.843000 0.080609
-2.848600 0.080539
-2.854200 0.080483
-2.860000 0.080426
-2.865900 0.080368
-2.871700 0.080309
-2.877900 0.080249
-2.884000 0.080188
-2.890500 0.080127
-2.903700 0.080064
-2.910600 0.080000
-2.917700 0.079936
-2.924500 0.079870
-2.931500 0.079804
-2.939000 0.079736
-2.947100 0.079668
-2.954900 0.079598
-2.962900 0.079528
-2.971200 0.079457
-2.980100 0.079385
-2.989000 0.079312
-2.998800 0.079239
-3.008800 0.079164
-3.019700 0.079089
-3.029700 0.079013
-3.041200 0.078937
-3.053400 0.078860
-3.065500 0.078783
-3.091800 0.078704
-3.106700 0.078624
-3.122900 0.078543
-3.140100 0.078460
-3.157100 0.078376
-3.176600 0.078290
-3.196900 0.078202
-3.218800 0.078113
-3.242800 0.078023
-3.268700 0.077930
-3.298500 0.077836
-3.333200 0.077740
-3.374300 0.077641
-3.422300 0.077540
-3.479400 0.077435
-3.546200 0.077328
-3.627500 0.077217
-3.743700 0.077103
-3.891100 0.076983
-4.114900 0.076858
-4.539800 0.076726
-5.555400 0.076586
-18.609000 0.076433
