121.220000 0.122457
3.517600 0.122457
0.668760 0.122457
0.234110 0.122457
0.081036 0.122457
0.060268 0.122457
-0.024616 0.122457
-0.122960 0.122457
-0.317330 0.122457
-0.411060 0.122457
-0.484930 0.122457
-0.551470 0.122457
-0.606370 0.122457
-0.642450 0.122457
-0.660080 0.122457
-0.700110 0.122457
-0.733490 0.122457
-0.741350 0.122457
-0.817710 0.122457
-0.854270 0.122457
-0.887470 0.122457
-0.919190 0.122457
-0.950980 0.122457
-0.976430 0.122457
-1.000600 0.122457
-1.025900 0.122457
-1.046000 0.122457
-1.068700 0.122457
-1.090200 0.122457
-1.108900 0.122457
-1.127200 0.122457
-1.146500 0.122457
-1.164600 0.122457
-1.182400 0.122457
-1.198200 0.122457
-1.213300 0.122457
-1.229000 0.122457
-1.241800 0.122457
-1.255500 0.122457
-1.268000 0.122457
-1.280100 0.122457
-1.291800 0.122457
-1.302000 0.122457
-1.312300 0.122457
-1.322000 0.122457
-1.331100 0.122457
-1.343100 0.122455
-1.352900 0.122433
-1.362000 0.122212
-1.372600 0.120000
-1.380900 0.117788
-1.391100 0.115701
-1.399600 0.113717
-1.409100 0.111818
-1.417100 0.109964
-1.425800 0.108167
-1.434500 0.106431
-1.442300 0.104757
-1.449600 0.103144
-1.457600 0.101432
-1.464200 0.099771
-1.471900 0.098158
-1.479600 0.096591
-1.486700 0.095066
-1.493300 0.093583
-1.500100 0.092139
-1.505700 0.090730
-1.511600 0.089363
-1.517800 0.088036
-1.523600 0.086748
-1.528800 0.085497
-1.535100 0.084282
-1.540800 0.083101
-1.545800 0.081953
-1.550800 0.080837
-1.556100 0.079751
-1.561100 0.078695
-1.566000 0.077666
-1.570400 0.076664
-1.575100 0.075688
-1.579100 0.074736
-1.589800 0.073808
-1.594800 0.072904
-1.599100 0.072021
-1.603500 0.071160
-1.607600 0.070319
-1.611700 0.069498
-1.616100 0.068696
-1.620600 0.067913
-1.624800 0.067148
-1.629000 0.066402
-1.632900 0.065677
-1.636800 0.064975
-1.640900 0.064299
-1.644300 0.063652
-1.648400 0.063036
-1.652100 0.062455
-1.655800 0.061911
-1.663400 0.061407
-1.666900 0.060944
-1.670000 0.060522
-1.673400 0.060142
-1.676700 0.059804
-1.679900 0.059506
-1.683100 0.059247
-1.686400 0.059026
-1.689600 0.058839
-1.693000 0.058684
-1.696300 0.058556
-1.699600 0.058450
-1.703100 0.058359
-1.706200 0.058277
-1.709100 0.058198
-1.715400 0.058113
-1.718700 0.058019
-1.721900 0.057910
-1.727500 0.057782
-1.730300 0.057631
-1.733300 0.057458
-1.736200 0.057260
-1.738900 0.057041
-1.741900 0.056801
-1.744400 0.056543
-1.746700 0.056272
-1.749500 0.055992
-1.752000 0.055706
-1.754600 0.055422
-1.757100 0.055144
-1.762300 0.054877
-1.765000 0.054626
-1.768000 0.054395
-1.770300 0.054186
-1.773000 0.054004
-1.775500 0.053848
-1.777600 0.053719
-1.779800 0.053615
-1.784100 0.053535
-1.786500 0.053474
-1.789000 0.053429
-1.791700 0.053394
-1.793800 0.053366
-1.796000 0.053337
-1.798300 0.053304
-1.800800 0.053261
-1.805500 0.053205
-1.807500 0.053133
-1.809700 0.053042
-1.811800 0.052930
-1.815800 0.052798
-1.817700 0.052644
-1.819800 0.052468
-1.822000 0.052271
-1.824100 0.052053
-1.826300 0.051815
-1.828000 0.051560
-1.830200 0.051288
-1.831800 0.051004
-1.833700 0.050711
-1.835600 0.050410
-1.837600 0.050104
-1.839700 0.049797
-1.843200 0.049491
-1.845100 0.049186
-1.847200 0.048885
-1.849200 0.048588
-1.850700 0.048294
-1.852300 0.048003
-1.854100 0.047716
-1.856200 0.047433
-1.858000 0.047153
-1.859900 0.046876
-1.863200 0.046602
-1.865000 0.046332
-1.866600 0.046065
-1.868300 0.045800
-1.870000 0.045539
-1.871900 0.045281
-1.873600 0.045026
-1.875100 0.044773
-1.876600 0.044523
-1.878200 0.044277
-1.880000 0.044033
-1.881600 0.043791
-1.891600 0.043552
-1.901000 0.043316
-1.909900 0.043082
-1.918300 0.042851
-1.926600 0.042623
-1.934400 0.042396
-1.941800 0.042172
-1.949600 0.041951
-1.956800 0.041732
-1.964200 0.041515
-1.971400 0.041300
-1.984400 0.041088
-1.990700 0.040877
-1.997100 0.040669
-2.003400 0.040463
-2.009500 0.040259
-2.015200 0.040058
-2.021200 0.039858
-2.026600 0.039660
-2.037600 0.039464
-2.043100 0.039270
-2.048500 0.039078
-2.053600 0.038888
-2.058700 0.038699
-2.063400 0.038513
-2.068500 0.038328
-2.073300 0.038145
-2.078400 0.037964
-2.083000 0.037784
-2.087700 0.037606
-2.092200 0.037430
-2.096800 0.037256
-2.101400 0.037083
-2.105800 0.036911
-2.114200 0.036742
-2.118500 0.036573
-2.122500 0.036407
-2.142900 0.036242
-2.146900 0.036078
-2.150800 0.035916
-2.154600 0.035755
-2.158400 0.035596
-2.162000 0.035438
-2.165800 0.035282
-2.169200 0.035127
-2.172800 0.034973
-2.176400 0.034820
-2.183400 0.034669
-2.186600 0.034520
-2.190100 0.034371
-2.193400 0.034224
-2.200500 0.034078
-2.203900 0.033933
-2.206900 0.033790
-2.210200 0.033648
-2.213300 0.033507
-2.216600 0.033367
-2.219800 0.033228
-2.223000 0.033090
-2.226000 0.032954
-2.229000 0.032819
-2.232200 0.032684
-2.235600 0.032551
-2.238600 0.032419
-2.241700 0.032288
-2.244600 0.032158
-2.247600 0.032029
-2.250600 0.031902
-2.253600 0.031775
-2.256500 0.031649
-2.259300 0.031524
-2.262400 0.031400
-2.268200 0.031277
-2.271000 0.031156
-2.273800 0.031035
-2.276700 0.030915
-2.279600 0.030795
-2.282300 0.030677
-2.285100 0.030560
-2.288000 0.030444
-2.290800 0.030328
-2.293700 0.030213
-2.296500 0.030100
-2.299300 0.029987
-2.301900 0.029875
-2.304600 0.029763
-2.310000 0.029653
-2.312800 0.029543
-2.315500 0.029435
-2.317900 0.029327
-2.320500 0.029220
-2.323000 0.029113
-2.325600 0.029007
-2.328300 0.028903
-2.330900 0.028798
-2.333700 0.028695
-2.336300 0.028592
-2.338800 0.028491
-2.341200 0.028389
-2.343800 0.028289
-2.348900 0.028189
-2.351500 0.028090
-2.354000 0.027992
-2.356500 0.027894
-2.361500 0.027797
-2.364000 0.027701
-2.366500 0.027605
-2.371400 0.027510
-2.373700 0.027416
-2.376300 0.027322
-2.378800 0.027229
-2.381200 0.027137
-2.383700 0.027045
-2.386100 0.026954
-2.388700 0.026863
-2.393300 0.026773
-2.395800 0.026684
-2.400900 0.026595
-2.403500 0.026507
-2.406000 0.026419
-2.408300 0.026332
-2.410900 0.026246
-2.413100 0.026160
-2.415600 0.026075
-2.417900 0.025990
-2.420400 0.025906
-2.422700 0.025822
-2.425100 0.025739
-2.427400 0.025656
-2.429900 0.025574
-2.432400 0.025493
-2.437100 0.025411
-2.439500 0.025331
-2.441900 0.025251
-2.444200 0.025171
-2.446700 0.025092
-2.451600 0.025014
-2.454000 0.024936
-2.456200 0.024858
-2.458500 0.024781
-2.460700 0.024705
-2.465500 0.024629
-2.467900 0.024553
-2.470300 0.024478
-2.475300 0.024403
-2.477700 0.024329
-2.480200 0.024255
-2.482700 0.024182
-2.485200 0.024109
-2.487800 0.024036
-2.490400 0.023964
-2.492900 0.023893
-2.495400 0.023822
-2.498000 0.023751
-2.500400 0.023681
-2.502800 0.023611
-2.505200 0.023541
-2.507700 0.023472
-2.510100 0.023403
-2.512600 0.023335
-2.515200 0.023267
-2.517700 0.023200
-2.520400 0.023132
-2.522900 0.023066
-2.525300 0.022999
-2.527700 0.022933
-2.530200 0.022868
-2.532800 0.022803
-2.535200 0.022738
-2.537900 0.022673
-2.540300 0.022609
-2.542900 0.022545
-2.545700 0.022482
-2.548300 0.022419
-2.550900 0.022356
-2.553500 0.022294
-2.556200 0.022232
-2.558900 0.022170
-2.561700 0.022109
-2.564200 0.022048
-2.569600 0.021987
-2.572300 0.021927
-2.575100 0.021867
-2.577900 0.021808
-2.580900 0.021748
-2.583800 0.021689
-2.586400 0.021631
-2.589200 0.021572
-2.592100 0.021514
-2.597800 0.021457
-2.600800 0.021399
-2.603800 0.021342
-2.606700 0.021285
-2.612800 0.021229
-2.615800 0.021172
-2.618900 0.021117
-2.622000 0.021061
-2.625000 0.021006
-2.628100 0.020951
-2.631300 0.020896
-2.634600 0.020841
-2.637700 0.020787
-2.641000 0.020733
-2.644400 0.020680
-2.647700 0.020626
-2.651000 0.020573
-2.654300 0.020521
-2.657700 0.020468
-2.661300 0.020416
-2.664900 0.020364
-2.668500 0.020312
-2.672100 0.020261
-2.675700 0.020209
-2.679300 0.020158
-2.683100 0.020108
-2.687100 0.020057
-2.690700 0.020007
-2.694700 0.019957
-2.698500 0.019908
-2.702200 0.019858
-2.706200 0.019809
-2.710200 0.019760
-2.714400 0.019711
-2.718800 0.019663
-2.723300 0.019615
-2.727600 0.019567
-2.731900 0.019519
-2.736400 0.019471
-2.741000 0.019424
-2.745800 0.019377
-2.755900 0.019330
-2.761100 0.019284
-2.766600 0.019237
-2.771700 0.019191
-2.777200 0.019145
-2.782900 0.019099
-2.788800 0.019054
-2.794900 0.019009
-2.801400 0.018964
-2.807800 0.018919
-2.813700 0.018874
-2.820400 0.018830
-2.827300 0.018785
-2.834500 0.018741
-2.842300 0.018698
-2.850100 0.018654
-2.858100 0.018611
-2.866500 0.018567
-2.874800 0.018524
-2.884000 0.018482
-2.892900 0.018439
-2.902900 0.018396
-2.913300 0.018354
-2.924300 0.018312
-2.947400 0.018270
-2.960400 0.018229
-2.974800 0.018187
-2.990000 0.018146
-3.006100 0.018105
-3.023400 0.018064
-3.042400 0.018023
-3.062100 0.017983
-3.085900 0.017942
-3.112200 0.017902
-3.141900 0.017862
-3.177700 0.017821
-3.219000 0.017781
-3.268700 0.017741
-3.334300 0.017701
-3.414500 0.017662
-3.516600 0.017622
-3.667900 0.017583
-3.936900 0.017544
-4.521200 0.017505
