23.629000 0.020181
7.351800 0.020181
7.169100 0.020181
7.102300 0.020181
7.102300 0.020181
6.681100 0.020181
3.149000 0.020181
2.628800 0.020181
2.284700 0.020181
2.065800 0.020181
1.682300 0.020181
1.496400 0.020181
1.354000 0.020181
1.219200 0.020181
1.037500 0.020181
0.964570 0.020181
0.901390 0.020181
0.829940 0.020181
0.728730 0.020181
0.682440 0.020181
0.550900 0.020181
0.512600 0.020181
0.474200 0.020181
0.438290 0.020181
0.400870 0.020181
0.371170 0.020181
0.339030 0.020181
0.310290 0.020181
0.281850 0.020181
0.260560 0.020181
0.241060 0.020181
0.218990 0.020181
0.200050 0.020181
0.179820 0.020181
0.160960 0.020181
0.143140 0.020181
0.126000 0.020181
0.092786 0.020181
0.073908 0.020181
0.058968 0.020181
0.042798 0.020181
0.030186 0.020181
0.017190 0.020181
0.003735 0.020181
-0.020542 0.020181
-0.034145 0.020181
-0.047843 0.020181
-0.060111 0.020181
-0.071309 0.020181
-0.083013 0.020181
-0.092025 0.020181
-0.101950 0.020181
-0.112240 0.020181
-0.123810 0.020181
-0.131700 0.020181
-0.139010 0.020181
-0.146780 0.020181
-0.155430 0.020181
-0.163330 0.020181
-0.171150 0.020181
-0.178430 0.020181
-0.186390 0.020181
-0.193800 0.020181
-0.201110 0.020181
-0.207680 0.020181
-0.219210 0.020181
-0.231700 0.020181
-0.237880 0.020181
-0.243260 0.020181
-0.249090 0.020181
-0.254730 0.020181
-0.260890 0.020181
-0.266070 0.020181
-0.270730 0.020181
-0.276140 0.020181
-0.281140 0.020181
-0.286230 0.020181
-0.300680 0.020181
-0.304920 0.020181
-0.309300 0.020181
-0.314090 0.020181
-0.318290 0.020181
-0.322510 0.020181
-0.326620 0.020181
-0.334670 0.020181
-0.338900 0.020181
-0.342900 0.020181
-0.346880 0.020181
-0.350810 0.020181
-0.354500 0.020181
-0.361730 0.020181
-0.368360 0.020181
-0.371580 0.020181
-0.378530 0.020181
-0.381280 0.020181
-0.384350 0.020181
-0.387510 0.020180
-0.391450 0.020179
-0.394320 0.020163
-0.397560 0.020000
-0.400630 0.019837
-0.406320 0.019686
-0.408880 0.019541
-0.412290 0.019401
-0.415620 0.019265
-0.418450 0.019132
-0.421130 0.019002
-0.423610 0.018875
-0.426250 0.018750
-0.431330 0.018626
-0.433860 0.018504
-0.436390 0.018384
-0.439010 0.018265
-0.441760 0.018148
-0.444220 0.018032
-0.446760 0.017918
-0.449280 0.017804
-0.451370 0.017691
-0.453840 0.017579
-0.456300 0.017467
-0.458490 0.017356
-0.460880 0.017246
-0.463050 0.017137
-0.465410 0.017029
-0.467390 0.016922
-0.469670 0.016816
-0.472190 0.016711
-0.474430 0.016607
-0.476670 0.016504
-0.478640 0.016401
-0.480740 0.016300
-0.482680 0.016200
-0.484690 0.016101
-0.486460 0.016004
-0.488690 0.015896
-0.490740 0.015791
-0.492900 0.015686
-0.494710 0.015582
-0.496740 0.015480
-0.498620 0.015378
-0.500390 0.015277
-0.502290 0.015177
-0.503940 0.015078
-0.505900 0.014980
-0.507630 0.014883
-0.509650 0.014787
-0.511240 0.014691
-0.512960 0.014596
-0.514590 0.014502
-0.516720 0.014409
-0.518590 0.014316
-0.520290 0.014225
-0.522030 0.014134
-0.523770 0.014044
-0.525710 0.013955
-0.527620 0.013867
-0.529430 0.013779
-0.531100 0.013692
-0.532720 0.013606
-0.534340 0.013521
-0.536050 0.013437
-0.537560 0.013354
-0.539320 0.013271
-0.541000 0.013189
-0.542680 0.013108
-0.544450 0.013028
-0.546020 0.012948
-0.547460 0.012869
-0.548910 0.012792
-0.550300 0.012715
-0.551950 0.012639
-0.553390 0.012565
-0.554790 0.012491
-0.556260 0.012418
-0.557620 0.012346
-0.559000 0.012275
-0.560500 0.012204
-0.562070 0.012135
-0.570760 0.012067
-0.578720 0.012000
-0.586290 0.011933
-0.593800 0.011868
-0.600590 0.011803
-0.607050 0.011740
-0.613270 0.011677
-0.619220 0.011615
-0.625440 0.011554
-0.631170 0.011495
-0.636480 0.011436
-0.641720 0.011378
-0.647010 0.011321
-0.651900 0.011265
-0.657070 0.011210
-0.661710 0.011156
-0.666450 0.011103
-0.670610 0.011050
-0.675100 0.010999
-0.679580 0.010949
-0.683900 0.010899
-0.687900 0.010851
-0.691880 0.010804
-0.695630 0.010757
-0.699420 0.010712
-0.703060 0.010667
-0.706620 0.010623
-0.710160 0.010580
-0.713860 0.010539
-0.717430 0.010498
-0.720790 0.010458
-0.727470 0.010419
-0.730760 0.010380
-0.733800 0.010343
-0.737180 0.010307
-0.740190 0.010271
-0.743400 0.010237
-0.746460 0.010203
-0.749450 0.010170
-0.752460 0.010138
-0.755330 0.010107
-0.758250 0.010077
-0.761170 0.010047
-0.763780 0.010019
-0.766630 0.009991
-0.769290 0.009964
-0.772010 0.009938
-0.774520 0.009913
-0.776970 0.009888
-0.779550 0.009864
-0.782120 0.009841
-0.784550 0.009819
-0.786960 0.009798
-0.789430 0.009777
-0.791740 0.009757
-0.794010 0.009738
-0.796300 0.009719
-0.798770 0.009701
-0.801080 0.009684
-0.803260 0.009667
-0.805580 0.009652
-0.810170 0.009636
-0.812430 0.009622
-0.814580 0.009607
-0.816700 0.009594
-0.818780 0.009581
-0.820900 0.009569
-0.823000 0.009557
-0.825110 0.009546
-0.827090 0.009535
-0.829190 0.009525
-0.831060 0.009515
-0.833150 0.009505
-0.835320 0.009497
-0.837430 0.009488
-0.839520 0.009480
-0.841470 0.009472
-0.843420 0.009465
-0.845180 0.009458
-0.847040 0.009451
-0.848880 0.009445
-0.850780 0.009439
-0.852680 0.009434
-0.854690 0.009428
-0.856640 0.009423
-0.858650 0.009418
-0.862490 0.009413
-0.864240 0.009409
-0.866010 0.009405
-0.867900 0.009400
-0.869630 0.009396
-0.871520 0.009393
-0.873280 0.009389
-0.875090 0.009385
-0.876960 0.009382
-0.878690 0.009378
-0.880330 0.009375
-0.882010 0.009371
-0.883820 0.009368
-0.885530 0.009364
-0.887280 0.009361
-0.888960 0.009357
-0.890690 0.009354
-0.892400 0.009350
-0.894160 0.009347
-0.895860 0.009343
-0.897500 0.009339
-0.899240 0.009335
-0.900980 0.009331
-0.902650 0.009327
-0.904230 0.009323
-0.905790 0.009318
-0.907530 0.009314
-0.909230 0.009309
-0.910890 0.009304
-0.912530 0.009299
-0.915770 0.009293
-0.917360 0.009288
-0.919010 0.009282
-0.920690 0.009276
-0.922270 0.009270
-0.923870 0.009263
-0.925530 0.009256
-0.927190 0.009249
-0.928810 0.009242
-0.930320 0.009234
-0.931880 0.009226
-0.933540 0.009218
-0.935180 0.009210
-0.936770 0.009201
-0.938300 0.009192
-0.939880 0.009183
-0.941470 0.009173
-0.943030 0.009163
-0.944660 0.009153
-0.946170 0.009143
-0.949260 0.009132
-0.950840 0.009121
-0.952400 0.009110
-0.953980 0.009098
-0.955490 0.009086
-0.957090 0.009074
-0.958730 0.009062
-0.960340 0.009049
-0.961960 0.009036
-0.965030 0.009022
-0.966580 0.009009
-0.968180 0.008995
-0.969820 0.008981
-0.971390 0.008966
-0.972880 0.008952
-0.974380 0.008937
-0.975960 0.008921
-0.977540 0.008906
-0.979110 0.008890
-0.980680 0.008874
-0.982270 0.008858
-0.983850 0.008842
-0.985410 0.008825
-0.988530 0.008808
-0.990140 0.008791
-0.991670 0.008774
-0.993180 0.008757
-0.994750 0.008739
-0.996170 0.008721
-0.997660 0.008703
-0.999210 0.008685
-1.000900 0.008667
-1.004100 0.008648
-1.005700 0.008630
-1.007200 0.008611
-1.008800 0.008592
-1.010400 0.008573
-1.013500 0.008554
-1.015100 0.008534
-1.016800 0.008515
-1.018400 0.008496
-1.020000 0.008476
-1.021700 0.008456
-1.023400 0.008436
-1.025000 0.008417
-1.026600 0.008397
-1.028300 0.008377
-1.030000 0.008357
-1.031600 0.008336
-1.033300 0.008316
-1.035000 0.008296
-1.036700 0.008276
-1.038400 0.008255
-1.040100 0.008235
-1.041800 0.008215
-1.043500 0.008194
-1.045400 0.008174
-1.047100 0.008154
-1.048800 0.008133
-1.050600 0.008113
-1.052400 0.008092
-1.054100 0.008072
-1.056000 0.008052
-1.057800 0.008031
-1.059600 0.008011
-1.061400 0.007990
-1.063300 0.007970
-1.065200 0.007950
-1.067100 0.007929
-1.069000 0.007909
-1.070800 0.007889
-1.072600 0.007869
-1.074500 0.007849
-1.076400 0.007829
-1.078300 0.007809
-1.080200 0.007789
-1.082100 0.007769
-1.084100 0.007749
-1.086100 0.007729
-1.088100 0.007709
-1.090200 0.007689
-1.092200 0.007670
-1.094400 0.007650
-1.096500 0.007630
-1.098500 0.007611
-1.100700 0.007591
-1.102900 0.007572
-1.105200 0.007553
-1.107400 0.007533
-1.109600 0.007514
-1.111900 0.007495
-1.114000 0.007476
-1.116200 0.007457
-1.118500 0.007438
-1.121000 0.007419
-1.123200 0.007400
-1.125700 0.007381
-1.128100 0.007362
-1.130600 0.007344
-1.135800 0.007325
-1.138500 0.007306
-1.141100 0.007288
-1.149200 0.007269
-1.152200 0.007251
-1.155100 0.007233
-1.158100 0.007214
-1.160900 0.007196
-1.163800 0.007178
-1.166600 0.007160
-1.169400 0.007142
-1.172400 0.007124
-1.175600 0.007106
-1.178700 0.007088
-1.182000 0.007071
-1.185300 0.007052
-1.188800 0.007034
-1.192100 0.007016
-1.195600 0.006998
-1.199400 0.006980
-1.203100 0.006962
-1.206900 0.006944
-1.210800 0.006926
-1.214800 0.006909
-1.218800 0.006891
-1.223100 0.006874
-1.227500 0.006856
-1.232300 0.006839
-1.237400 0.006822
-1.242700 0.006804
-1.248300 0.006787
-1.254000 0.006770
-1.265700 0.006753
-1.272200 0.006736
-1.278800 0.006719
-1.286200 0.006702
-1.303300 0.006685
-1.313000 0.006668
-1.323500 0.006652
-1.347000 0.006635
-1.361900 0.006619
-1.379300 0.006603
-1.398400 0.006587
-1.423400 0.006571
-1.456600 0.006555
-1.503500 0.006539
-1.576700 0.006524
-2.041600 0.006508
-6.502000 0.006494
