107.660000 0.203574
2.449000 0.203574
0.908420 0.203574
0.327310 0.203574
-0.027094 0.203573
-0.225610 0.203573
-0.372860 0.203570
-0.471890 0.203538
-0.559870 0.203216
-0.637510 0.200000
-0.744810 0.196784
-0.793210 0.194325
-0.831930 0.192257
-0.873500 0.190440
-0.936980 0.188802
-0.972470 0.187301
-1.003600 0.185907
-1.030600 0.184602
-1.055500 0.183369
-1.076900 0.182201
-1.099400 0.181090
-1.118300 0.180027
-1.160400 0.179004
-1.178700 0.178017
-1.198400 0.177062
-1.214700 0.176137
-1.229000 0.175239
-1.244000 0.174369
-1.258300 0.173524
-1.271100 0.172703
-1.286500 0.171907
-1.302100 0.171133
-1.313000 0.170382
-1.326900 0.169647
-1.338500 0.168915
-1.350900 0.168189
-1.362700 0.167472
-1.373400 0.166764
-1.383200 0.166068
-1.394100 0.165383
-1.404000 0.164711
-1.413500 0.164050
-1.422700 0.163402
-1.431400 0.162766
-1.440200 0.162142
-1.449000 0.161531
-1.457100 0.160932
-1.472500 0.160345
-1.480900 0.159771
-1.488400 0.159208
-1.495300 0.158657
-1.503100 0.158118
-1.510300 0.157591
-1.523800 0.157075
-1.530100 0.156570
-1.536900 0.156076
-1.543100 0.155594
-1.549400 0.155122
-1.555400 0.154661
-1.561800 0.153974
-1.568000 0.153321
-1.573300 0.152693
-1.579500 0.152086
-1.585100 0.151497
-1.591700 0.150924
-1.597700 0.150366
-1.602900 0.149822
-1.608500 0.149291
-1.614000 0.148771
-1.624200 0.148263
-1.629100 0.147766
-1.634200 0.147279
-1.644100 0.146803
-1.648900 0.146335
-1.654100 0.145877
-1.658600 0.145429
-1.663600 0.144989
-1.668400 0.144557
-1.673400 0.144134
-1.677600 0.143718
-1.681900 0.143311
-1.686700 0.142911
-1.691000 0.142518
-1.695400 0.142133
-1.699400 0.141756
-1.703200 0.141386
-1.707400 0.141023
-1.711200 0.140667
-1.715100 0.140318
-1.718600 0.139977
-1.722800 0.139642
-1.726000 0.139313
-1.729700 0.138992
-1.734200 0.138676
-1.737700 0.138367
-1.741100 0.138065
-1.745100 0.137768
-1.752300 0.137477
-1.755800 0.137193
-1.759200 0.136914
-1.762500 0.136640
-1.766300 0.136372
-1.772800 0.136109
-1.779100 0.135852
-1.782300 0.135599
-1.785800 0.135352
-1.789300 0.135110
-1.792200 0.134874
-1.795500 0.134646
-1.798300 0.134425
-1.801500 0.134211
-1.805100 0.134002
-1.808500 0.133800
-1.812000 0.133604
-1.815000 0.133414
-1.818000 0.133229
-1.820900 0.133050
-1.827100 0.132876
-1.829900 0.132708
-1.835400 0.132545
-1.838200 0.132386
-1.841600 0.132233
-1.844400 0.132085
-1.847400 0.131941
-1.849900 0.131802
-1.852600 0.131667
-1.855500 0.131537
-1.858000 0.131411
-1.860600 0.131289
-1.863200 0.131172
-1.865800 0.131058
-1.868000 0.130948
-1.870900 0.130842
-1.873800 0.130740
-1.876600 0.130641
-1.879000 0.130546
-1.883600 0.130454
-1.886100 0.130365
-1.888700 0.130280
-1.891000 0.130198
-1.893300 0.130118
-1.895500 0.130042
-1.898100 0.129969
-1.900600 0.129898
-1.905200 0.129830
-1.907500 0.129764
-1.910000 0.129701
-1.912500 0.129640
-1.914800 0.129582
-1.916700 0.129525
-1.919000 0.129471
-1.921100 0.129419
-1.923300 0.129369
-1.925400 0.129320
-1.927700 0.129274
-1.929900 0.129229
-1.931900 0.129185
-1.933900 0.129143
-1.938600 0.129102
-1.941000 0.129063
-1.943100 0.129024
-1.945100 0.128987
-1.947400 0.128950
-1.949500 0.128915
-1.951600 0.128880
-1.953600 0.128846
-1.955500 0.128812
-1.957500 0.128779
-1.959400 0.128746
-1.961500 0.128714
-1.965700 0.128682
-1.967700 0.128650
-1.969700 0.128618
-1.971600 0.128587
-1.973400 0.128555
-1.975200 0.128523
-1.977200 0.128491
-1.979200 0.128459
-1.982900 0.128426
-1.984900 0.128393
-1.986800 0.128360
-1.988900 0.128326
-1.990900 0.128291
-1.992700 0.128256
-2.003900 0.128220
-2.014300 0.128183
-2.024300 0.128145
-2.034100 0.128107
-2.044300 0.128067
-2.054300 0.128027
-2.073200 0.127985
-2.082300 0.127942
-2.091400 0.127898
-2.100100 0.127853
-2.108200 0.127807
-2.116800 0.127759
-2.124600 0.127710
-2.132300 0.127659
-2.140300 0.127607
-2.147400 0.127554
-2.155200 0.127499
-2.163100 0.127442
-2.170700 0.127384
-2.177800 0.127324
-2.185300 0.127262
-2.192300 0.127199
-2.199000 0.127134
-2.212600 0.127067
-2.219400 0.126998
-2.232100 0.126927
-2.238700 0.126855
-2.244700 0.126781
-2.250500 0.126704
-2.256600 0.126626
-2.262400 0.126546
-2.268300 0.126464
-2.273800 0.126379
-2.279500 0.126293
-2.285600 0.126205
-2.291500 0.126115
-2.302600 0.126022
-2.307800 0.125928
-2.313000 0.125831
-2.318600 0.125733
-2.323900 0.125632
-2.329200 0.125529
-2.334100 0.125424
-2.339000 0.125317
-2.343900 0.125207
-2.348600 0.125096
-2.358100 0.124982
-2.363200 0.124867
-2.372700 0.124749
-2.381500 0.124629
-2.386000 0.124506
-2.390600 0.124382
-2.395200 0.124256
-2.399400 0.124127
-2.404000 0.123996
-2.408000 0.123863
-2.420900 0.123728
-2.425100 0.123591
-2.429300 0.123452
-2.433400 0.123311
-2.437800 0.123167
-2.442100 0.123022
-2.445900 0.122874
-2.454100 0.122725
-2.458300 0.122573
-2.462500 0.122419
-2.466400 0.122264
-2.474200 0.122106
-2.478200 0.121947
-2.482000 0.121785
-2.485700 0.121621
-2.489300 0.121456
-2.492800 0.121289
-2.496700 0.121119
-2.500300 0.120948
-2.504100 0.120775
-2.508000 0.120601
-2.511700 0.120424
-2.515600 0.120246
-2.519200 0.120066
-2.526400 0.119884
-2.530000 0.119700
-2.533400 0.119515
-2.537000 0.119328
-2.540600 0.119139
-2.544300 0.118949
-2.547900 0.118757
-2.551400 0.118564
-2.554800 0.118369
-2.558300 0.118172
-2.562000 0.117974
-2.565400 0.117775
-2.569100 0.117574
-2.572700 0.117371
-2.576000 0.117168
-2.579600 0.116962
-2.583100 0.116756
-2.586500 0.116548
-2.589900 0.116339
-2.593100 0.116128
-2.596500 0.115917
-2.599900 0.115704
-2.603500 0.115490
-2.606900 0.115275
-2.610100 0.115058
-2.613600 0.114841
-2.616900 0.114622
-2.620400 0.114402
-2.623900 0.114182
-2.627200 0.113960
-2.630400 0.113737
-2.637200 0.113514
-2.640600 0.113289
-2.643900 0.113064
-2.647200 0.112837
-2.650400 0.112610
-2.656900 0.112382
-2.660100 0.112153
-2.663500 0.111924
-2.666900 0.111693
-2.670300 0.111462
-2.677000 0.111230
-2.680400 0.110998
-2.683700 0.110765
-2.687200 0.110531
-2.690600 0.110297
-2.693900 0.110062
-2.697100 0.109827
-2.700400 0.109591
-2.703600 0.109354
-2.706800 0.109117
-2.710100 0.108880
-2.713300 0.108642
-2.716500 0.108404
-2.719900 0.108165
-2.723300 0.107926
-2.726600 0.107687
-2.729800 0.107447
-2.733200 0.107207
-2.736400 0.106967
-2.739700 0.106726
-2.743100 0.106485
-2.746200 0.106244
-2.749600 0.106003
-2.753000 0.105762
-2.756200 0.105520
-2.759500 0.105278
-2.762800 0.105037
-2.766300 0.104795
-2.769600 0.104553
-2.773000 0.104310
-2.776200 0.104068
-2.779600 0.103826
-2.783000 0.103584
-2.786500 0.103341
-2.790000 0.103099
-2.793500 0.102857
-2.796900 0.102615
-2.800100 0.102372
-2.803400 0.102130
-2.806800 0.101888
-2.810100 0.101646
-2.813400 0.101404
-2.816700 0.101163
-2.820100 0.100921
-2.823400 0.100680
-2.826800 0.100438
-2.830400 0.100197
-2.833900 0.099956
-2.837300 0.099716
-2.840600 0.099475
-2.844000 0.099235
-2.847500 0.098995
-2.851000 0.098755
-2.854500 0.098515
-2.858000 0.098276
-2.861600 0.098037
-2.865000 0.097798
-2.872300 0.097559
-2.875800 0.097321
-2.879200 0.097083
-2.883000 0.096845
-2.886800 0.096608
-2.890500 0.096371
-2.894300 0.096134
-2.897900 0.095897
-2.901800 0.095661
-2.905700 0.095425
-2.909700 0.095189
-2.917300 0.094954
-2.921100 0.094719
-2.925100 0.094484
-2.929000 0.094249
-2.932900 0.094015
-2.936900 0.093781
-2.940900 0.093548
-2.944800 0.093315
-2.948700 0.093082
-2.952600 0.092850
-2.956700 0.092618
-2.960900 0.092386
-2.965000 0.092155
-2.969300 0.091924
-2.973500 0.091694
-2.977800 0.091464
-2.982100 0.091234
-2.986300 0.091005
-2.991000 0.090776
-2.995400 0.090547
-2.999900 0.090319
-3.004200 0.090092
-3.008600 0.089864
-3.013100 0.089638
-3.018100 0.089411
-3.022600 0.089185
-3.027300 0.088960
-3.031900 0.088735
-3.037000 0.088510
-3.042100 0.088286
-3.047100 0.088062
-3.052400 0.087839
-3.057600 0.087617
-3.062900 0.087394
-3.068100 0.087173
-3.073600 0.086952
-3.090400 0.086731
-3.096300 0.086511
-3.102300 0.086291
-3.108200 0.086065
-3.114200 0.085839
-3.120800 0.085613
-3.127300 0.085388
-3.133700 0.085164
-3.140400 0.084940
-3.147100 0.084717
-3.154200 0.084494
-3.161800 0.084272
-3.169500 0.084051
-3.176600 0.083830
-3.184600 0.083610
-3.192600 0.083390
-3.218100 0.083171
-3.226600 0.082952
-3.236600 0.082734
-3.246200 0.082516
-3.256700 0.082299
-3.267400 0.082082
-3.278900 0.081866
-3.290700 0.081650
-3.302500 0.081435
-3.315900 0.081220
-3.329400 0.081005
-3.344500 0.080791
-3.359200 0.080577
-3.375700 0.080363
-3.393300 0.080151
-3.412300 0.079939
-3.433400 0.079728
-3.455600 0.079518
-3.481000 0.079309
-3.509600 0.079100
-3.540000 0.078893
-3.573900 0.078686
-3.613000 0.078480
-3.660600 0.078274
-3.715200 0.078070
-3.780300 0.077867
-3.863600 0.077665
-3.972000 0.077464
-4.305200 0.077265
-4.555500 0.077067
-4.907000 0.076870
-5.401900 0.076676
-6.839000 0.076483
-9.338200 0.076292
-14.896000 0.076105
-20.675000 0.075922
