7.716800 0.561017
4.596800 0.561017
3.296700 0.561017
2.691300 0.561017
2.317900 0.561017
2.065100 0.561017
1.867700 0.561017
1.690700 0.561017
1.527000 0.561017
1.282600 0.561017
1.068200 0.561017
0.987430 0.561017
0.895970 0.561017
0.832190 0.561017
0.766360 0.561017
0.640390 0.561017
0.580330 0.561017
0.529430 0.561017
0.483160 0.561017
0.435040 0.561017
0.358800 0.561017
0.317510 0.561017
0.283640 0.561017
0.243200 0.561017
0.171880 0.561017
0.142100 0.561017
0.111150 0.561017
0.078101 0.561017
0.049994 0.561017
0.023261 0.561017
-0.004113 0.561017
-0.033624 0.561017
-0.084161 0.561017
-0.105740 0.561017
-0.130760 0.561017
-0.153680 0.561017
-0.176080 0.561017
-0.197020 0.561017
-0.216270 0.561017
-0.235620 0.561017
-0.252980 0.561017
-0.271480 0.561017
-0.289420 0.561017
-0.307430 0.561017
-0.322440 0.561017
-0.340230 0.561017
-0.389550 0.561017
-0.405570 0.561017
-0.421560 0.561017
-0.438100 0.561017
-0.450340 0.561017
-0.465660 0.561017
-0.491330 0.561017
-0.534290 0.561017
-0.546900 0.561017
-0.560600 0.561017
-0.574090 0.561017
-0.585200 0.561017
-0.608150 0.561017
-0.620780 0.561017
-0.631650 0.561017
-0.642510 0.561017
-0.653040 0.561017
-0.662260 0.561017
-0.671780 0.561017
-0.682730 0.561017
-0.694330 0.561017
-0.704060 0.561017
-0.713770 0.561017
-0.723350 0.561017
-0.733180 0.561017
-0.741690 0.561017
-0.750940 0.561017
-0.760060 0.561017
-0.768330 0.561017
-0.777250 0.561017
-0.784420 0.561017
-0.793330 0.561017
-0.801080 0.561017
-0.809690 0.561017
-0.817770 0.561017
-0.825590 0.561017
-0.833670 0.561017
-0.841940 0.561017
-0.849480 0.561017
-0.856990 0.561017
-0.864130 0.561017
-0.872030 0.561017
-0.880150 0.561017
-0.887510 0.561017
-0.894400 0.561017
-0.901760 0.561017
-0.908930 0.561017
-0.916310 0.561017
-0.923240 0.561017
-0.930750 0.561017
-0.943870 0.561017
-0.950490 0.561017
-0.958250 0.561017
-0.964710 0.561017
-0.983820 0.561017
-0.991020 0.561017
-0.997190 0.561017
-1.002700 0.561017
-1.008700 0.561017
-1.022700 0.561017
-1.029400 0.561017
-1.035200 0.561017
-1.046400 0.561017
-1.058400 0.561017
-1.064200 0.561017
-1.070000 0.561017
-1.076300 0.561017
-1.081500 0.561017
-1.087700 0.561017
-1.093700 0.561017
-1.098800 0.561015
-1.104600 0.560991
-1.109500 0.560749
-1.114500 0.558330
-1.120500 0.555911
-1.126600 0.554302
-1.131000 0.553036
-1.135900 0.551950
-1.140900 0.550966
-1.145600 0.550055
-1.151200 0.549204
-1.156000 0.548403
-1.161400 0.547638
-1.166700 0.546888
-1.171800 0.546165
-1.175900 0.545472
-1.181000 0.544809
-1.185900 0.544176
-1.190800 0.543574
-1.196300 0.543002
-1.201000 0.542461
-1.206200 0.541953
-1.211300 0.541476
-1.216300 0.540811
-1.221100 0.540214
-1.226400 0.539659
-1.231300 0.539137
-1.236200 0.538641
-1.241000 0.538170
-1.245800 0.537721
-1.250000 0.537294
-1.254100 0.536887
-1.258600 0.536501
-1.262500 0.536134
-1.267700 0.535787
-1.272200 0.535459
-1.277100 0.535148
-1.281100 0.534855
-1.285800 0.534578
-1.289900 0.534317
-1.298500 0.534070
-1.302400 0.533843
-1.306100 0.533632
-1.311200 0.533436
-1.315800 0.533253
-1.319800 0.533083
-1.323700 0.532924
-1.328400 0.532775
-1.336500 0.532634
-1.340900 0.532501
-1.344900 0.532373
-1.348600 0.532251
-1.352300 0.532132
-1.356400 0.532015
-1.360600 0.531898
-1.364200 0.531781
-1.368300 0.531661
-1.372200 0.531537
-1.376100 0.531408
-1.379700 0.531272
-1.383000 0.531127
-1.386700 0.530973
-1.389900 0.530808
-1.393200 0.530629
-1.416200 0.530438
-1.437600 0.530231
-1.458400 0.530007
-1.478300 0.529767
-1.497400 0.529508
-1.532900 0.529229
-1.550400 0.528930
-1.585000 0.528610
-1.601300 0.528268
-1.617000 0.527904
-1.632400 0.527516
-1.648300 0.527105
-1.662400 0.526670
-1.676800 0.526210
-1.690600 0.525726
-1.703800 0.525217
-1.717800 0.524683
-1.730900 0.524124
-1.743700 0.523541
-1.756300 0.522934
-1.768600 0.522302
-1.779800 0.521646
-1.791100 0.520966
-1.802400 0.520264
-1.813700 0.519538
-1.824900 0.518790
-1.835500 0.518021
-1.846300 0.517230
-1.856400 0.516419
-1.866200 0.515588
-1.875500 0.514737
-1.885900 0.513868
-1.895800 0.512981
-1.905700 0.512077
-1.914900 0.511155
-1.924400 0.510218
-1.942000 0.509265
-1.950700 0.508297
-1.959300 0.507315
-1.975800 0.506320
-1.984000 0.505311
-1.991900 0.504289
-2.007600 0.503255
-2.015400 0.502210
-2.029600 0.501153
-2.036900 0.500085
-2.044100 0.499007
-2.051200 0.497919
-2.058100 0.496820
-2.065200 0.495713
-2.072000 0.494595
-2.079000 0.493469
-2.085500 0.492334
-2.092300 0.491190
-2.099000 0.490038
-2.111700 0.488877
-2.117900 0.487708
-2.123900 0.486532
-2.130700 0.485347
-2.136900 0.484154
-2.142700 0.482954
-2.148400 0.481746
-2.153800 0.480530
-2.159700 0.479308
-2.165600 0.478077
-2.171400 0.476840
-2.177300 0.475596
-2.182500 0.474345
-2.187700 0.473087
-2.193000 0.471823
-2.198300 0.470552
-2.203700 0.469275
-2.209000 0.467992
-2.219100 0.466703
-2.224400 0.465408
-2.229400 0.464108
-2.234600 0.462803
-2.239400 0.461493
-2.244300 0.460178
-2.254000 0.458859
-2.258800 0.457536
-2.263500 0.456209
-2.268100 0.454878
-2.273000 0.453544
-2.278000 0.452208
-2.282800 0.450869
-2.292100 0.449527
-2.296700 0.448184
-2.301200 0.446839
-2.305900 0.445493
-2.310000 0.444146
-2.314300 0.442799
-2.318600 0.441452
-2.322900 0.440104
-2.327400 0.438757
-2.331600 0.437411
-2.335800 0.436067
-2.339900 0.434723
-2.351900 0.433382
-2.356100 0.432042
-2.360200 0.430705
-2.364200 0.429371
-2.368100 0.428039
-2.371900 0.426711
-2.375800 0.425387
-2.379800 0.424066
-2.383700 0.422749
-2.387700 0.421436
-2.391600 0.420128
-2.395200 0.418825
-2.399200 0.417526
-2.403100 0.416232
-2.407000 0.414944
-2.411000 0.413661
-2.415000 0.412383
-2.418700 0.411111
-2.422600 0.409845
-2.426300 0.408584
-2.430200 0.407330
-2.433900 0.406082
-2.437600 0.404840
-2.441300 0.403604
-2.444800 0.402375
-2.448500 0.401151
-2.451900 0.399935
-2.455500 0.398725
-2.459400 0.397521
-2.463300 0.396324
-2.466700 0.395133
-2.470400 0.393949
-2.473900 0.392772
-2.477600 0.391601
-2.481100 0.390437
-2.484500 0.389280
-2.488200 0.388129
-2.491800 0.386985
-2.495300 0.385848
-2.502300 0.384717
-2.505900 0.383593
-2.509300 0.382475
-2.512800 0.381364
-2.516300 0.380260
-2.519900 0.379162
-2.523400 0.378071
-2.526900 0.376987
-2.530500 0.375909
-2.534100 0.374838
-2.537700 0.373773
-2.541200 0.372715
-2.544500 0.371664
-2.548000 0.370619
-2.551500 0.369581
-2.555100 0.368550
-2.558600 0.367525
-2.562000 0.366507
-2.565400 0.365496
-2.568900 0.364492
-2.572400 0.363494
-2.575900 0.362504
-2.579300 0.361520
-2.582700 0.360544
-2.585900 0.359574
-2.589400 0.358612
-2.592800 0.357657
-2.596100 0.356709
-2.599700 0.355768
-2.603200 0.354835
-2.610600 0.353910
-2.613900 0.352992
-2.617200 0.352082
-2.620500 0.351179
-2.624000 0.350284
-2.627300 0.349397
-2.630800 0.348519
-2.634300 0.347648
-2.637800 0.346785
-2.641300 0.345930
-2.644800 0.345084
-2.648500 0.344246
-2.652000 0.343416
-2.655700 0.342594
-2.662800 0.341780
-2.666300 0.340975
-2.669800 0.340178
-2.673600 0.339389
-2.677400 0.338609
-2.681300 0.337836
-2.685000 0.337072
-2.688400 0.336315
-2.692100 0.335566
-2.695700 0.334825
-2.703200 0.334091
-2.707100 0.333364
-2.710900 0.332645
-2.715000 0.331932
-2.718800 0.331226
-2.722700 0.330527
-2.726300 0.329833
-2.730200 0.329146
-2.734200 0.328464
-2.738200 0.327788
-2.742200 0.327116
-2.746200 0.326449
-2.750400 0.325787
-2.754400 0.325129
-2.758500 0.324474
-2.762700 0.323823
-2.767000 0.323175
-2.771100 0.322529
-2.779400 0.321886
-2.783700 0.321245
-2.787700 0.320605
-2.792000 0.319967
-2.796600 0.319330
-2.801300 0.318694
-2.805800 0.318058
-2.810500 0.317423
-2.815000 0.316787
-2.819800 0.316151
-2.824500 0.315514
-2.829500 0.314877
-2.834200 0.314238
-2.839600 0.313599
-2.844800 0.312958
-2.850100 0.312316
-2.860600 0.311672
-2.865900 0.311027
-2.871300 0.310380
-2.876500 0.309731
-2.882000 0.309081
-2.887400 0.308428
-2.893100 0.307774
-2.899000 0.307118
-2.904900 0.306460
-2.910800 0.305801
-2.916900 0.305140
-2.929400 0.304477
-2.936200 0.303813
-2.949900 0.303147
-2.956900 0.302481
-2.964100 0.301813
-2.971500 0.301144
-2.979300 0.300474
-2.986800 0.299802
-2.995200 0.299130
-3.003400 0.298458
-3.012000 0.297785
-3.020800 0.297111
-3.029700 0.296438
-3.039200 0.295765
-3.049300 0.295091
-3.059600 0.294418
-3.071100 0.293746
-3.083100 0.293074
-3.095000 0.292403
-3.106700 0.291733
-3.119700 0.291065
-3.134100 0.290398
-3.149200 0.289722
-3.164800 0.289047
-3.181400 0.288372
-3.200300 0.287699
-3.221400 0.287028
-3.244600 0.286358
-3.270000 0.285690
-3.360800 0.285024
-3.399600 0.284360
-3.444000 0.283698
-3.496600 0.283037
-3.561400 0.282380
-3.650300 0.281726
-3.766800 0.281076
-4.185600 0.280430
-4.675700 0.279788
-6.275900 0.279152
-8.744700 0.278522
-12.176000 0.277900
