158.900000 0.127364
10.187000 0.127364
3.101200 0.127364
2.569400 0.127364
2.192800 0.127364
1.933800 0.127364
1.752400 0.127364
1.591400 0.127364
1.429900 0.127364
1.314700 0.127364
1.210300 0.127364
1.128500 0.127364
1.058100 0.127364
1.000300 0.127364
0.936810 0.127364
0.884630 0.127364
0.844920 0.127364
0.805370 0.127364
0.770030 0.127364
0.734600 0.127364
0.704880 0.127364
0.677230 0.127364
0.645860 0.127364
0.622630 0.127364
0.599770 0.127364
0.577890 0.127364
0.557260 0.127364
0.536910 0.127364
0.516650 0.127364
0.498460 0.127364
0.482250 0.127364
0.451920 0.127364
0.436320 0.127364
0.423380 0.127364
0.396470 0.127364
0.371230 0.127364
0.349260 0.127362
0.339830 0.127341
0.328230 0.127128
0.317980 0.125000
0.307630 0.122872
0.296460 0.121094
0.286510 0.119535
0.277690 0.118126
0.267990 0.116829
0.248950 0.115621
0.239240 0.114483
0.230150 0.113398
0.212080 0.112358
0.204330 0.111360
0.188460 0.110401
0.181290 0.109479
0.173140 0.108590
0.165810 0.107728
0.158860 0.106873
0.152570 0.106032
0.146280 0.105206
0.140120 0.104398
0.134080 0.103609
0.126940 0.102838
0.121230 0.102086
0.114910 0.101353
0.109110 0.100639
0.096540 0.099943
0.090589 0.099266
0.085554 0.098606
0.080183 0.097964
0.075056 0.097339
0.070265 0.096732
0.065260 0.095952
0.060530 0.095203
0.056074 0.094481
0.051740 0.093783
0.046827 0.093105
0.042738 0.092446
0.037336 0.091804
0.033247 0.091179
0.028822 0.090568
0.024671 0.089973
0.020704 0.089391
0.016371 0.088822
0.008619 0.088267
0.004591 0.087723
0.000288 0.087193
-0.003588 0.086675
-0.007677 0.086168
-0.011553 0.085674
-0.015124 0.085191
-0.019427 0.084720
-0.023363 0.084260
-0.027300 0.083811
-0.031023 0.083372
-0.034777 0.082944
-0.037890 0.082526
-0.041827 0.082118
-0.045977 0.081719
-0.048968 0.081330
-0.052080 0.080954
-0.055712 0.080590
-0.058886 0.080238
-0.065539 0.079897
-0.069018 0.079568
-0.071947 0.079250
-0.075518 0.078942
-0.078753 0.078645
-0.081621 0.078358
-0.084307 0.078081
-0.087176 0.077814
-0.090349 0.077557
-0.093065 0.077309
-0.095934 0.077070
-0.098864 0.076841
-0.101550 0.076621
-0.104510 0.076409
-0.107100 0.076206
-0.110090 0.076012
-0.112690 0.075826
-0.115650 0.075648
-0.118370 0.075478
-0.120770 0.075316
-0.123550 0.075162
-0.125990 0.075015
-0.128560 0.074875
-0.131000 0.074742
-0.133500 0.074617
-0.135910 0.074498
-0.138420 0.074385
-0.140920 0.074279
-0.143330 0.074179
-0.146010 0.074085
-0.148270 0.073996
-0.150650 0.073913
-0.153180 0.073835
-0.155690 0.073762
-0.158100 0.073694
-0.160660 0.073631
-0.162950 0.073573
-0.165330 0.073519
-0.167560 0.073468
-0.169480 0.073422
-0.171590 0.073380
-0.173510 0.073341
-0.177570 0.073306
-0.179710 0.073274
-0.181870 0.073245
-0.183730 0.073219
-0.185350 0.073196
-0.187120 0.073175
-0.189100 0.073156
-0.191330 0.073140
-0.193470 0.073126
-0.197560 0.073114
-0.199270 0.073103
-0.201400 0.073094
-0.203360 0.073087
-0.205430 0.073080
-0.207080 0.073075
-0.209090 0.073071
-0.211080 0.073068
-0.213120 0.073065
-0.214830 0.073063
-0.216810 0.073062
-0.218740 0.073061
-0.220660 0.073060
-0.222430 0.073060
-0.224020 0.073059
-0.225660 0.073059
-0.227740 0.073058
-0.229600 0.073057
-0.231250 0.073055
-0.234910 0.073054
-0.236770 0.073051
-0.239950 0.073049
-0.241810 0.073045
-0.243640 0.073041
-0.245740 0.073036
-0.247520 0.073031
-0.249220 0.073024
-0.252340 0.073017
-0.254050 0.073009
-0.255780 0.072999
-0.257430 0.072989
-0.259080 0.072978
-0.260520 0.072965
-0.270250 0.072952
-0.279440 0.072937
-0.288470 0.072922
-0.296920 0.072905
-0.305350 0.072887
-0.313590 0.072868
-0.329360 0.072848
-0.336930 0.072827
-0.344380 0.072804
-0.351300 0.072781
-0.358390 0.072756
-0.365340 0.072731
-0.371940 0.072704
-0.378370 0.072676
-0.384720 0.072647
-0.390760 0.072617
-0.396990 0.072586
-0.403060 0.072554
-0.408430 0.072521
-0.414110 0.072487
-0.419790 0.072452
-0.425160 0.072417
-0.430590 0.072380
-0.436050 0.072342
-0.446890 0.072304
-0.457140 0.072264
-0.467090 0.072224
-0.471670 0.072183
-0.476520 0.072141
-0.481280 0.072098
-0.486130 0.072054
-0.491080 0.072010
-0.495410 0.071964
-0.504630 0.071918
-0.509230 0.071871
-0.513630 0.071823
-0.518080 0.071775
-0.522660 0.071725
-0.526900 0.071675
-0.531140 0.071624
-0.535300 0.071572
-0.539480 0.071519
-0.543510 0.071466
-0.547530 0.071411
-0.551530 0.071356
-0.555530 0.071299
-0.559560 0.071242
-0.563340 0.071183
-0.567370 0.071124
-0.571090 0.071064
-0.574880 0.071002
-0.578660 0.070939
-0.582440 0.070875
-0.586350 0.070810
-0.590200 0.070744
-0.593980 0.070677
-0.597550 0.070608
-0.601120 0.070538
-0.604630 0.070466
-0.608200 0.070393
-0.611740 0.070319
-0.615220 0.070243
-0.618910 0.070166
-0.622580 0.070087
-0.626090 0.070006
-0.629530 0.069924
-0.632890 0.069840
-0.639630 0.069755
-0.642900 0.069668
-0.646200 0.069578
-0.649430 0.069488
-0.652730 0.069395
-0.656050 0.069300
-0.659380 0.069204
-0.662520 0.069105
-0.665580 0.069005
-0.672080 0.068903
-0.678210 0.068798
-0.681350 0.068692
-0.684440 0.068584
-0.687670 0.068474
-0.690720 0.068361
-0.694050 0.068247
-0.697250 0.068130
-0.700490 0.068012
-0.703630 0.067891
-0.706710 0.067769
-0.709890 0.067644
-0.712970 0.067518
-0.716110 0.067389
-0.719130 0.067259
-0.722220 0.067126
-0.725330 0.066991
-0.728410 0.066855
-0.731400 0.066717
-0.740250 0.066576
-0.743240 0.066434
-0.746230 0.066291
-0.749130 0.066145
-0.752120 0.065998
-0.755050 0.065848
-0.757860 0.065698
-0.760700 0.065545
-0.763690 0.065391
-0.766860 0.065236
-0.769820 0.065079
-0.772870 0.064921
-0.775680 0.064761
-0.778610 0.064600
-0.781510 0.064437
-0.784350 0.064274
-0.787340 0.064109
-0.790090 0.063943
-0.795950 0.063776
-0.798780 0.063608
-0.801560 0.063439
-0.804460 0.063270
-0.807360 0.063099
-0.810200 0.062928
-0.813220 0.062756
-0.816000 0.062583
-0.818830 0.062410
-0.821890 0.062236
-0.824690 0.062061
-0.827650 0.061887
-0.833510 0.061711
-0.839370 0.061536
-0.842450 0.061360
-0.845260 0.061184
-0.848250 0.061008
-0.851240 0.060832
-0.854300 0.060655
-0.857320 0.060479
-0.860310 0.060302
-0.863390 0.060126
-0.866350 0.059950
-0.869340 0.059774
-0.872360 0.059598
-0.875320 0.059422
-0.878280 0.059247
-0.881270 0.059072
-0.884330 0.058897
-0.887350 0.058723
-0.890430 0.058549
-0.893480 0.058376
-0.896500 0.058203
-0.899370 0.058030
-0.902420 0.057858
-0.905350 0.057687
-0.908280 0.057516
-0.911300 0.057346
-0.914510 0.057176
-0.917560 0.057008
-0.920730 0.056839
-0.926810 0.056672
-0.930040 0.056505
-0.933120 0.056339
-0.936080 0.056173
-0.939010 0.056008
-0.942280 0.055844
-0.945420 0.055681
-0.948440 0.055519
-0.954940 0.055357
-0.958210 0.055196
-0.961290 0.055036
-0.964620 0.054876
-0.967790 0.054718
-0.971000 0.054560
-0.977740 0.054403
-0.980790 0.054247
-0.984060 0.054092
-0.990650 0.053937
-0.994040 0.053784
-0.997450 0.053631
-1.000900 0.053479
-1.004300 0.053327
-1.007900 0.053177
-1.011200 0.053027
-1.014700 0.052878
-1.018200 0.052730
-1.021700 0.052583
-1.025100 0.052436
-1.028600 0.052291
-1.032200 0.052146
-1.035700 0.052002
-1.039100 0.051858
-1.042800 0.051716
-1.050100 0.051574
-1.053900 0.051433
-1.057400 0.051293
-1.061000 0.051153
-1.065000 0.051014
-1.068800 0.050876
-1.072700 0.050739
-1.076700 0.050602
-1.080700 0.050466
-1.084600 0.050331
-1.088500 0.050197
-1.092400 0.050063
-1.096500 0.049930
-1.100400 0.049797
-1.104500 0.049666
-1.108600 0.049535
-1.112800 0.049404
-1.117200 0.049274
-1.121600 0.049145
-1.126000 0.049017
-1.130500 0.048889
-1.135200 0.048762
-1.139800 0.048635
-1.153800 0.048509
-1.158600 0.048384
-1.163200 0.048259
-1.168000 0.048135
-1.173200 0.048011
-1.178500 0.047888
-1.183100 0.047765
-1.188600 0.047643
-1.193900 0.047522
-1.205200 0.047401
-1.210800 0.047280
-1.216500 0.047160
-1.222200 0.047041
-1.227700 0.046922
-1.239100 0.046803
-1.245200 0.046685
-1.251400 0.046568
-1.257900 0.046451
-1.264100 0.046334
-1.270600 0.046218
-1.277300 0.046102
-1.284000 0.045987
-1.291000 0.045872
-1.298000 0.045758
-1.305700 0.045644
-1.313100 0.045530
-1.321200 0.045417
-1.328800 0.045305
-1.336600 0.045193
-1.344600 0.045081
-1.353300 0.044970
-1.362400 0.044859
-1.371600 0.044749
-1.381400 0.044635
-1.391600 0.044522
-1.401400 0.044409
-1.411800 0.044297
-1.422300 0.044186
-1.433400 0.044075
-1.445300 0.043965
-1.457600 0.043855
-1.484000 0.043746
-1.498500 0.043637
-1.528600 0.043528
-1.544800 0.043420
-1.561200 0.043313
-1.579200 0.043205
-1.597700 0.043098
-1.618700 0.042991
-1.640300 0.042885
-1.665000 0.042780
-1.690900 0.042675
-1.748700 0.042570
-1.785100 0.042466
-1.823900 0.042363
-1.869700 0.042261
-1.924400 0.042159
-1.971700 0.042058
-2.034600 0.041958
-2.311400 0.041860
-2.532400 0.041762
-11.092000 0.041667
