29.074000 0.033961
3.569000 0.033961
2.207300 0.033961
2.207300 0.033961
1.891000 0.033961
1.830900 0.033961
1.806100 0.033961
1.646300 0.033961
1.618300 0.033961
1.174700 0.033961
0.906110 0.033961
0.697410 0.033961
0.551400 0.033961
0.452530 0.033961
0.158760 0.033961
0.098948 0.033961
0.058863 0.033961
0.009669 0.033961
-0.034475 0.033961
-0.071798 0.033961
-0.113350 0.033961
-0.148570 0.033961
-0.180040 0.033961
-0.210770 0.033961
-0.239920 0.033961
-0.268440 0.033961
-0.294360 0.033961
-0.320000 0.033961
-0.342890 0.033961
-0.366480 0.033961
-0.385470 0.033961
-0.406240 0.033961
-0.422460 0.033961
-0.440310 0.033961
-0.456870 0.033961
-0.473120 0.033961
-0.489690 0.033961
-0.505120 0.033961
-0.533360 0.033961
-0.546590 0.033961
-0.561000 0.033961
-0.573140 0.033961
-0.585360 0.033961
-0.597920 0.033961
-0.611330 0.033961
-0.621400 0.033961
-0.632310 0.033961
-0.641960 0.033961
-0.663050 0.033961
-0.673670 0.033961
-0.683550 0.033961
-0.691370 0.033961
-0.717080 0.033961
-0.725000 0.033961
-0.732850 0.033961
-0.741450 0.033961
-0.748170 0.033961
-0.755190 0.033961
-0.769290 0.033961
-0.775810 0.033961
-0.782930 0.033961
-0.789370 0.033961
-0.796040 0.033961
-0.802330 0.033961
-0.808780 0.033961
-0.814140 0.033961
-0.820580 0.033961
-0.827760 0.033961
-0.833680 0.033961
-0.839390 0.033961
-0.844750 0.033961
-0.848910 0.033961
-0.853870 0.033961
-0.859580 0.033961
-0.865410 0.033961
-0.870580 0.033961
-0.874780 0.033961
-0.879930 0.033961
-0.885260 0.033961
-0.890490 0.033961
-0.895010 0.033961
-0.900490 0.033961
-0.905630 0.033961
-0.910620 0.033961
-0.919670 0.033961
-0.923730 0.033961
-0.932320 0.033961
-0.937030 0.033961
-0.941030 0.033961
-0.945870 0.033961
-0.950030 0.033961
-0.954980 0.033961
-0.958990 0.033961
-0.962790 0.033961
-0.969610 0.033961
-0.973100 0.033961
-0.976830 0.033961
-0.980670 0.033961
-0.984010 0.033961
-0.987810 0.033961
-0.995210 0.033961
-0.998310 0.033961
-1.001000 0.033961
-1.004800 0.033961
-1.007900 0.033961
-1.011500 0.033961
-1.014400 0.033961
-1.018000 0.033961
-1.021100 0.033961
-1.024100 0.033961
-1.027200 0.033961
-1.030100 0.033961
-1.033200 0.033961
-1.036300 0.033961
-1.039200 0.033961
-1.042100 0.033961
-1.048300 0.033961
-1.051700 0.033961
-1.054500 0.033961
-1.057000 0.033961
-1.060400 0.033961
-1.063100 0.033961
-1.065900 0.033961
-1.068500 0.033961
-1.071300 0.033961
-1.074400 0.033961
-1.077500 0.033961
-1.080200 0.033961
-1.082900 0.033961
-1.085700 0.033961
-1.090900 0.033961
-1.093900 0.033961
-1.096300 0.033961
-1.098600 0.033961
-1.100700 0.033961
-1.103200 0.033961
-1.105700 0.033961
-1.108000 0.033961
-1.110100 0.033961
-1.112500 0.033961
-1.115000 0.033961
-1.117400 0.033961
-1.119900 0.033961
-1.124400 0.033961
-1.126300 0.033961
-1.128700 0.033961
-1.131000 0.033961
-1.133400 0.033961
-1.135600 0.033961
-1.137900 0.033961
-1.140200 0.033961
-1.142300 0.033961
-1.144400 0.033961
-1.146800 0.033961
-1.151200 0.033961
-1.153200 0.033961
-1.154900 0.033961
-1.156800 0.033961
-1.158900 0.033961
-1.160900 0.033961
-1.162700 0.033961
-1.166900 0.033961
-1.168800 0.033961
-1.173100 0.033961
-1.175100 0.033961
-1.177600 0.033961
-1.179500 0.033961
-1.181300 0.033961
-1.183300 0.033961
-1.185300 0.033961
-1.187100 0.033961
-1.188900 0.033961
-1.190600 0.033961
-1.192300 0.033961
-1.194200 0.033961
-1.196300 0.033961
-1.198100 0.033961
-1.200200 0.033961
-1.202000 0.033961
-1.203700 0.033961
-1.205700 0.033961
-1.216900 0.033961
-1.227000 0.033961
-1.236500 0.033961
-1.246100 0.033961
-1.255700 0.033961
-1.264600 0.033961
-1.273300 0.033961
-1.282000 0.033961
-1.290400 0.033961
-1.298000 0.033961
-1.305500 0.033961
-1.320500 0.033961
-1.327600 0.033961
-1.334500 0.033961
-1.341300 0.033961
-1.348200 0.033961
-1.354800 0.033961
-1.361200 0.033961
-1.367400 0.033961
-1.373600 0.033961
-1.379700 0.033961
-1.385800 0.033961
-1.391700 0.033961
-1.397600 0.033961
-1.403300 0.033961
-1.409000 0.033961
-1.414400 0.033961
-1.424700 0.033961
-1.430200 0.033961
-1.440100 0.033961
-1.445400 0.033961
-1.450200 0.033961
-1.455100 0.033961
-1.460200 0.033961
-1.465200 0.033961
-1.470000 0.033961
-1.474600 0.033961
-1.479300 0.033961
-1.484100 0.033961
-1.488600 0.033961
-1.492800 0.033961
-1.497100 0.033961
-1.506000 0.033961
-1.510300 0.033961
-1.514800 0.033961
-1.518700 0.033961
-1.522800 0.033961
-1.531100 0.033961
-1.535000 0.033961
-1.538900 0.033961
-1.542900 0.033961
-1.547000 0.033961
-1.550700 0.033961
-1.554400 0.033961
-1.558000 0.033961
-1.561700 0.033961
-1.565500 0.033961
-1.569200 0.033961
-1.573000 0.033961
-1.576800 0.033961
-1.580500 0.033961
-1.584100 0.033961
-1.587600 0.033961
-1.591100 0.033961
-1.598500 0.033961
-1.601800 0.033961
-1.605300 0.033961
-1.608800 0.033961
-1.612400 0.033961
-1.615800 0.033961
-1.619200 0.033961
-1.629200 0.033961
-1.632600 0.033961
-1.636000 0.033961
-1.639300 0.033961
-1.642800 0.033961
-1.646200 0.033961
-1.649200 0.033961
-1.655500 0.033961
-1.661500 0.033961
-1.664700 0.033961
-1.667700 0.033961
-1.670800 0.033961
-1.674000 0.033961
-1.677000 0.033961
-1.680100 0.033961
-1.683200 0.033961
-1.689300 0.033961
-1.692400 0.033961
-1.695400 0.033961
-1.698500 0.033961
-1.701700 0.033961
-1.704700 0.033961
-1.707500 0.033961
-1.713500 0.033961
-1.716600 0.033961
-1.719600 0.033961
-1.722700 0.033961
-1.728400 0.033961
-1.731500 0.033961
-1.734500 0.033961
-1.737400 0.033961
-1.740200 0.033961
-1.743100 0.033961
-1.745900 0.033961
-1.748800 0.033961
-1.751500 0.033961
-1.754400 0.033961
-1.757300 0.033961
-1.760100 0.033961
-1.762900 0.033961
-1.765800 0.033961
-1.768600 0.033961
-1.771300 0.033961
-1.774200 0.033961
-1.777200 0.033961
-1.783000 0.033961
-1.785800 0.033961
-1.788700 0.033961
-1.791600 0.033961
-1.794300 0.033961
-1.797200 0.033961
-1.800000 0.033961
-1.802900 0.033961
-1.805800 0.033961
-1.808500 0.033961
-1.811300 0.033961
-1.814000 0.033961
-1.816800 0.033961
-1.819500 0.033961
-1.822400 0.033961
-1.825300 0.033961
-1.828100 0.033961
-1.830900 0.033961
-1.833500 0.033961
-1.836300 0.033961
-1.839100 0.033961
-1.841900 0.033961
-1.844600 0.033961
-1.847500 0.033961
-1.850300 0.033961
-1.853200 0.033960
-1.855900 0.033950
-1.858900 0.033846
-1.861700 0.033742
-1.864500 0.033640
-1.867500 0.033537
-1.870400 0.033435
-1.873300 0.033334
-1.878900 0.033233
-1.881700 0.033133
-1.884500 0.033034
-1.887400 0.032935
-1.890300 0.032836
-1.893200 0.032739
-1.896200 0.032641
-1.899100 0.032545
-1.902100 0.032449
-1.905100 0.032353
-1.908100 0.032259
-1.911000 0.032164
-1.914000 0.032071
-1.917000 0.031977
-1.919900 0.031885
-1.922900 0.031792
-1.928900 0.031701
-1.931900 0.031610
-1.934900 0.031519
-1.938100 0.031429
-1.941100 0.031340
-1.944200 0.031250
-1.947000 0.031162
-1.953300 0.031074
-1.959600 0.030986
-1.962600 0.030899
-1.965700 0.030813
-1.969100 0.030727
-1.972400 0.030641
-1.975700 0.030556
-1.978900 0.030472
-1.982200 0.030387
-1.985600 0.030304
-1.989100 0.030220
-1.992400 0.030138
-1.995600 0.030055
-1.998900 0.029973
-2.002300 0.029892
-2.005700 0.029811
-2.009200 0.029730
-2.012600 0.029650
-2.016200 0.029571
-2.023000 0.029491
-2.026500 0.029412
-2.029800 0.029334
-2.033300 0.029256
-2.036800 0.029178
-2.040300 0.029101
-2.043700 0.029024
-2.047300 0.028948
-2.050900 0.028872
-2.054500 0.028796
-2.058100 0.028721
-2.061800 0.028646
-2.065700 0.028572
-2.069400 0.028498
-2.073400 0.028424
-2.077400 0.028351
-2.081000 0.028278
-2.085000 0.028206
-2.089000 0.028133
-2.092800 0.028062
-2.096800 0.027990
-2.101200 0.027919
-2.109500 0.027849
-2.113600 0.027778
-2.117900 0.027708
-2.126900 0.027639
-2.131200 0.027569
-2.135700 0.027500
-2.140200 0.027432
-2.144500 0.027363
-2.149400 0.027295
-2.154100 0.027228
-2.158800 0.027161
-2.163700 0.027094
-2.173800 0.027027
-2.178600 0.026961
-2.183500 0.026895
-2.188900 0.026830
-2.194400 0.026764
-2.199900 0.026699
-2.205600 0.026635
-2.211300 0.026570
-2.216800 0.026506
-2.228700 0.026443
-2.235000 0.026379
-2.241300 0.026316
-2.247500 0.026253
-2.254300 0.026191
-2.261100 0.026128
-2.268000 0.026066
-2.275100 0.026005
-2.290400 0.025944
-2.298500 0.025883
-2.307700 0.025822
-2.316500 0.025761
-2.325500 0.025701
-2.334000 0.025641
-2.343900 0.025582
-2.354000 0.025522
-2.374600 0.025463
-2.386200 0.025404
-2.398100 0.025346
-2.411000 0.025288
-2.424400 0.025230
-2.438300 0.025172
-2.453500 0.025114
-2.469200 0.025057
-2.487300 0.025000
-2.524100 0.024944
-2.544900 0.024887
-2.568000 0.024831
-2.593700 0.024775
-2.621100 0.024720
-2.653200 0.024664
-2.690700 0.024609
-2.732800 0.024554
-2.781000 0.024499
-2.919000 0.024445
-3.028600 0.024390
-3.588700 0.024336
-7.912000 0.024283
