0.784310 0.105802
0.029584 0.105802
0.014539 0.105802
-0.166420 0.105802
-0.267000 0.105802
-0.416950 0.105802
-0.573320 0.105802
-0.639160 0.105802
-0.679430 0.105802
-0.740800 0.105802
-0.766920 0.105802
-0.791870 0.105802
-0.854010 0.105802
-0.872670 0.105802
-0.904740 0.105802
-0.922750 0.105802
-0.939000 0.105802
-0.954500 0.105802
-0.967330 0.105802
-0.993790 0.105802
-1.006600 0.105802
-1.029000 0.105802
-1.039400 0.105802
-1.050200 0.105802
-1.060500 0.105802
-1.070300 0.105802
-1.078700 0.105802
-1.095700 0.105802
-1.103700 0.105802
-1.111800 0.105802
-1.119000 0.105802
-1.126600 0.105802
-1.134300 0.105802
-1.141100 0.105802
-1.147100 0.105802
-1.153700 0.105802
-1.159500 0.105802
-1.165700 0.105802
-1.172600 0.105802
-1.177800 0.105802
-1.182700 0.105802
-1.208400 0.105802
-1.213100 0.105802
-1.217700 0.105802
-1.222400 0.105802
-1.227500 0.105802
-1.232000 0.105802
-1.235800 0.105802
-1.239700 0.105802
-1.243600 0.105802
-1.247500 0.105802
-1.251200 0.105802
-1.255000 0.105802
-1.258900 0.105802
-1.262300 0.105802
-1.265900 0.105802
-1.269500 0.105802
-1.275700 0.105802
-1.279100 0.105802
-1.282300 0.105802
-1.285500 0.105802
-1.288400 0.105802
-1.291400 0.105802
-1.294100 0.105802
-1.296600 0.105802
-1.299100 0.105802
-1.302100 0.105802
-1.304700 0.105802
-1.306900 0.105802
-1.309600 0.105802
-1.312200 0.105802
-1.314700 0.105802
-1.317200 0.105802
-1.319800 0.105802
-1.322100 0.105802
-1.324700 0.105802
-1.326900 0.105802
-1.329000 0.105802
-1.333200 0.105802
-1.335600 0.105802
-1.337700 0.105802
-1.339700 0.105802
-1.341800 0.105802
-1.343700 0.105802
-1.345700 0.105802
-1.349500 0.105802
-1.351500 0.105802
-1.353400 0.105802
-1.355600 0.105802
-1.357300 0.105802
-1.359500 0.105802
-1.363200 0.105802
-1.365500 0.105802
-1.367400 0.105802
-1.369000 0.105802
-1.370700 0.105802
-1.372300 0.105802
-1.373700 0.105802
-1.375400 0.105802
-1.378600 0.105802
-1.380500 0.105802
-1.382000 0.105801
-1.383800 0.105792
-1.385300 0.105698
-1.386700 0.104760
-1.389700 0.103822
-1.391200 0.102921
-1.392900 0.102056
-1.394300 0.101230
-1.397300 0.100450
-1.398700 0.099721
-1.400000 0.099019
-1.402600 0.098341
-1.403800 0.097688
-1.405200 0.097062
-1.406600 0.096463
-1.408200 0.095888
-1.409700 0.095337
-1.411100 0.094806
-1.412100 0.094196
-1.413500 0.093605
-1.414800 0.093032
-1.416100 0.092476
-1.417200 0.091938
-1.418400 0.091414
-1.419700 0.090905
-1.420900 0.090410
-1.422000 0.089927
-1.423000 0.089455
-1.424300 0.088991
-1.425500 0.088536
-1.426700 0.088087
-1.427700 0.087647
-1.428900 0.087216
-1.430200 0.086793
-1.431100 0.086377
-1.432100 0.085968
-1.433400 0.085565
-1.434700 0.085168
-1.435800 0.084777
-1.436700 0.084391
-1.437800 0.084010
-1.438800 0.083634
-1.440000 0.083262
-1.441000 0.082896
-1.442100 0.082534
-1.443100 0.082177
-1.444100 0.081825
-1.445200 0.081478
-1.446400 0.081137
-1.447500 0.080801
-1.448500 0.080471
-1.449500 0.080147
-1.451700 0.079829
-1.452600 0.079517
-1.453500 0.079212
-1.454600 0.078913
-1.455400 0.078621
-1.456400 0.078335
-1.457200 0.078057
-1.458100 0.077785
-1.459000 0.077521
-1.460000 0.077262
-1.460900 0.077011
-1.461900 0.076766
-1.463000 0.076526
-1.463900 0.076293
-1.464900 0.076066
-1.465800 0.075843
-1.466500 0.075626
-1.467600 0.075413
-1.468500 0.075204
-1.474200 0.075000
-1.479300 0.074798
-1.484500 0.074599
-1.489600 0.074403
-1.496800 0.074209
-1.501300 0.074016
-1.505500 0.073825
-1.509700 0.073634
-1.514000 0.073444
-1.518300 0.073253
-1.522100 0.073063
-1.529600 0.072871
-1.533500 0.072679
-1.537300 0.072487
-1.541100 0.072293
-1.548300 0.072098
-1.551600 0.071902
-1.555000 0.071705
-1.558200 0.071507
-1.561400 0.071309
-1.564500 0.071110
-1.567600 0.070912
-1.573800 0.070713
-1.576600 0.070516
-1.579600 0.070320
-1.582500 0.070127
-1.585400 0.069935
-1.588300 0.069747
-1.591200 0.069562
-1.594200 0.069382
-1.597000 0.069207
-1.599600 0.069037
-1.602300 0.068873
-1.604900 0.068716
-1.612400 0.068565
-1.615000 0.068422
-1.617500 0.068287
-1.619800 0.068159
-1.622300 0.068040
-1.624600 0.067928
-1.627100 0.067825
-1.629600 0.067730
-1.631800 0.067642
-1.634300 0.067562
-1.636600 0.067489
-1.638900 0.067422
-1.641200 0.067361
-1.643400 0.067304
-1.645700 0.067252
-1.647800 0.067204
-1.650100 0.067157
-1.652300 0.067113
-1.654500 0.067068
-1.656700 0.067024
-1.659000 0.066978
-1.661200 0.066930
-1.663500 0.066879
-1.667800 0.066824
-1.670100 0.066765
-1.672100 0.066700
-1.674200 0.066631
-1.676200 0.066555
-1.678200 0.066473
-1.680300 0.066384
-1.682300 0.066289
-1.684400 0.066188
-1.686300 0.066081
-1.688300 0.065969
-1.690300 0.065851
-1.692300 0.065729
-1.694300 0.065602
-1.696300 0.065472
-1.698300 0.065340
-1.700300 0.065206
-1.702200 0.065071
-1.704200 0.064936
-1.706100 0.064802
-1.708100 0.064669
-1.710100 0.064539
-1.711900 0.064411
-1.713800 0.064288
-1.715800 0.064168
-1.717700 0.064054
-1.719600 0.063945
-1.723200 0.063842
-1.725200 0.063744
-1.727000 0.063653
-1.728900 0.063567
-1.730900 0.063488
-1.732800 0.063414
-1.734700 0.063346
-1.736600 0.063283
-1.738400 0.063225
-1.740300 0.063171
-1.742100 0.063121
-1.744100 0.063073
-1.745800 0.063028
-1.747500 0.062985
-1.749300 0.062943
-1.751000 0.062900
-1.752800 0.062857
-1.754500 0.062813
-1.756300 0.062767
-1.759900 0.062718
-1.761600 0.062666
-1.763400 0.062610
-1.765200 0.062550
-1.766900 0.062484
-1.770400 0.062414
-1.773900 0.062338
-1.775700 0.062256
-1.777500 0.062168
-1.779200 0.062074
-1.781000 0.061974
-1.784300 0.061867
-1.786100 0.061754
-1.787900 0.061634
-1.789700 0.061509
-1.791500 0.061377
-1.793300 0.061240
-1.795100 0.061097
-1.796800 0.060949
-1.798600 0.060796
-1.800500 0.060639
-1.802300 0.060477
-1.804100 0.060312
-1.805900 0.060143
-1.807600 0.059971
-1.809400 0.059797
-1.811100 0.059620
-1.812800 0.059441
-1.814600 0.059261
-1.816300 0.059079
-1.818200 0.058896
-1.820000 0.058713
-1.821700 0.058529
-1.823500 0.058346
-1.825500 0.058162
-1.827300 0.057979
-1.829100 0.057796
-1.830900 0.057615
-1.832700 0.057434
-1.834400 0.057255
-1.836100 0.057078
-1.837900 0.056902
-1.839700 0.056729
-1.841600 0.056557
-1.843500 0.056389
-1.845300 0.056223
-1.847100 0.056060
-1.849000 0.055900
-1.850800 0.055743
-1.852700 0.055590
-1.854400 0.055441
-1.856200 0.055295
-1.858000 0.055154
-1.867400 0.055016
-1.869400 0.054883
-1.871200 0.054753
-1.873000 0.054629
-1.874900 0.054508
-1.876900 0.054392
-1.878700 0.054280
-1.880600 0.054173
-1.882500 0.054070
-1.884400 0.053971
-1.886300 0.053875
-1.888100 0.053784
-1.890200 0.053696
-1.892200 0.053611
-1.894200 0.053530
-1.898100 0.053451
-1.900000 0.053374
-1.901900 0.053299
-1.903900 0.053226
-1.905900 0.053154
-1.910000 0.053083
-1.914000 0.053012
-1.916100 0.052942
-1.918200 0.052871
-1.920300 0.052800
-1.922400 0.052727
-1.924700 0.052653
-1.926800 0.052578
-1.929000 0.052500
-1.931300 0.052421
-1.933500 0.052339
-1.935700 0.052254
-1.937900 0.052167
-1.940100 0.052077
-1.942300 0.051985
-1.944500 0.051889
-1.946800 0.051791
-1.949100 0.051690
-1.951400 0.051586
-1.953900 0.051479
-1.956300 0.051370
-1.958700 0.051258
-1.961000 0.051144
-1.963400 0.051028
-1.965900 0.050909
-1.968400 0.050789
-1.971000 0.050668
-1.973500 0.050545
-1.975900 0.050421
-1.978200 0.050296
-1.981000 0.050170
-1.983600 0.050043
-1.986300 0.049916
-1.989100 0.049789
-1.991700 0.049662
-1.994400 0.049534
-1.997200 0.049407
-2.000000 0.049280
-2.002900 0.049153
-2.005800 0.049027
-2.008800 0.048901
-2.011700 0.048775
-2.014900 0.048650
-2.017900 0.048526
-2.021200 0.048402
-2.024500 0.048279
-2.027700 0.048157
-2.030700 0.048035
-2.034200 0.047914
-2.037700 0.047793
-2.041000 0.047673
-2.044600 0.047553
-2.048000 0.047435
-2.051700 0.047316
-2.055700 0.047199
-2.059600 0.047082
-2.063600 0.046965
-2.067700 0.046849
-2.071600 0.046734
-2.075800 0.046619
-2.080100 0.046505
-2.084100 0.046391
-2.088300 0.046278
-2.092900 0.046165
-2.097200 0.046053
-2.102200 0.045942
-2.107100 0.045831
-2.112000 0.045721
-2.117300 0.045611
-2.122800 0.045501
-2.128200 0.045392
-2.133500 0.045284
-2.139200 0.045176
-2.145600 0.045069
-2.152400 0.044962
-2.158800 0.044856
-2.166500 0.044750
-2.173700 0.044644
-2.181700 0.044539
-2.198100 0.044434
-2.206800 0.044330
-2.226200 0.044226
-2.237300 0.044123
-2.249000 0.044020
-2.261500 0.043917
-2.275000 0.043815
-2.290400 0.043713
-2.308000 0.043610
-2.348800 0.043507
-2.373700 0.043405
-2.404900 0.043304
-2.439200 0.043203
-2.483100 0.043102
-2.533100 0.043002
-2.596000 0.042902
-2.681100 0.042803
-2.808400 0.042704
-2.975800 0.042606
-3.592200 0.042509
-4.643300 0.042412
-14.021000 0.042316
